 1.00000000e-02  5.00000000e-06
 1.03128316e-02  4.84832895e-06
 1.06354496e-02  4.70125871e-06
 1.09681601e-02  4.55864974e-06
 1.13112788e-02  4.42036670e-06
 1.16651313e-02  4.28627837e-06
 1.20300535e-02  4.15625750e-06
 1.24063916e-02  4.03018070e-06
 1.27945027e-02  3.90792835e-06
 1.31947552e-02  3.78938443e-06
 1.36075289e-02  3.67443645e-06
 1.40332154e-02  3.56297532e-06
 1.44722187e-02  3.45489527e-06
 1.49249555e-02  3.35009375e-06
 1.53918552e-02  3.24847130e-06
 1.58733611e-02  3.14993149e-06
 1.63699300e-02  3.05438080e-06
 1.68820332e-02  2.96172857e-06
 1.74101565e-02  2.87188687e-06
 1.79548012e-02  2.78477045e-06
 1.85164842e-02  2.70029664e-06
 1.90957383e-02  2.61838527e-06
 1.96931134e-02  2.53895862e-06
 2.03091762e-02  2.46194132e-06
 2.09445114e-02  2.38726027e-06
 2.15997219e-02  2.31484461e-06
 2.22754295e-02  2.24462563e-06
 2.29722754e-02  2.17653668e-06
 2.36909207e-02  2.11051316e-06
 2.44320476e-02  2.04649241e-06
 2.51963593e-02  1.98441368e-06
 2.59845810e-02  1.92421806e-06
 2.67974609e-02  1.86584842e-06
 2.76357701e-02  1.80924938e-06
 2.85003044e-02  1.75436723e-06
 2.93918840e-02  1.70114988e-06
 3.03113550e-02  1.64954684e-06
 3.12595900e-02  1.59950914e-06
 3.22374888e-02  1.55098930e-06
 3.32459793e-02  1.50394126e-06
 3.42860186e-02  1.45832039e-06
 3.53585937e-02  1.41408339e-06
 3.64647222e-02  1.37118829e-06
 3.76054540e-02  1.32959437e-06
 3.87818715e-02  1.28926218e-06
 3.99950910e-02  1.25015343e-06
 4.12462638e-02  1.21223101e-06
 4.25365773e-02  1.17545894e-06
 4.38672559e-02  1.13980232e-06
 4.52395623e-02  1.10522732e-06
 4.66547988e-02  1.07170112e-06
 4.81143084e-02  1.03919191e-06
 4.96194760e-02  1.00766885e-06
 5.11717301e-02  9.77102009e-07
 5.27725435e-02  9.47462392e-07
 5.44234355e-02  9.18721869e-07
 5.61259726e-02  8.90853167e-07
 5.78817704e-02  8.63829840e-07
 5.96924951e-02  8.37626245e-07
 6.15598650e-02  8.12217515e-07
 6.34856522e-02  7.87579539e-07
 6.54716840e-02  7.63688936e-07
 6.75198452e-02  7.40523037e-07
 6.96320794e-02  7.18059857e-07
 7.18103909e-02  6.96278079e-07
 7.40568469e-02  6.75157035e-07
 7.63735792e-02  6.54676681e-07
 7.87627861e-02  6.34817583e-07
 8.12267350e-02  6.15560896e-07
 8.37677640e-02  5.96888344e-07
 8.63882844e-02  5.78782211e-07
 8.90907830e-02  5.61225312e-07
 9.18778243e-02  5.44200989e-07
 9.47520530e-02  5.27693086e-07
 9.77161967e-02  5.11685937e-07
 1.00773068e-01  4.96164352e-07
 1.03925568e-01  4.81113604e-07
 1.07176689e-01  4.66519408e-07
 1.10529514e-01  4.52367916e-07
 1.13987227e-01  4.38645699e-07
 1.17553107e-01  4.25339736e-07
 1.21230540e-01  4.12437399e-07
 1.25023015e-01  3.99926445e-07
 1.28934130e-01  3.87795002e-07
 1.32967597e-01  3.76031558e-07
 1.37127243e-01  3.64624949e-07
 1.41417017e-01  3.53564352e-07
 1.45840988e-01  3.42839271e-07
 1.50403355e-01  3.32439528e-07
 1.55108448e-01  3.22355255e-07
 1.59960730e-01  3.12576881e-07
 1.64964807e-01  3.03095129e-07
 1.70125428e-01  2.93901001e-07
 1.75447489e-01  2.84985771e-07
 1.80936041e-01  2.76340980e-07
 1.86596292e-01  2.67958424e-07
 1.92433614e-01  2.59830150e-07
 1.98453546e-01  2.51948444e-07
 2.04661800e-01  2.44305826e-07
 2.11064268e-01  2.36895046e-07
 2.17667025e-01  2.29709069e-07
 2.24476338e-01  2.22741078e-07
 2.31498667e-01  2.15984461e-07
 2.38740677e-01  2.09432806e-07
 2.46209240e-01  2.03079896e-07
 2.53911443e-01  1.96919704e-07
 2.61854596e-01  1.90946383e-07
 2.70046235e-01  1.85154267e-07
 2.78494135e-01  1.79537859e-07
 2.87206312e-01  1.74091829e-07
 2.96191033e-01  1.68811011e-07
 3.05456825e-01  1.63690395e-07
 3.15012480e-01  1.58725121e-07
 3.24867066e-01  1.53910479e-07
 3.35029934e-01  1.49241900e-07
 3.45510729e-01  1.44714956e-07
 3.56319397e-01  1.40325352e-07
 3.67466194e-01  1.36068923e-07
 3.78961698e-01  1.31941632e-07
 3.90816818e-01  1.27939564e-07
 4.03042803e-01  1.24058922e-07
 4.15651256e-01  1.20296025e-07
 4.28654141e-01  1.16647305e-07
 4.42063797e-01  1.13109302e-07
 4.55892950e-01  1.09678660e-07
 4.70154722e-01  1.06352126e-07
 4.84862648e-01  1.03126547e-07
 5.00030684e-01  9.99988643e-08
 5.15673224e-01  9.69661135e-08
 5.31805113e-01  9.40254204e-08
 5.48441658e-01  9.11739984e-08
 5.65598646e-01  8.84091461e-08
 5.83292359e-01  8.57282446e-08
 6.01539588e-01  8.31287552e-08
 6.20357648e-01  8.06082169e-08
 6.39764396e-01  7.81642444e-08
 6.59778248e-01  7.57945253e-08
 6.80418197e-01  7.34968187e-08
 7.01703829e-01  7.12689526e-08
 7.23655342e-01  6.91088221e-08
 7.46293569e-01  6.70143875e-08
 7.69639990e-01  6.49836724e-08
 7.93716762e-01  6.30147619e-08
 8.18546731e-01  6.11058012e-08
 8.44153460e-01  5.92549932e-08
 8.70561248e-01  5.74605979e-08
 8.97795155e-01  5.57209300e-08
 9.25881025e-01  5.40343581e-08
 9.54845510e-01  5.23993028e-08
 9.84716096e-01  5.08142358e-08
 1.01552113e+00  4.92776786e-08
 1.04728984e+00  4.77882008e-08
 1.08005237e+00  4.63444197e-08
 1.11383983e+00  4.49449987e-08
 1.14868426e+00  4.35886467e-08
 1.18461873e+00  4.22741167e-08
 1.22167735e+00  4.10002056e-08
 1.25989528e+00  3.97657527e-08
 1.29930878e+00  3.85696396e-08
 1.33995527e+00  3.74107892e-08
 1.38187331e+00  3.62881652e-08
 1.42510267e+00  3.52007717e-08
 1.46968439e+00  3.41476529e-08
 1.51566076e+00  3.31278923e-08
 1.56307542e+00  3.21406133e-08
 1.61197336e+00  3.11849781e-08
 1.66240098e+00  3.02601883e-08
 1.71440614e+00  2.93654848e-08
 1.76803818e+00  2.85001475e-08
 1.82334800e+00  2.76634962e-08
 1.88038809e+00  2.68548903e-08
 1.93921257e+00  2.60737295e-08
 1.99987727e+00  2.53194540e-08
 2.06243975e+00  2.45915453e-08
 2.12695939e+00  2.38895266e-08
 2.19349740e+00  2.32129636e-08
 2.26211693e+00  2.25614648e-08
 2.33288310e+00  2.19346827e-08
 2.40586305e+00  2.13323141e-08
 2.48112606e+00  2.07541008e-08
 2.55874352e+00  2.01998301e-08
 2.63878910e+00  1.96693354e-08
 2.72133877e+00  1.91624959e-08
 2.80647085e+00  1.86792370e-08
 2.89426612e+00  1.82195298e-08
 2.98480792e+00  1.77833899e-08
 3.07818214e+00  1.73708764e-08
 3.17447741e+00  1.69820901e-08
 3.27378510e+00  1.66171705e-08
 3.37619944e+00  1.62762929e-08
 3.48181763e+00  1.59596642e-08
 3.59073989e+00  1.56675177e-08
 3.70306958e+00  1.54001078e-08
 3.81891330e+00  1.51577033e-08
 3.93838098e+00  1.49405800e-08
 4.06158599e+00  1.47490135e-08
 4.18864524e+00  1.45832703e-08
 4.31967930e+00  1.44436006e-08
 4.45481252e+00  1.43302297e-08
 4.59417313e+00  1.42433508e-08
 4.73789339e+00  1.41831184e-08
 4.88610967e+00  1.41496432e-08
 5.03896263e+00  1.41429877e-08
 5.19659730e+00  1.41631647e-08
 5.35916329e+00  1.42101360e-08
 5.52681486e+00  1.42838145e-08
 5.69971109e+00  1.43840669e-08
 5.87801607e+00  1.45107183e-08
 6.06189899e+00  1.46635585e-08
 6.25153435e+00  1.48423487e-08
 6.44710211e+00  1.50468295e-08
 6.64878784e+00  1.52767288e-08
 6.85678294e+00  1.55317698e-08
 7.07128478e+00  1.58116794e-08
 7.29249692e+00  1.61161952e-08
 7.52062927e+00  1.64450726e-08
 7.75589832e+00  1.67980910e-08
 7.99852734e+00  1.71750588e-08
 8.24874655e+00  1.75758183e-08
 8.50679342e+00  1.80002492e-08
 8.77291280e+00  1.84482713e-08
 9.04735724e+00  1.89198474e-08
 9.33038717e+00  1.94149840e-08
 9.62227117e+00  1.99337332e-08
 9.92328623e+00  2.04761927e-08
 1.02337180e+01  2.10425063e-08
 1.05538610e+01  2.16328641e-08
 1.08840192e+01  2.22475016e-08
 1.12245057e+01  2.28866999e-08
 1.15756437e+01  2.35507844e-08
 1.19377664e+01  2.42401251e-08
 1.23112175e+01  2.49551349e-08
 1.26963513e+01  2.56962698e-08
 1.30935333e+01  2.64640277e-08
 1.35031404e+01  2.72589479e-08
 1.39255613e+01  2.80816107e-08
 1.43611969e+01  2.89326367e-08
 1.48104605e+01  2.98126866e-08
 1.52737785e+01  3.07224607e-08
 1.57515906e+01  3.16626987e-08
 1.62443501e+01  3.26341797e-08
 1.67525247e+01  3.36377217e-08
 1.72765966e+01  3.46741823e-08
 1.78170632e+01  3.57444580e-08
 1.83744372e+01  3.68494851e-08
 1.89492477e+01  3.79902397e-08
 1.95420401e+01  3.91677378e-08
 2.01533769e+01  4.03830364e-08
 2.07838382e+01  4.16372332e-08
 2.14340223e+01  4.29314678e-08
 2.21045463e+01  4.42669223e-08
 2.27960464e+01  4.56448218e-08
 2.35091788e+01  4.70664354e-08
 2.42446202e+01  4.85330770e-08
 2.50030685e+01  5.00461063e-08
 2.57852435e+01  5.16069300e-08
 2.65918874e+01  5.32170023e-08
 2.74237657e+01  5.48778270e-08
 2.82816678e+01  5.65909578e-08
 2.91664078e+01  5.83580003e-08
 3.00788252e+01  6.01806126e-08
 3.10197859e+01  6.20605076e-08
 3.19901828e+01  6.39994539e-08
 3.29909369e+01  6.59992773e-08
 3.40229977e+01  6.80618629e-08
 3.50873446e+01  7.01891563e-08
 3.61849876e+01  7.23831655e-08
 3.73169684e+01  7.46459629e-08
 3.84843611e+01  7.69796869e-08
 3.96882735e+01  7.93865440e-08
 4.09298482e+01  8.18688109e-08
 4.22102632e+01  8.44288365e-08
 4.35307336e+01  8.70690439e-08
 4.48925126e+01  8.97919330e-08
 4.62968923e+01  9.26000826e-08
 4.77452054e+01  9.54961530e-08
 4.92388263e+01  9.84828880e-08
 5.07791724e+01  1.01563118e-07
 5.23677054e+01  1.04739763e-07
 5.40059328e+01  1.08015833e-07
 5.56954091e+01  1.11394436e-07
 5.74377375e+01  1.14878773e-07
 5.92345715e+01  1.18472150e-07
 6.10876161e+01  1.22177974e-07
 6.29986298e+01  1.25999759e-07
 6.49694260e+01  1.29941131e-07
 6.70018750e+01  1.34005828e-07
 6.90979055e+01  1.38197705e-07
 7.12595063e+01  1.42520740e-07
 7.34887289e+01  1.46979033e-07
 7.57876886e+01  1.51576813e-07
 7.81585671e+01  1.56318443e-07
 8.06036141e+01  1.61208422e-07
 8.31251499e+01  1.66251388e-07
 8.57255673e+01  1.71452127e-07
 8.84073340e+01  1.76815573e-07
 9.11729948e+01  1.82346814e-07
 9.40251743e+01  1.88051100e-07
 9.69665789e+01  1.93933843e-07
 1.00000000e+02  2.00000625e-07
