   0.0000000e+00   7.5000000e+01   2.5200000e+02   9.3285651e+02   3.9775153e+00   1.9643548e+00   5.0862337e+06
   3.1066278e-01   9.6885990e+01   2.4905289e+02   9.3285651e+02   3.9787999e+00   1.9649892e+00   1.3632544e+05
   6.2132556e-01   1.2515860e+02   2.4612853e+02   9.3273305e+02   3.9811556e+00   1.9661526e+00   8.2760389e+03
   9.3198834e-01   1.6168153e+02   2.4321422e+02   9.3258487e+02   3.9857012e+00   1.9683975e+00   9.4607589e+02
   1.2426511e+00   2.0886234e+02   2.4031084e+02   9.3240715e+02   3.9946594e+00   1.9728216e+00   1.7652185e+02
   1.5533139e+00   2.6981113e+02   2.3741930e+02   9.3219399e+02   4.0107399e+00   1.9807633e+00   4.8125658e+01
   1.8639767e+00   2.6981549e+02   2.3454049e+02   9.3193817e+02   4.0106671e+00   1.9807273e+00   4.8122194e+01
   2.1746395e+00   2.6981985e+02   2.3167528e+02   9.3163080e+02   4.0105944e+00   1.9806914e+00   4.8118732e+01
   2.4853022e+00   2.6982421e+02   2.2882455e+02   9.3126099e+02   4.0105216e+00   1.9806554e+00   4.8115269e+01
   2.7959650e+00   2.6982857e+02   2.2598914e+02   9.3081547e+02   4.0104488e+00   1.9806195e+00   4.8111807e+01
   3.1066278e+00   2.6983293e+02   2.2316986e+02   9.3027813e+02   4.0103761e+00   1.9805836e+00   4.8108346e+01
   3.4172906e+00   2.6983729e+02   2.2036748e+02   9.2962966e+02   4.0103033e+00   1.9805476e+00   4.8104884e+01
   3.7279534e+00   2.6984165e+02   2.1758272e+02   9.2884739e+02   4.0102305e+00   1.9805117e+00   4.8101424e+01
   4.0386161e+00   2.6984600e+02   2.1481624e+02   9.2790549e+02   4.0101578e+00   1.9804757e+00   4.8097963e+01
   4.3492789e+00   2.6985036e+02   2.1206862e+02   9.2677586e+02   4.0100850e+00   1.9804398e+00   4.8094504e+01
   4.6599417e+00   2.6985472e+02   2.0934037e+02   9.2543038e+02   4.0100122e+00   1.9804039e+00   4.8091044e+01
   4.9706045e+00   2.6985908e+02   2.0663193e+02   9.2384484e+02   4.0099395e+00   1.9803679e+00   4.8087585e+01
   5.2812673e+00   2.6986344e+02   2.0394366e+02   9.2200523e+02   4.0098667e+00   1.9803320e+00   4.8084127e+01
   5.5919300e+00   2.6986780e+02   2.0127592e+02   9.1991619e+02   4.0097939e+00   1.9802961e+00   4.8080668e+01
   5.9025928e+00   2.7310000e+02   1.9862904e+02   9.1761021e+02   4.0106435e+00   1.9807156e+00   4.5612486e+01
   6.1116982e+00   2.7310000e+02   1.9701215e+02   1.0029406e+03   1.4093973e+00   0.0000000e+00   0.0000000e+00
   6.3208035e+00   2.7310000e+02   1.9540483e+02   1.0030459e+03   1.4097438e+00   0.0000000e+00   0.0000000e+00
   6.5299089e+00   2.7310000e+02   1.9380728e+02   1.0031511e+03   1.4100904e+00   0.0000000e+00   0.0000000e+00
   6.7390142e+00   2.7310000e+02   1.9221969e+02   1.0032563e+03   1.4104371e+00   0.0000000e+00   0.0000000e+00
   6.9481196e+00   2.7310000e+02   1.9064225e+02   1.0033614e+03   1.4107839e+00   0.0000000e+00   0.0000000e+00
   7.1572249e+00   2.7310000e+02   1.8907514e+02   3.3638139e+03   4.3358027e+00   2.4806755e+00   1.1382125e+13
   8.0171719e+00   2.7338551e+02   1.8716529e+02   3.3638139e+03   4.3357970e+00   2.4806525e+00   1.1051307e+13
   8.8597948e+00   2.7366813e+02   1.8525544e+02   3.3638227e+03   4.3357909e+00   2.4806296e+00   1.0733699e+13
   9.6849156e+00   2.7394784e+02   1.8334559e+02   3.3638310e+03   4.3357844e+00   2.4806068e+00   1.0428684e+13
   1.0492347e+01   2.7422466e+02   1.8143574e+02   3.3638390e+03   4.3357775e+00   2.4805841e+00   1.0135680e+13
   1.1281892e+01   2.7449858e+02   1.7952589e+02   3.3638467e+03   4.3357701e+00   2.4805614e+00   9.8541346e+12
   1.2053349e+01   2.7476960e+02   1.7761604e+02   3.3638539e+03   4.3357622e+00   2.4805389e+00   9.5835244e+12
   1.2806503e+01   2.7503772e+02   1.7570619e+02   3.3638607e+03   4.3357797e+00   2.4805348e+00   9.3233525e+12
   1.3541132e+01   2.7530294e+02   1.7379634e+02   3.3638767e+03   4.3359479e+00   2.4806390e+00   9.0731478e+12
   1.4257008e+01   2.7556526e+02   1.7188649e+02   3.3639488e+03   4.3361068e+00   2.4807370e+00   8.8324633e+12
   1.4953898e+01   2.7582469e+02   1.6997664e+02   3.3640172e+03   4.3362566e+00   2.4808289e+00   8.6008746e+12
   1.5631548e+01   2.7608122e+02   1.6806679e+02   3.3640819e+03   4.3363979e+00   2.4809151e+00   8.3779787e+12
   1.6289692e+01   2.7633484e+02   1.6615694e+02   3.3641432e+03   4.3365310e+00   2.4809959e+00   8.1633925e+12
   1.6928049e+01   2.7658557e+02   1.6424709e+02   3.3642012e+03   4.3366562e+00   2.4810714e+00   7.9567520e+12
   1.7546328e+01   2.7683340e+02   1.6233725e+02   3.3642560e+03   4.3367739e+00   2.4811420e+00   7.7577113e+12
   1.8144225e+01   2.7707834e+02   1.6042740e+02   3.3643078e+03   4.3368844e+00   2.4812080e+00   7.5659414e+12
   1.8721418e+01   2.7732037e+02   1.5851755e+02   3.3643567e+03   7.5897294e+00   4.3422218e+00   7.3811294e+12
   1.9277574e+01   2.7755950e+02   1.5660770e+02   3.3644027e+03   7.5898999e+00   4.3423224e+00   7.2029774e+12
   1.9812339e+01   2.7779574e+02   1.5469785e+02   3.3644462e+03   7.5900598e+00   4.3424162e+00   7.0312020e+12
   2.0325347e+01   2.7802908e+02   1.5278800e+02   3.3644871e+03   7.5902098e+00   4.3425038e+00   6.8655333e+12
   2.0816208e+01   2.7825952e+02   1.5087815e+02   3.3645256e+03   7.5903506e+00   4.3425856e+00   6.7057142e+12
   2.1284517e+01   2.7848706e+02   1.4896830e+02   3.3645619e+03   7.5904827e+00   4.3426620e+00   6.5514998e+12
   2.1729846e+01   2.7871170e+02   1.4705845e+02   3.3645960e+03   7.5906068e+00   4.3427337e+00   6.4026564e+12
   2.2151746e+01   2.7893344e+02   1.4514860e+02   3.3646282e+03   7.5907235e+00   4.3428009e+00   6.2589613e+12
   2.2549741e+01   2.7915229e+02   1.4323875e+02   3.3646584e+03   7.5908334e+00   4.3428642e+00   6.1202022e+12
   2.2923334e+01   2.7936823e+02   1.4132890e+02   3.3646870e+03   7.5909373e+00   4.3429241e+00   5.9861763e+12
   2.3271999e+01   2.7958128e+02   1.3941905e+02   3.3647140e+03   7.5910357e+00   4.3429811e+00   5.8566899e+12
   2.3595180e+01   2.7979143e+02   1.3750920e+02   3.3647394e+03   7.5911293e+00   4.3430355e+00   5.7315582e+12
   2.3892292e+01   2.7999868e+02   1.3559935e+02   3.3647636e+03   7.5912188e+00   4.3430880e+00   5.6106045e+12
   2.4162716e+01   2.8020303e+02   1.3368950e+02   3.3647865e+03   7.5913047e+00   4.3431390e+00   5.4936599e+12
   2.4405797e+01   2.8040449e+02   1.3177965e+02   3.3648083e+03   7.5913877e+00   4.3431890e+00   5.3805629e+12
   2.4620843e+01   2.8060304e+02   1.2986980e+02   3.3648292e+03   7.5914685e+00   4.3432384e+00   5.2711588e+12
   2.4807119e+01   2.8079870e+02   1.2795995e+02   3.3648492e+03   7.5915478e+00   4.3432879e+00   5.1652997e+12
   2.4963849e+01   2.8099145e+02   1.2605010e+02   3.3648686e+03   7.5916261e+00   4.3433378e+00   5.0628437e+12
   2.5090207e+01   2.8118131e+02   1.2414025e+02   3.3648874e+03   7.5917043e+00   4.3433888e+00   4.9636549e+12
   2.5185317e+01   2.8136827e+02   1.2223040e+02   3.3649058e+03   7.5917829e+00   4.3434413e+00   4.8676029e+12
   2.5248248e+01   2.8155233e+02   1.2032055e+02   3.3649239e+03   7.5918627e+00   4.3434959e+00   4.7745627e+12
   2.5278007e+01   2.8173350e+02   1.1841070e+02   3.3649419e+03   7.5919444e+00   4.3435530e+00   4.6844139e+12
   2.5273541e+01   2.8191176e+02   1.1650085e+02   3.3649598e+03   7.5920287e+00   4.3436134e+00   4.5970411e+12
   2.5233723e+01   2.8208713e+02   1.1459100e+02   3.3649779e+03   7.5921164e+00   4.3436775e+00   4.5123331e+12
   2.5157353e+01   2.8225959e+02   1.1268115e+02   3.3649962e+03   7.5922081e+00   4.3437459e+00   4.4301828e+12
   2.5043148e+01   2.8242916e+02   1.1077130e+02   3.3650150e+03   7.5923047e+00   4.3438193e+00   4.3504870e+12
   2.4889736e+01   2.8259583e+02   1.0886145e+02   3.3650343e+03   7.5924069e+00   4.3438981e+00   4.2731462e+12
   2.4695648e+01   2.8275960e+02   1.0695160e+02   3.3650544e+03   7.5925156e+00   4.3439832e+00   4.1980641e+12
   2.4459308e+01   2.8292047e+02   1.0504175e+02   3.3650753e+03   7.5926316e+00   4.3440751e+00   4.1251477e+12
   2.4179025e+01   2.8307845e+02   1.0313190e+02   3.3650973e+03   7.5927557e+00   4.3441745e+00   4.0543067e+12
   2.3852983e+01   2.8323352e+02   1.0122205e+02   3.3651204e+03   7.5928889e+00   4.3442822e+00   3.9854537e+12
   2.3479225e+01   2.8338570e+02   9.9312197e+01   3.3651449e+03   7.5930321e+00   4.3443988e+00   3.9185035e+12
   2.3055644e+01   2.8353498e+02   9.7402347e+01   3.3651710e+03   7.5931863e+00   4.3445252e+00   3.8533734e+12
   2.2579966e+01   2.8368136e+02   9.5492497e+01   3.3651987e+03   7.5933524e+00   4.3446622e+00   3.7899826e+12
   2.2049730e+01   2.8382484e+02   9.3582647e+01   3.3652284e+03   7.5935315e+00   4.3448105e+00   3.7282518e+12
   2.1462277e+01   2.8396542e+02   9.1672797e+01   3.3652602e+03   7.5937249e+00   4.3449712e+00   3.6681037e+12
   2.0814721e+01   2.8410311e+02   8.9762947e+01   3.3652943e+03   7.5939335e+00   4.3451451e+00   3.6094620e+12
   2.0103927e+01   2.8423789e+02   8.7853097e+01   3.3653309e+03   7.5941587e+00   4.3453334e+00   3.5522516e+12
   1.9326486e+01   2.8436978e+02   8.5943247e+01   3.3653703e+03   7.5944018e+00   4.3455370e+00   3.4963981e+12
   1.8478683e+01   2.8449877e+02   8.4033397e+01   3.3654126e+03   7.5946643e+00   4.3457571e+00   3.4418277e+12
   1.7556459e+01   2.8462485e+02   8.2123547e+01   3.3654582e+03   7.5949475e+00   4.3459949e+00   3.3884669e+12
   1.6555374e+01   2.8474805e+02   8.0213698e+01   3.3655073e+03   7.5952531e+00   4.3462518e+00   3.3362420e+12
   1.5470561e+01   2.8486834e+02   7.8303848e+01   3.3655603e+03   7.5955829e+00   4.3465292e+00   3.2850793e+12
   1.4296670e+01   2.8498573e+02   7.6393998e+01   3.3656173e+03   7.5959387e+00   4.3468286e+00   3.2349039e+12
   1.3027811e+01   2.8510023e+02   7.4484148e+01   3.3656788e+03   7.5963226e+00   4.3471517e+00   3.1856403e+12
   1.1657480e+01   2.8521182e+02   7.2574298e+01   3.3657451e+03   7.5967367e+00   4.3475003e+00   3.1372112e+12
   1.0178481e+01   2.8532052e+02   7.0664448e+01   3.3658166e+03   7.5971834e+00   4.3478764e+00   3.0895374e+12
   8.5828283e+00   2.8542632e+02   6.8754598e+01   3.3658937e+03   7.5976655e+00   4.3482823e+00   3.0425372e+12
   6.8616352e+00   2.8552922e+02   6.6844748e+01   3.3659768e+03   7.5981856e+00   4.3487202e+00   2.9961260e+12
   5.0049857e+00   2.8562922e+02   6.4934898e+01   3.3660666e+03   7.5987472e+00   4.3491930e+00   2.9502154e+12
   3.0017789e+00   2.8572632e+02   6.3025048e+01   3.3661635e+03   7.5993537e+00   4.3497035e+00   2.9047124e+12
   8.3954734e-01   2.8582053e+02   6.1115198e+01   3.3662682e+03   7.6000090e+00   4.3502551e+00   2.8595190e+12
  -1.4957599e+00   2.8591184e+02   5.9205348e+01   3.3663813e+03   7.6007177e+00   4.3508513e+00   2.8145307e+12
  -4.0200370e+00   2.8600024e+02   5.7295498e+01   3.3665037e+03   7.6014845e+00   4.3514965e+00   2.7696357e+12
  -6.7513337e+00   2.8608575e+02   5.5385648e+01   3.3666361e+03   7.6023152e+00   4.3521953e+00   2.7247136e+12
  -9.7102335e+00   2.8616836e+02   5.3475798e+01   3.3667796e+03   7.6032161e+00   4.3529530e+00   2.6796336e+12
  -1.2920315e+01   2.8624807e+02   5.1565948e+01   3.3669353e+03   7.6041943e+00   4.3537758e+00   2.6342529e+12
  -1.6408714e+01   2.8632489e+02   4.9656098e+01   3.3671043e+03   7.6052583e+00   4.3546705e+00   2.5884148e+12
  -2.0206828e+01   2.8639880e+02   4.7746249e+01   3.3672882e+03   7.6064176e+00   4.3556452e+00   2.5419456e+12
  -2.4351177e+01   2.8646982e+02   4.5836399e+01   3.3674886e+03   7.6076832e+00   4.3567093e+00   2.4946521e+12
  -2.8884499e+01   2.8653793e+02   4.3926549e+01   3.3677074e+03   7.6090682e+00   4.3578736e+00   2.4463178e+12
  -3.3857130e+01   2.8660315e+02   4.2016699e+01   3.3679468e+03   7.6105877e+00   4.3591510e+00   2.3966988e+12
  -3.9328772e+01   2.8666547e+02   4.0106849e+01   3.3682095e+03   7.6122597e+00   4.3605566e+00   2.3455179e+12
  -4.5370774e+01   2.8672489e+02   3.8196999e+01   3.3684985e+03   7.6141057e+00   4.3621086e+00   2.2924588e+12
  -5.2069120e+01   2.8678142e+02   3.6287149e+01   3.3688176e+03   7.6161515e+00   4.3638286e+00   2.2371582e+12
  -5.9528381e+01   2.8683504e+02   3.4377299e+01   3.3691713e+03   7.6184287e+00   4.3657433e+00   2.1791954e+12
  -6.7877024e+01   2.8688577e+02   3.2467449e+01   3.3695648e+03   7.6209756e+00   4.3678850e+00   2.1180814e+12
  -7.7274647e+01   2.8693359e+02   3.0557599e+01   3.3700049e+03   7.6238402e+00   4.3702942e+00   2.0532430e+12
  -8.7922018e+01   2.8697852e+02   2.8647749e+01   3.3704998e+03   7.6270826e+00   4.3730215e+00   1.9840052e+12
  -1.0007525e+02   2.8702055e+02   2.6737899e+01   3.3710598e+03   7.6307796e+00   4.3761317e+00   1.9095678e+12
  -1.1406627e+02   2.8705968e+02   2.4828049e+01   3.3716981e+03   7.6350305e+00   4.3797085e+00   1.8289774e+12
  -1.3033313e+02   2.8709592e+02   2.2918199e+01   3.3724319e+03   7.6399664e+00   4.3838625e+00   1.7410930e+12
  -1.4946601e+02   2.8712925e+02   2.1008349e+01   3.3732837e+03   7.6457639e+00   4.3887426e+00   1.6445458e+12
  -1.7227952e+02   2.8715968e+02   1.9098499e+01   3.3742838e+03   7.6526668e+00   4.3945546e+00   1.5376940e+12
  -1.9993046e+02   2.8718722e+02   1.7188649e+01   3.3754742e+03   7.6610212e+00   4.4015901e+00   1.4185821e+12
  -2.3411832e+02   2.8721186e+02   1.5278800e+01   3.3769144e+03   7.6713354e+00   4.4102780e+00   1.2849216e+12
  -2.7744520e+02   2.8723360e+02   1.3368950e+01   3.3786918e+03   7.6843879e+00   4.4212748e+00   1.1341498e+12
  -3.3410532e+02   2.8725244e+02   1.1459100e+01   3.3809403e+03   7.7014332e+00   4.4356386e+00   9.6369521e+11
  -4.1131844e+02   2.8726838e+02   9.5492497e+00   3.3838756e+03   7.7246309e+00   4.4551908e+00   7.7178484e+11
  -5.2264433e+02   2.8728143e+02   7.6393998e+00   3.3878691e+03   7.7580368e+00   4.4833523e+00   5.5962825e+11
  -6.9684087e+02   2.8729157e+02   5.7295498e+00   3.3936184e+03   7.8102528e+00   4.5273779e+00   3.3697233e+11
  -1.0070973e+03   2.8729882e+02   3.8196999e+00   3.4026026e+03   7.9031705e+00   4.6057313e+00   1.3448537e+11
  -1.7070784e+03   2.8730317e+02   1.9098499e+00   3.4185864e+03   8.1126625e+00   4.7824051e+00   1.5711017e+10
  -4.5202384e+03             NaN   0.0000000e+00   3.4546177e+03             NaN             NaN             NaN
  -4.5202384e+03             NaN   0.0000000e+00   8.0000000e+03             NaN             NaN   1.0000000e+04
             NaN             NaN   0.0000000e+00             NaN             NaN             NaN   1.0000000e+04
             NaN             NaN   0.0000000e+00             NaN             NaN             NaN   1.0000000e+04
             NaN             NaN   0.0000000e+00             NaN             NaN             NaN   1.0000000e+04
             NaN             NaN   0.0000000e+00             NaN             NaN             NaN   1.0000000e+04
             NaN             NaN   0.0000000e+00             NaN             NaN             NaN   1.0000000e+04
             NaN             NaN   0.0000000e+00             NaN             NaN             NaN   1.0000000e+04
             NaN             NaN   0.0000000e+00             NaN             NaN             NaN   1.0000000e+04
             NaN             NaN   0.0000000e+00             NaN             NaN             NaN   1.0000000e+04
             NaN             NaN   0.0000000e+00             NaN             NaN             NaN   1.0000000e+04
