   0.0000000e+00   1.0200000e+02   1.5610000e+03   9.3203867e+02   3.9792509e+00   1.9652120e+00   7.2886017e+04
   1.9704829e-01   1.0551817e+02   1.5608391e+03   9.3203867e+02   3.9794790e+00   1.9653246e+00   4.9217433e+04
   3.9409658e-01   1.0915768e+02   1.5606783e+03   9.3192124e+02   3.9797297e+00   1.9654484e+00   3.3672808e+04
   5.9114487e-01   1.1292273e+02   1.5605174e+03   9.3179214e+02   3.9800054e+00   1.9655845e+00   2.3331128e+04
   7.8819317e-01   1.1681764e+02   1.5603566e+03   9.3165022e+02   3.9803085e+00   1.9657343e+00   1.6364584e+04
   9.8524146e-01   1.2084690e+02   1.5601957e+03   9.3149420e+02   3.9806418e+00   1.9658989e+00   1.1614750e+04
   1.1822897e+00   1.2501513e+02   1.5600348e+03   9.3132266e+02   3.9810084e+00   1.9660799e+00   8.3383319e+03
   1.3793380e+00   1.2932713e+02   1.5598740e+03   9.3113404e+02   3.9814116e+00   1.9662790e+00   6.0526757e+03
   1.5763863e+00   1.3378786e+02   1.5597131e+03   9.3092661e+02   3.9818551e+00   1.9664981e+00   4.4407318e+03
   1.7734346e+00   1.3840245e+02   1.5595522e+03   9.3069846e+02   3.9823432e+00   1.9667391e+00   3.2918946e+03
   1.9704829e+00   1.4317621e+02   1.5593912e+03   9.3044750e+02   3.9828802e+00   1.9670043e+00   2.4647451e+03
   2.1675312e+00   1.4811462e+02   1.5592303e+03   9.3017145e+02   3.9834711e+00   1.9672962e+00   1.8633237e+03
   2.3645795e+00   1.5322336e+02   1.5590693e+03   9.2986781e+02   3.9841215e+00   1.9676174e+00   1.4218543e+03
   2.5616278e+00   1.5850832e+02   1.5589082e+03   9.2953387e+02   3.9848371e+00   1.9679708e+00   1.0948064e+03
   2.7586761e+00   1.6397556e+02   1.5587472e+03   9.2916672e+02   3.9856243e+00   1.9683595e+00   8.5036312e+02
   2.9557244e+00   1.6963138e+02   1.5585861e+03   9.2876324e+02   3.9864899e+00   1.9687870e+00   6.6608586e+02
   3.1527727e+00   1.7548228e+02   1.5584249e+03   9.2832012e+02   3.9874412e+00   1.9692569e+00   5.2600845e+02
   3.3498210e+00   1.8153498e+02   1.5582637e+03   9.2783392e+02   3.9884859e+00   1.9697728e+00   4.1867210e+02
   3.5468692e+00   1.8779646e+02   1.5581024e+03   9.2730110e+02   3.9896316e+00   1.9703386e+00   3.3578408e+02
   3.7439175e+00   1.9427390e+02   1.5579410e+03   9.2671808e+02   3.9908863e+00   1.9709583e+00   2.7129439e+02
   3.9409658e+00   2.0097476e+02   1.5577796e+03   9.2608141e+02   3.9922580e+00   1.9716357e+00   2.2075452e+02
   4.1380141e+00   2.0790675e+02   1.5576180e+03   9.2538782e+02   3.9937538e+00   1.9723744e+00   1.8086875e+02
   4.3350624e+00   2.1507784e+02   1.5574564e+03   9.2463446e+02   3.9953805e+00   1.9731778e+00   1.4917741e+02
   4.5321107e+00   2.2249627e+02   1.5572946e+03   9.2381908e+02   3.9971433e+00   1.9740484e+00   1.2383174e+02
   4.7291590e+00   2.3017057e+02   1.5571327e+03   9.2294027e+02   3.9990458e+00   1.9749880e+00   1.0343257e+02
   4.9262073e+00   2.3810958e+02   1.5569707e+03   9.2199779e+02   4.0010892e+00   1.9759971e+00   8.6913872e+01
   5.1232556e+00   2.4632242e+02   1.5568086e+03   9.2099280e+02   4.0032716e+00   1.9770749e+00   7.3458233e+01
   5.3203039e+00   2.5481853e+02   1.5566462e+03   9.1992822e+02   4.0055874e+00   1.9782186e+00   6.2434902e+01
   5.5173522e+00   2.6360769e+02   1.5564837e+03   9.1880892e+02   4.0080264e+00   1.9794232e+00   5.3354217e+01
   5.7144005e+00   2.7270000e+02   1.5563211e+03   9.1764200e+02   4.0105740e+00   1.9806813e+00   4.5833808e+01
   5.7144005e+00   2.7270482e+02   1.5563211e+03   1.1103490e+03   1.5474716e+00   0.0000000e+00   0.0000000e+00
   6.3029717e+00   2.7270968e+02   1.5559191e+03   1.1105946e+03   1.5486169e+00   0.0000000e+00   0.0000000e+00
   6.8915429e+00   2.7271459e+02   1.5555174e+03   1.1108398e+03   1.5497622e+00   0.0000000e+00   0.0000000e+00
   7.4801141e+00   2.7271955e+02   1.5551158e+03   1.1110846e+03   1.5509076e+00   0.0000000e+00   0.0000000e+00
   8.0686853e+00   2.7272454e+02   1.5547144e+03   1.1113291e+03   1.5520530e+00   0.0000000e+00   0.0000000e+00
   8.6572565e+00   2.7272958e+02   1.5543132e+03   1.1115732e+03   1.5531984e+00   0.0000000e+00   0.0000000e+00
   9.2458277e+00   2.7273466e+02   1.5539122e+03   1.1118170e+03   1.5543439e+00   0.0000000e+00   0.0000000e+00
   9.8343989e+00   2.7273979e+02   1.5535113e+03   1.1120604e+03   1.5554894e+00   0.0000000e+00   0.0000000e+00
   1.0422970e+01   2.7274495e+02   1.5531106e+03   1.1123035e+03   1.5566349e+00   0.0000000e+00   0.0000000e+00
   1.1011541e+01   2.7275017e+02   1.5527101e+03   1.1125462e+03   1.5577805e+00   0.0000000e+00   0.0000000e+00
   1.1600112e+01   2.7275542e+02   1.5523098e+03   1.1127886e+03   1.5589261e+00   0.0000000e+00   0.0000000e+00
   1.2188684e+01   2.7276071e+02   1.5519097e+03   1.1130306e+03   1.5600717e+00   0.0000000e+00   0.0000000e+00
   1.2777255e+01   2.7276605e+02   1.5515098e+03   1.1132722e+03   1.5612173e+00   0.0000000e+00   0.0000000e+00
   1.3365826e+01   2.7277143e+02   1.5511100e+03   1.1135135e+03   1.5623630e+00   0.0000000e+00   0.0000000e+00
   1.3954397e+01   2.7277685e+02   1.5507104e+03   1.1137545e+03   1.5635087e+00   0.0000000e+00   0.0000000e+00
   1.4542968e+01   2.7278231e+02   1.5503110e+03   1.1139951e+03   1.5646544e+00   0.0000000e+00   0.0000000e+00
   1.5131540e+01   2.7278781e+02   1.5499118e+03   1.1142353e+03   1.5658002e+00   0.0000000e+00   0.0000000e+00
   1.5720111e+01   2.7279335e+02   1.5495127e+03   1.1144752e+03   1.5669459e+00   0.0000000e+00   0.0000000e+00
   1.6308682e+01   2.7279894e+02   1.5491138e+03   1.1147148e+03   1.5680917e+00   0.0000000e+00   0.0000000e+00
   1.6897253e+01   2.7280456e+02   1.5487152e+03   1.1149540e+03   1.5692375e+00   0.0000000e+00   0.0000000e+00
   1.7485824e+01   2.7281022e+02   1.5483166e+03   1.1151928e+03   1.5703834e+00   0.0000000e+00   0.0000000e+00
   1.8074396e+01   2.7281593e+02   1.5479183e+03   1.1154314e+03   1.5715292e+00   0.0000000e+00   0.0000000e+00
   1.8662967e+01   2.7282167e+02   1.5475201e+03   1.1156695e+03   1.5726751e+00   0.0000000e+00   0.0000000e+00
   1.9251538e+01   2.7282746e+02   1.5471222e+03   1.1159073e+03   1.5738210e+00   0.0000000e+00   0.0000000e+00
   1.9840109e+01   2.7283328e+02   1.5467244e+03   1.1161448e+03   1.5749669e+00   0.0000000e+00   0.0000000e+00
   2.0428680e+01   2.7283914e+02   1.5463267e+03   1.1163820e+03   1.5761129e+00   0.0000000e+00   0.0000000e+00
   2.1017252e+01   2.7284504e+02   1.5459293e+03   1.1166187e+03   1.5772588e+00   0.0000000e+00   0.0000000e+00
   2.1605823e+01   2.7285098e+02   1.5455320e+03   1.1168552e+03   1.5784047e+00   0.0000000e+00   0.0000000e+00
   2.2194394e+01   2.7285696e+02   1.5451349e+03   1.1170913e+03   1.5795507e+00   0.0000000e+00   0.0000000e+00
   2.2782965e+01   2.7286298e+02   1.5447380e+03   1.1173271e+03   1.5806965e+00   0.0000000e+00   0.0000000e+00
   2.3371536e+01   2.7286903e+02   1.5443413e+03   1.1175625e+03   1.5818423e+00   0.0000000e+00   0.0000000e+00
   2.3960108e+01   2.7287512e+02   1.5439447e+03   1.1177976e+03   1.5829881e+00   0.0000000e+00   0.0000000e+00
   2.4548679e+01   2.7288126e+02   1.5435483e+03   1.1180323e+03   1.5841337e+00   0.0000000e+00   0.0000000e+00
   2.5137250e+01   2.7288742e+02   1.5431521e+03   1.1182668e+03   1.5852793e+00   0.0000000e+00   0.0000000e+00
   2.5725821e+01   2.7289363e+02   1.5427560e+03   1.1185008e+03   1.5864247e+00   0.0000000e+00   0.0000000e+00
   2.6314392e+01   2.7289987e+02   1.5423602e+03   1.1187346e+03   1.5875700e+00   0.0000000e+00   0.0000000e+00
   2.6902964e+01   2.7290615e+02   1.5419645e+03   1.1189680e+03   1.5887151e+00   0.0000000e+00   0.0000000e+00
   2.7491535e+01   2.7291247e+02   1.5415690e+03   1.1192010e+03   1.5898601e+00   0.0000000e+00   0.0000000e+00
   2.8080106e+01   2.7291882e+02   1.5411736e+03   1.1194338e+03   1.5910049e+00   0.0000000e+00   0.0000000e+00
   2.8668677e+01   2.7292521e+02   1.5407785e+03   1.1196662e+03   1.5921494e+00   0.0000000e+00   0.0000000e+00
   2.9257248e+01   2.7293164e+02   1.5403835e+03   1.1198983e+03   1.5932938e+00   0.0000000e+00   0.0000000e+00
   2.9845820e+01   2.7293810e+02   1.5399887e+03   1.1201300e+03   1.5944379e+00   0.0000000e+00   0.0000000e+00
   3.0434391e+01   2.7294460e+02   1.5395940e+03   1.1203614e+03   1.5955817e+00   0.0000000e+00   0.0000000e+00
   3.1022962e+01   2.7295113e+02   1.5391996e+03   1.1205925e+03   1.5967253e+00   0.0000000e+00   0.0000000e+00
   3.1611533e+01   2.7295770e+02   1.5388053e+03   1.1208232e+03   1.5978685e+00   0.0000000e+00   0.0000000e+00
   3.2200104e+01   2.7296431e+02   1.5384111e+03   1.1210537e+03   1.5990115e+00   0.0000000e+00   0.0000000e+00
   3.2788676e+01   2.7297095e+02   1.5380172e+03   1.1212838e+03   1.6001541e+00   0.0000000e+00   0.0000000e+00
   3.3377247e+01   2.7297762e+02   1.5376234e+03   1.1215135e+03   1.6012963e+00   0.0000000e+00   0.0000000e+00
   3.3965818e+01   2.7298433e+02   1.5372298e+03   1.1217430e+03   1.6024382e+00   0.0000000e+00   0.0000000e+00
   3.4554389e+01   2.7299107e+02   1.5368364e+03   1.1219721e+03   1.6035796e+00   0.0000000e+00   0.0000000e+00
   3.5142960e+01   2.7299785e+02   1.5364431e+03   1.1222009e+03   1.6047207e+00   0.0000000e+00   0.0000000e+00
   3.5731532e+01   2.7300466e+02   1.5360501e+03   1.1224294e+03   1.6058613e+00   0.0000000e+00   0.0000000e+00
   3.6320103e+01   2.7301151e+02   1.5356571e+03   1.1226575e+03   1.6070014e+00   0.0000000e+00   0.0000000e+00
   3.6908674e+01   2.7301839e+02   1.5352644e+03   1.1228853e+03   1.6081410e+00   0.0000000e+00   0.0000000e+00
   3.7497245e+01   2.7302530e+02   1.5348718e+03   1.1231128e+03   1.6092802e+00   0.0000000e+00   0.0000000e+00
   3.8085816e+01   2.7303225e+02   1.5344794e+03   1.1233400e+03   1.6104188e+00   0.0000000e+00   0.0000000e+00
   3.8674388e+01   2.7303923e+02   1.5340872e+03   1.1235669e+03   1.6115568e+00   0.0000000e+00   0.0000000e+00
   3.9262959e+01   2.7304624e+02   1.5336951e+03   1.1237934e+03   1.6126943e+00   0.0000000e+00   0.0000000e+00
   3.9851530e+01   2.7305329e+02   1.5333033e+03   1.1240196e+03   1.6138312e+00   0.0000000e+00   0.0000000e+00
   4.0440101e+01   2.7306037e+02   1.5329115e+03   1.1242455e+03   1.6149675e+00   0.0000000e+00   0.0000000e+00
   4.1028672e+01   2.7306748e+02   1.5325200e+03   1.1244711e+03   1.6161032e+00   0.0000000e+00   0.0000000e+00
   4.1617244e+01   2.7307462e+02   1.5321286e+03   1.1246964e+03   1.6172382e+00   0.0000000e+00   0.0000000e+00
   4.2205815e+01   2.7308180e+02   1.5317374e+03   1.1249213e+03   1.6183725e+00   0.0000000e+00   0.0000000e+00
   4.2794386e+01   2.7308901e+02   1.5313464e+03   1.1251460e+03   1.6195062e+00   0.0000000e+00   0.0000000e+00
   4.3382957e+01   2.7309625e+02   1.5309555e+03   1.1253703e+03   1.6206392e+00   0.0000000e+00   0.0000000e+00
   4.3971528e+01   2.7310352e+02   1.5305648e+03   1.1255943e+03   1.6217714e+00   0.0000000e+00   0.0000000e+00
   4.4560100e+01   2.7311082e+02   1.5301743e+03   1.1258180e+03   1.6229029e+00   0.0000000e+00   0.0000000e+00
   4.5148671e+01   2.7311816e+02   1.5297840e+03   1.1260414e+03   1.6240336e+00   0.0000000e+00   0.0000000e+00
   4.5737242e+01   2.7312552e+02   1.5293938e+03   1.1262645e+03   1.6251636e+00   0.0000000e+00   0.0000000e+00
   4.6325813e+01   2.7313292e+02   1.5290037e+03   1.1264873e+03   1.6262927e+00   0.0000000e+00   0.0000000e+00
   4.6914384e+01   2.7314035e+02   1.5286139e+03   1.1267097e+03   1.6274210e+00   0.0000000e+00   0.0000000e+00
   4.7502956e+01   2.7314780e+02   1.5282242e+03   1.1269319e+03   1.6285485e+00   0.0000000e+00   0.0000000e+00
   4.8091527e+01   2.7315529e+02   1.5278347e+03   1.1271537e+03   1.6296752e+00   0.0000000e+00   0.0000000e+00
   4.8680098e+01   2.7316281e+02   1.5274454e+03   1.1273752e+03   1.6308009e+00   0.0000000e+00   0.0000000e+00
   4.9268669e+01   2.7317036e+02   1.5270562e+03   1.1275965e+03   1.6319258e+00   0.0000000e+00   0.0000000e+00
   4.9857240e+01   2.7317794e+02   1.5266672e+03   1.1278174e+03   1.6330497e+00   0.0000000e+00   0.0000000e+00
   5.0445812e+01   2.7318555e+02   1.5262783e+03   1.1280380e+03   1.6341728e+00   0.0000000e+00   0.0000000e+00
   5.1034383e+01   2.7319318e+02   1.5258897e+03   1.1282583e+03   1.6352949e+00   0.0000000e+00   0.0000000e+00
   5.1622954e+01   2.7320085e+02   1.5255012e+03   1.1284783e+03   1.6364160e+00   0.0000000e+00   0.0000000e+00
   5.2211525e+01   2.7320855e+02   1.5251128e+03   1.1286981e+03   1.6375363e+00   0.0000000e+00   0.0000000e+00
   5.2800096e+01   2.7321627e+02   1.5247246e+03   1.1289175e+03   1.6386556e+00   0.0000000e+00   0.0000000e+00
   5.3388668e+01   2.7322403e+02   1.5243366e+03   1.1291366e+03   1.6397741e+00   0.0000000e+00   0.0000000e+00
   5.3977239e+01   2.7323181e+02   1.5239488e+03   1.1293554e+03   1.6408916e+00   0.0000000e+00   0.0000000e+00
   5.4565810e+01   2.7323963e+02   1.5235611e+03   1.1295739e+03   1.6420083e+00   0.0000000e+00   0.0000000e+00
   5.5154381e+01   2.7324747e+02   1.5231736e+03   1.1297921e+03   1.6431241e+00   0.0000000e+00   0.0000000e+00
   5.5742952e+01   2.7325534e+02   1.5227863e+03   1.1300100e+03   1.6442391e+00   0.0000000e+00   0.0000000e+00
   5.6331524e+01   2.7326323e+02   1.5223991e+03   1.1302276e+03   1.6453532e+00   0.0000000e+00   0.0000000e+00
   5.6920095e+01   2.7327116e+02   1.5220121e+03   1.1304449e+03   1.6464665e+00   0.0000000e+00   0.0000000e+00
   5.7508666e+01   2.7327911e+02   1.5216253e+03   1.1306620e+03   1.6475789e+00   0.0000000e+00   0.0000000e+00
   5.8097237e+01   2.7328709e+02   1.5212386e+03   1.1308787e+03   1.6486905e+00   0.0000000e+00   0.0000000e+00
   5.8685808e+01   2.7329510e+02   1.5208521e+03   1.1310951e+03   1.6498013e+00   0.0000000e+00   0.0000000e+00
   5.9274380e+01   2.7330314e+02   1.5204657e+03   1.1313113e+03   1.6509113e+00   0.0000000e+00   0.0000000e+00
   5.9862951e+01   2.7331120e+02   1.5200795e+03   1.1315271e+03   1.6520205e+00   0.0000000e+00   0.0000000e+00
   6.0451522e+01   2.7331929e+02   1.5196935e+03   1.1317427e+03   1.6531289e+00   0.0000000e+00   0.0000000e+00
   6.1040093e+01   2.7332741e+02   1.5193077e+03   1.1319580e+03   1.6542366e+00   0.0000000e+00   0.0000000e+00
   6.1628664e+01   2.7333555e+02   1.5189220e+03   1.1321729e+03   1.6553434e+00   0.0000000e+00   0.0000000e+00
   6.2217236e+01   2.7334372e+02   1.5185365e+03   1.1323876e+03   1.6564495e+00   0.0000000e+00   0.0000000e+00
   6.2805807e+01   2.7335192e+02   1.5181511e+03   1.1326020e+03   1.6575549e+00   0.0000000e+00   0.0000000e+00
   6.3394378e+01   2.7336015e+02   1.5177659e+03   1.1328161e+03   1.6586595e+00   0.0000000e+00   0.0000000e+00
   6.3982949e+01   2.7336840e+02   1.5173809e+03   1.1330300e+03   1.6597635e+00   0.0000000e+00   0.0000000e+00
   6.4571520e+01   2.7337667e+02   1.5169960e+03   1.1332435e+03   1.6608667e+00   0.0000000e+00   0.0000000e+00
   6.5160092e+01   2.7338497e+02   1.5166113e+03   1.1334568e+03   1.6619692e+00   0.0000000e+00   0.0000000e+00
   6.5748663e+01   2.7339330e+02   1.5162267e+03   1.1336697e+03   1.6630710e+00   0.0000000e+00   0.0000000e+00
   6.6337234e+01   2.7340166e+02   1.5158424e+03   1.1338824e+03   1.6641722e+00   0.0000000e+00   0.0000000e+00
   6.6925805e+01   2.7341003e+02   1.5154581e+03   1.1340948e+03   1.6652727e+00   0.0000000e+00   0.0000000e+00
   6.7514376e+01   2.7341844e+02   1.5150741e+03   1.1343070e+03   1.6663725e+00   0.0000000e+00   0.0000000e+00
   6.8102948e+01   2.7342687e+02   1.5146902e+03   1.1345188e+03   1.6674717e+00   0.0000000e+00   0.0000000e+00
   6.8691519e+01   2.7343532e+02   1.5143065e+03   1.1347304e+03   1.6685703e+00   0.0000000e+00   0.0000000e+00
   6.9280090e+01   2.7344380e+02   1.5139229e+03   1.1349416e+03   1.6696683e+00   0.0000000e+00   0.0000000e+00
   6.9868661e+01   2.7345231e+02   1.5135395e+03   1.1351526e+03   1.6707656e+00   0.0000000e+00   0.0000000e+00
   7.0457232e+01   2.7346084e+02   1.5131563e+03   1.1353634e+03   1.6718624e+00   0.0000000e+00   0.0000000e+00
   7.1045804e+01   2.7346939e+02   1.5127732e+03   1.1355738e+03   1.6729586e+00   0.0000000e+00   0.0000000e+00
   7.1634375e+01   2.7347797e+02   1.5123902e+03   1.1357840e+03   1.6740541e+00   0.0000000e+00   0.0000000e+00
   7.2222946e+01   2.7348657e+02   1.5120075e+03   1.1359939e+03   1.6751491e+00   0.0000000e+00   0.0000000e+00
   7.2811517e+01   2.7349520e+02   1.5116249e+03   1.1362035e+03   1.6762435e+00   0.0000000e+00   0.0000000e+00
   7.3400088e+01   2.7350385e+02   1.5112425e+03   1.1364128e+03   1.6773372e+00   0.0000000e+00   0.0000000e+00
   7.3988660e+01   2.7351253e+02   1.5108602e+03   1.1366219e+03   1.6784304e+00   0.0000000e+00   0.0000000e+00
   7.4577231e+01   2.7352123e+02   1.5104781e+03   1.1368307e+03   1.6795229e+00   0.0000000e+00   0.0000000e+00
   7.5165802e+01   2.7352995e+02   1.5100961e+03   1.1370392e+03   1.6806149e+00   0.0000000e+00   0.0000000e+00
   7.5754373e+01   2.7353870e+02   1.5097143e+03   1.1372475e+03   1.6817062e+00   0.0000000e+00   0.0000000e+00
   7.6342944e+01   2.7354747e+02   1.5093327e+03   1.1374555e+03   1.6827969e+00   0.0000000e+00   0.0000000e+00
   7.6931516e+01   2.7355626e+02   1.5089512e+03   1.1376632e+03   1.6838870e+00   0.0000000e+00   0.0000000e+00
   7.7520087e+01   2.7356508e+02   1.5085699e+03   1.1378707e+03   1.6849765e+00   0.0000000e+00   0.0000000e+00
   7.8108658e+01   2.7357391e+02   1.5081887e+03   1.1380778e+03   1.6860653e+00   0.0000000e+00   0.0000000e+00
   7.8697229e+01   2.7358278e+02   1.5078078e+03   1.1382848e+03   1.6871536e+00   0.0000000e+00   0.0000000e+00
   7.9285800e+01   2.7359166e+02   1.5074269e+03   1.1384914e+03   1.6882412e+00   0.0000000e+00   0.0000000e+00
   7.9874372e+01   2.7360057e+02   1.5070462e+03   1.1386978e+03   1.6893282e+00   0.0000000e+00   0.0000000e+00
   8.0462943e+01   2.7360950e+02   1.5066657e+03   1.1389039e+03   1.6904145e+00   0.0000000e+00   0.0000000e+00
   8.1051514e+01   2.7361845e+02   1.5062854e+03   1.1391098e+03   1.6915002e+00   0.0000000e+00   0.0000000e+00
   8.1640085e+01   2.7362743e+02   1.5059052e+03   1.1393153e+03   1.6925853e+00   0.0000000e+00   0.0000000e+00
   8.2228656e+01   2.7363643e+02   1.5055251e+03   1.1395207e+03   1.6936697e+00   0.0000000e+00   0.0000000e+00
   8.2817228e+01   2.7364545e+02   1.5051453e+03   1.1397257e+03   1.6947534e+00   0.0000000e+00   0.0000000e+00
   8.3405799e+01   2.7365449e+02   1.5047655e+03   1.1399305e+03   1.6958364e+00   0.0000000e+00   0.0000000e+00
   8.3994370e+01   2.7366355e+02   1.5043860e+03   1.1401351e+03   1.6969188e+00   0.0000000e+00   0.0000000e+00
   8.4582941e+01   2.7367264e+02   1.5040066e+03   1.1403394e+03   1.6980004e+00   0.0000000e+00   0.0000000e+00
   8.5171512e+01   2.7368175e+02   1.5036273e+03   1.1405434e+03   1.6990813e+00   0.0000000e+00   0.0000000e+00
   8.5760084e+01   2.7369087e+02   1.5032482e+03   1.1407472e+03   1.7001615e+00   0.0000000e+00   0.0000000e+00
   8.6348655e+01   2.7370003e+02   1.5028693e+03   1.1409507e+03   1.7012409e+00   0.0000000e+00   0.0000000e+00
   8.6937226e+01   2.7370920e+02   1.5024905e+03   1.1411539e+03   1.7023196e+00   0.0000000e+00   0.0000000e+00
   8.7525797e+01   2.7371839e+02   1.5021119e+03   1.1413569e+03   1.7033976e+00   0.0000000e+00   0.0000000e+00
   8.8114368e+01   2.7372760e+02   1.5017335e+03   1.1415597e+03   1.7044747e+00   0.0000000e+00   0.0000000e+00
   8.8702940e+01   2.7373684e+02   1.5013552e+03   1.1417622e+03   1.7055511e+00   0.0000000e+00   0.0000000e+00
   8.9291511e+01   2.7374610e+02   1.5009770e+03   1.1419644e+03   1.7066267e+00   0.0000000e+00   0.0000000e+00
   8.9880082e+01   2.7375537e+02   1.5005990e+03   1.1421664e+03   1.7077015e+00   0.0000000e+00   0.0000000e+00
   9.0468653e+01   2.7376467e+02   1.5002212e+03   1.1423681e+03   1.7087754e+00   0.0000000e+00   0.0000000e+00
   9.1057224e+01   2.7377399e+02   1.4998435e+03   1.1425696e+03   1.7098486e+00   0.0000000e+00   0.0000000e+00
   9.1645796e+01   2.7378333e+02   1.4994660e+03   1.1427708e+03   1.7109209e+00   0.0000000e+00   0.0000000e+00
   9.2234367e+01   2.7379269e+02   1.4990886e+03   1.1429718e+03   1.7119923e+00   0.0000000e+00   0.0000000e+00
   9.2822938e+01   2.7380207e+02   1.4987114e+03   1.1431725e+03   1.7130629e+00   0.0000000e+00   0.0000000e+00
   9.3411509e+01   2.7381147e+02   1.4983344e+03   1.1433730e+03   1.7141326e+00   0.0000000e+00   0.0000000e+00
   9.4000080e+01   2.7382089e+02   1.4979575e+03   1.1435732e+03   1.7152015e+00   0.0000000e+00   0.0000000e+00
   9.4588652e+01   2.7383033e+02   1.4975808e+03   1.1437732e+03   1.7162694e+00   0.0000000e+00   0.0000000e+00
   9.5177223e+01   2.7383979e+02   1.4972042e+03   1.1439729e+03   1.7173365e+00   0.0000000e+00   0.0000000e+00
   9.5765794e+01   2.7384927e+02   1.4968277e+03   1.1441724e+03   1.7184026e+00   0.0000000e+00   0.0000000e+00
   9.6354365e+01   2.7385877e+02   1.4964515e+03   1.1443716e+03   1.7194678e+00   0.0000000e+00   0.0000000e+00
   9.6942936e+01   2.7386829e+02   1.4960754e+03   1.1445706e+03   1.7205321e+00   0.0000000e+00   0.0000000e+00
   9.7531508e+01   2.7387783e+02   1.4956994e+03   1.1447693e+03   1.7215955e+00   0.0000000e+00   0.0000000e+00
   9.8120079e+01   2.7388739e+02   1.4953236e+03   1.1449678e+03   1.7226578e+00   0.0000000e+00   0.0000000e+00
   9.8708650e+01   2.7389697e+02   1.4949479e+03   1.1451661e+03   1.7237193e+00   0.0000000e+00   0.0000000e+00
   9.9297221e+01   2.7390657e+02   1.4945724e+03   1.1453641e+03   1.7247797e+00   0.0000000e+00   0.0000000e+00
   9.9885792e+01   2.7391619e+02   1.4941971e+03   1.1455619e+03   1.7258392e+00   0.0000000e+00   0.0000000e+00
   1.0047436e+02   2.7392582e+02   1.4938219e+03   1.1457594e+03   1.7268977e+00   0.0000000e+00   0.0000000e+00
   1.0106293e+02   2.7393548e+02   1.4934469e+03   1.1459567e+03   1.7279552e+00   0.0000000e+00   0.0000000e+00
   1.0165151e+02   2.7394515e+02   1.4930720e+03   1.1461537e+03   1.7290116e+00   0.0000000e+00   0.0000000e+00
   1.0224008e+02   2.7395484e+02   1.4926973e+03   1.1463505e+03   1.7300671e+00   0.0000000e+00   0.0000000e+00
   1.0282865e+02   2.7396455e+02   1.4923227e+03   1.1465471e+03   1.7311217e+00   0.0000000e+00   0.0000000e+00
   1.0341722e+02   2.7397428e+02   1.4919483e+03   1.1467434e+03   1.7321752e+00   0.0000000e+00   0.0000000e+00
   1.0400579e+02   2.7398403e+02   1.4915740e+03   1.1469395e+03   1.7332277e+00   0.0000000e+00   0.0000000e+00
   1.0459436e+02   2.7399380e+02   1.4911999e+03   1.1471353e+03   1.7342793e+00   0.0000000e+00   0.0000000e+00
   1.0518293e+02   2.7400359e+02   1.4908260e+03   1.1473309e+03   1.7353299e+00   0.0000000e+00   0.0000000e+00
   1.0577150e+02   2.7401339e+02   1.4904522e+03   1.1475263e+03   1.7363795e+00   0.0000000e+00   0.0000000e+00
   1.0636008e+02   2.7402321e+02   1.4900785e+03   1.1477214e+03   1.7374281e+00   0.0000000e+00   0.0000000e+00
   1.0694865e+02   2.7403305e+02   1.4897050e+03   1.1479163e+03   1.7384758e+00   0.0000000e+00   0.0000000e+00
   1.0753722e+02   2.7404291e+02   1.4893317e+03   1.1481110e+03   1.7395225e+00   0.0000000e+00   0.0000000e+00
   1.0812579e+02   2.7405278e+02   1.4889585e+03   1.1483054e+03   1.7405682e+00   0.0000000e+00   0.0000000e+00
   1.0871436e+02   2.7406268e+02   1.4885854e+03   1.1484996e+03   1.7416129e+00   0.0000000e+00   0.0000000e+00
   1.0930293e+02   2.7407259e+02   1.4882125e+03   1.1486935e+03   1.7426567e+00   0.0000000e+00   0.0000000e+00
   1.0989150e+02   2.7408252e+02   1.4878398e+03   1.1488873e+03   1.7436995e+00   0.0000000e+00   0.0000000e+00
   1.1048007e+02   2.7409246e+02   1.4874672e+03   1.1490808e+03   1.7447414e+00   0.0000000e+00   0.0000000e+00
   1.1106865e+02   2.7410243e+02   1.4870948e+03   1.1492740e+03   1.7457823e+00   0.0000000e+00   0.0000000e+00
   1.1165722e+02   2.7411241e+02   1.4867225e+03   1.1494671e+03   1.7468222e+00   0.0000000e+00   0.0000000e+00
   1.1224579e+02   2.7412240e+02   1.4863504e+03   1.1496599e+03   1.7478612e+00   0.0000000e+00   0.0000000e+00
   1.1283436e+02   2.7413242e+02   1.4859784e+03   1.1498524e+03   1.7488993e+00   0.0000000e+00   0.0000000e+00
   1.1342293e+02   2.7414245e+02   1.4856066e+03   1.1500448e+03   1.7499364e+00   0.0000000e+00   0.0000000e+00
   1.1401150e+02   2.7415250e+02   1.4852349e+03   1.1502369e+03   1.7509726e+00   0.0000000e+00   0.0000000e+00
   1.1460007e+02   2.7416257e+02   1.4848634e+03   1.1504288e+03   1.7520078e+00   0.0000000e+00   0.0000000e+00
   1.1518864e+02   2.7417265e+02   1.4844920e+03   1.1506205e+03   1.7530421e+00   0.0000000e+00   0.0000000e+00
   1.1577721e+02   2.7418275e+02   1.4841208e+03   1.1508119e+03   1.7540755e+00   0.0000000e+00   0.0000000e+00
   1.1636579e+02   2.7419287e+02   1.4837497e+03   1.1510031e+03   1.7551080e+00   0.0000000e+00   0.0000000e+00
   1.1695436e+02   2.7420300e+02   1.4833788e+03   1.1511941e+03   1.7561396e+00   0.0000000e+00   0.0000000e+00
   1.1754293e+02   2.7421315e+02   1.4830080e+03   1.1513848e+03   1.7571702e+00   0.0000000e+00   0.0000000e+00
   1.1813150e+02   2.7422332e+02   1.4826374e+03   1.1515754e+03   1.7582000e+00   0.0000000e+00   0.0000000e+00
   1.1872007e+02   2.7423350e+02   1.4822669e+03   1.1517657e+03   1.7592288e+00   0.0000000e+00   0.0000000e+00
   1.1930864e+02   2.7424370e+02   1.4818966e+03   1.1519558e+03   1.7602568e+00   0.0000000e+00   0.0000000e+00
   1.1989721e+02   2.7425391e+02   1.4815265e+03   1.1521457e+03   1.7612839e+00   0.0000000e+00   0.0000000e+00
   1.2048578e+02   2.7426414e+02   1.4811564e+03   1.1523353e+03   1.7623101e+00   0.0000000e+00   0.0000000e+00
   1.2107436e+02   2.7427439e+02   1.4807866e+03   1.1525247e+03   1.7633353e+00   0.0000000e+00   0.0000000e+00
   1.2166293e+02   2.7428465e+02   1.4804169e+03   1.1527139e+03   1.7643597e+00   0.0000000e+00   0.0000000e+00
   1.2225150e+02   2.7429493e+02   1.4800473e+03   1.1529029e+03   1.7653832e+00   0.0000000e+00   0.0000000e+00
   1.2284007e+02   2.7430523e+02   1.4796779e+03   1.1530917e+03   1.7664059e+00   0.0000000e+00   0.0000000e+00
   1.2342864e+02   2.7431554e+02   1.4793086e+03   1.1532802e+03   1.7674276e+00   0.0000000e+00   0.0000000e+00
   1.2401721e+02   2.7432586e+02   1.4789395e+03   1.1534686e+03   1.7684484e+00   0.0000000e+00   0.0000000e+00
   1.2460578e+02   2.7433620e+02   1.4785705e+03   1.1536567e+03   1.7694683e+00   0.0000000e+00   0.0000000e+00
   1.2519435e+02   2.7434656e+02   1.4782017e+03   1.1538446e+03   1.7704873e+00   0.0000000e+00   0.0000000e+00
   1.2578293e+02   2.7435693e+02   1.4778330e+03   1.1540323e+03   1.7715054e+00   0.0000000e+00   0.0000000e+00
   1.2637150e+02   2.7436732e+02   1.4774645e+03   1.1542197e+03   1.7725226e+00   0.0000000e+00   0.0000000e+00
   1.2696007e+02   2.7437772e+02   1.4770961e+03   1.1544070e+03   1.7735389e+00   0.0000000e+00   0.0000000e+00
   1.2754864e+02   2.7438814e+02   1.4767279e+03   1.1545940e+03   1.7745543e+00   0.0000000e+00   0.0000000e+00
   1.2813721e+02   2.7439857e+02   1.4763598e+03   1.1547809e+03   1.7755687e+00   0.0000000e+00   0.0000000e+00
   1.2872578e+02   2.7440902e+02   1.4759919e+03   1.1549675e+03   1.7765823e+00   0.0000000e+00   0.0000000e+00
   1.2931435e+02   2.7441948e+02   1.4756241e+03   1.1551539e+03   1.7775949e+00   0.0000000e+00   0.0000000e+00
   1.2990292e+02   2.7442996e+02   1.4752565e+03   1.1553401e+03   1.7786066e+00   0.0000000e+00   0.0000000e+00
   1.3049149e+02   2.7444045e+02   1.4748890e+03   1.1555260e+03   1.7796174e+00   0.0000000e+00   0.0000000e+00
   1.3108007e+02   2.7445096e+02   1.4745216e+03   1.1557118e+03   1.7806272e+00   0.0000000e+00   0.0000000e+00
   1.3166864e+02   2.7446148e+02   1.4741544e+03   1.1558974e+03   1.7816361e+00   0.0000000e+00   0.0000000e+00
   1.3225721e+02   2.7447202e+02   1.4737874e+03   1.1560827e+03   1.7826441e+00   0.0000000e+00   0.0000000e+00
   1.3284578e+02   2.7448257e+02   1.4734205e+03   1.1562679e+03   1.7836511e+00   0.0000000e+00   0.0000000e+00
   1.3343435e+02   2.7449313e+02   1.4730537e+03   1.1564528e+03   1.7846571e+00   0.0000000e+00   0.0000000e+00
   1.3402292e+02   2.7450371e+02   1.4726871e+03   1.1566375e+03   1.7856622e+00   0.0000000e+00   0.0000000e+00
   1.3461149e+02   2.7451430e+02   1.4723207e+03   1.1568220e+03   1.7866662e+00   0.0000000e+00   0.0000000e+00
   1.3520006e+02   2.7452491e+02   1.4719544e+03   1.1570063e+03   1.7876693e+00   0.0000000e+00   0.0000000e+00
   1.3578864e+02   2.7453553e+02   1.4715882e+03   1.1571904e+03   1.7886714e+00   0.0000000e+00   0.0000000e+00
   1.3637721e+02   2.7454617e+02   1.4712222e+03   1.1573743e+03   1.7896724e+00   0.0000000e+00   0.0000000e+00
   1.3696578e+02   2.7455682e+02   1.4708563e+03   1.1575580e+03   1.7906724e+00   0.0000000e+00   0.0000000e+00
   1.3755435e+02   2.7456748e+02   1.4704906e+03   1.1577415e+03   1.7916714e+00   0.0000000e+00   0.0000000e+00
   1.3814292e+02   2.7457816e+02   1.4701250e+03   1.1579248e+03   1.7926694e+00   0.0000000e+00   0.0000000e+00
   1.3873149e+02   2.7458885e+02   1.4697596e+03   1.1581078e+03   1.7936663e+00   0.0000000e+00   0.0000000e+00
   1.3932006e+02   2.7459956e+02   1.4693943e+03   1.1582907e+03   1.7946622e+00   0.0000000e+00   0.0000000e+00
   1.3990863e+02   2.7461028e+02   1.4690292e+03   1.1584734e+03   1.7956570e+00   0.0000000e+00   0.0000000e+00
   1.4049721e+02   2.7462101e+02   1.4686642e+03   1.1586558e+03   1.7966507e+00   0.0000000e+00   0.0000000e+00
   1.4108578e+02   2.7463176e+02   1.4682993e+03   1.1588381e+03   1.7976433e+00   0.0000000e+00   0.0000000e+00
   1.4167435e+02   2.7464251e+02   1.4679346e+03   1.1590202e+03   1.7986348e+00   0.0000000e+00   0.0000000e+00
   1.4226292e+02   2.7465329e+02   1.4675701e+03   1.1592020e+03   1.7996253e+00   0.0000000e+00   0.0000000e+00
   1.4285149e+02   2.7466407e+02   1.4672057e+03   1.1593837e+03   1.8006146e+00   0.0000000e+00   0.0000000e+00
   1.4344006e+02   2.7467487e+02   1.4668414e+03   1.1595652e+03   1.8016029e+00   0.0000000e+00   0.0000000e+00
   1.4402863e+02   2.7468569e+02   1.4664773e+03   1.1597464e+03   1.8025900e+00   0.0000000e+00   0.0000000e+00
   1.4461720e+02   2.7469651e+02   1.4661133e+03   1.1599275e+03   1.8035760e+00   0.0000000e+00   0.0000000e+00
   1.4520577e+02   2.7470735e+02   1.4657495e+03   1.1601084e+03   1.8045609e+00   0.0000000e+00   0.0000000e+00
   1.4579435e+02   2.7471820e+02   1.4653858e+03   1.1602890e+03   1.8055446e+00   0.0000000e+00   0.0000000e+00
   1.4638292e+02   2.7472907e+02   1.4650223e+03   1.1604695e+03   1.8065272e+00   0.0000000e+00   0.0000000e+00
   1.4697149e+02   2.7473994e+02   1.4646589e+03   1.1606498e+03   1.8075086e+00   0.0000000e+00   0.0000000e+00
   1.4756006e+02   2.7475084e+02   1.4642956e+03   1.1608299e+03   1.8084889e+00   0.0000000e+00   0.0000000e+00
   1.4814863e+02   2.7476174e+02   1.4639325e+03   1.1610098e+03   1.8094680e+00   0.0000000e+00   0.0000000e+00
   1.4873720e+02   2.7477265e+02   1.4635696e+03   1.1611895e+03   1.8104459e+00   0.0000000e+00   0.0000000e+00
   1.4932577e+02   2.7478358e+02   1.4632067e+03   1.1613690e+03   1.8114227e+00   0.0000000e+00   0.0000000e+00
   1.4991434e+02   2.7479452e+02   1.4628441e+03   1.1615483e+03   1.8123983e+00   0.0000000e+00   0.0000000e+00
   1.5050292e+02   2.7480548e+02   1.4624815e+03   1.1617274e+03   1.8133727e+00   0.0000000e+00   0.0000000e+00
   1.5109149e+02   2.7481644e+02   1.4621192e+03   1.1619063e+03   1.8143459e+00   0.0000000e+00   0.0000000e+00
   1.5168006e+02   2.7482742e+02   1.4617569e+03   1.1620850e+03   1.8153179e+00   0.0000000e+00   0.0000000e+00
   1.5226863e+02   2.7483841e+02   1.4613948e+03   1.1622636e+03   1.8162887e+00   0.0000000e+00   0.0000000e+00
   1.5285720e+02   2.7484942e+02   1.4610329e+03   1.1624419e+03   1.8172584e+00   0.0000000e+00   0.0000000e+00
   1.5344577e+02   2.7486043e+02   1.4606711e+03   1.1626201e+03   1.8182269e+00   0.0000000e+00   0.0000000e+00
   1.5403434e+02   2.7487146e+02   1.4603094e+03   1.1627981e+03   1.8191943e+00   0.0000000e+00   0.0000000e+00
   1.5462291e+02   2.7488250e+02   1.4599479e+03   1.1629758e+03   1.8201605e+00   0.0000000e+00   0.0000000e+00
   1.5521149e+02   2.7489355e+02   1.4595865e+03   1.1631534e+03   1.8211256e+00   0.0000000e+00   0.0000000e+00
   1.5580006e+02   2.7490462e+02   1.4592253e+03   1.1633308e+03   1.8220895e+00   0.0000000e+00   0.0000000e+00
   1.5638863e+02   2.7491569e+02   1.4588642e+03   1.1635080e+03   1.8230522e+00   0.0000000e+00   0.0000000e+00
   1.5697720e+02   2.7492678e+02   1.4585032e+03   1.1636851e+03   1.8240139e+00   0.0000000e+00   0.0000000e+00
   1.5756577e+02   2.7493788e+02   1.4581424e+03   1.1638619e+03   1.8249744e+00   0.0000000e+00   0.0000000e+00
   1.5815434e+02   2.7494899e+02   1.4577817e+03   1.1640386e+03   1.8259338e+00   0.0000000e+00   0.0000000e+00
   1.5874291e+02   2.7496012e+02   1.4574212e+03   1.1642150e+03   1.8268921e+00   0.0000000e+00   0.0000000e+00
   1.5933148e+02   2.7497125e+02   1.4570608e+03   1.1643913e+03   1.8278493e+00   0.0000000e+00   0.0000000e+00
   1.5992005e+02   2.7498240e+02   1.4567006e+03   1.1645674e+03   1.8288053e+00   0.0000000e+00   0.0000000e+00
   1.6050863e+02   2.7499356e+02   1.4563405e+03   1.1647433e+03   1.8297603e+00   0.0000000e+00   0.0000000e+00
   1.6109720e+02   2.7500473e+02   1.4559805e+03   1.1649190e+03   1.8307142e+00   0.0000000e+00   0.0000000e+00
   1.6168577e+02   2.7501591e+02   1.4556207e+03   1.1650946e+03   1.8316670e+00   0.0000000e+00   0.0000000e+00
   1.6227434e+02   2.7502711e+02   1.4552611e+03   1.1652700e+03   1.8326187e+00   0.0000000e+00   0.0000000e+00
   1.6286291e+02   2.7503831e+02   1.4549015e+03   1.1654451e+03   1.8335693e+00   0.0000000e+00   0.0000000e+00
   1.6345148e+02   2.7504953e+02   1.4545421e+03   1.1656201e+03   1.8345189e+00   0.0000000e+00   0.0000000e+00
   1.6404005e+02   2.7506075e+02   1.4541829e+03   1.1657950e+03   1.8354674e+00   0.0000000e+00   0.0000000e+00
   1.6462862e+02   2.7507199e+02   1.4538238e+03   1.1659696e+03   1.8364148e+00   0.0000000e+00   0.0000000e+00
   1.6521720e+02   2.7508324e+02   1.4534648e+03   1.1661441e+03   1.8373612e+00   0.0000000e+00   0.0000000e+00
   1.6580577e+02   2.7509451e+02   1.4531060e+03   1.1663184e+03   1.8383066e+00   0.0000000e+00   0.0000000e+00
   1.6639434e+02   2.7510578e+02   1.4527473e+03   1.1664925e+03   1.8392509e+00   0.0000000e+00   0.0000000e+00
   1.6698291e+02   2.7511706e+02   1.4523888e+03   1.1666664e+03   1.8401942e+00   0.0000000e+00   0.0000000e+00
   1.6757148e+02   2.7512836e+02   1.4520304e+03   1.1668401e+03   1.8411364e+00   0.0000000e+00   0.0000000e+00
   1.6816005e+02   2.7513966e+02   1.4516721e+03   1.1670137e+03   1.8420776e+00   0.0000000e+00   0.0000000e+00
   1.6874862e+02   2.7515098e+02   1.4513140e+03   1.1671871e+03   1.8430179e+00   0.0000000e+00   0.0000000e+00
   1.6933719e+02   2.7516231e+02   1.4509560e+03   1.1673603e+03   1.8439571e+00   0.0000000e+00   0.0000000e+00
   1.6992577e+02   2.7517365e+02   1.4505982e+03   1.1675334e+03   1.8448953e+00   0.0000000e+00   0.0000000e+00
   1.7051434e+02   2.7518500e+02   1.4502405e+03   1.1677062e+03   1.8458325e+00   0.0000000e+00   0.0000000e+00
   1.7110291e+02   2.7519636e+02   1.4498830e+03   1.1678789e+03   1.8467687e+00   0.0000000e+00   0.0000000e+00
   1.7169148e+02   2.7520773e+02   1.4495255e+03   1.1680514e+03   1.8477039e+00   0.0000000e+00   0.0000000e+00
   1.7228005e+02   2.7521911e+02   1.4491683e+03   1.1682238e+03   1.8486381e+00   0.0000000e+00   0.0000000e+00
   1.7286862e+02   2.7523050e+02   1.4488111e+03   1.1683959e+03   1.8495714e+00   0.0000000e+00   0.0000000e+00
   1.7345719e+02   2.7524191e+02   1.4484541e+03   1.1685679e+03   1.8505036e+00   0.0000000e+00   0.0000000e+00
   1.7404576e+02   2.7525332e+02   1.4480973e+03   1.1687398e+03   1.8514348e+00   0.0000000e+00   0.0000000e+00
   1.7463433e+02   2.7526475e+02   1.4477406e+03   1.1689114e+03   1.8523650e+00   0.0000000e+00   0.0000000e+00
   1.7522291e+02   2.7527618e+02   1.4473840e+03   1.1690829e+03   1.8532943e+00   0.0000000e+00   0.0000000e+00
   1.7581148e+02   2.7528763e+02   1.4470276e+03   1.1692542e+03   1.8542225e+00   0.0000000e+00   0.0000000e+00
   1.7640005e+02   2.7529908e+02   1.4466713e+03   1.1694253e+03   1.8551498e+00   0.0000000e+00   0.0000000e+00
   1.7698862e+02   2.7531055e+02   1.4463151e+03   1.1695963e+03   1.8560760e+00   0.0000000e+00   0.0000000e+00
   1.7757719e+02   2.7532203e+02   1.4459591e+03   1.1697671e+03   1.8570013e+00   0.0000000e+00   0.0000000e+00
   1.7816576e+02   2.7533352e+02   1.4456032e+03   1.1699377e+03   1.8579255e+00   0.0000000e+00   0.0000000e+00
   1.7875433e+02   2.7534501e+02   1.4452475e+03   1.1701082e+03   1.8588488e+00   0.0000000e+00   0.0000000e+00
   1.7934290e+02   2.7535652e+02   1.4448919e+03   1.1702784e+03   1.8597711e+00   0.0000000e+00   0.0000000e+00
   1.7993148e+02   2.7536804e+02   1.4445364e+03   1.1704486e+03   1.8606924e+00   0.0000000e+00   0.0000000e+00
   1.8052005e+02   2.7537957e+02   1.4441811e+03   1.1706185e+03   1.8616127e+00   0.0000000e+00   0.0000000e+00
   1.8110862e+02   2.7539111e+02   1.4438259e+03   1.1707883e+03   1.8625320e+00   0.0000000e+00   0.0000000e+00
   1.8169719e+02   2.7540266e+02   1.4434709e+03   1.1709579e+03   1.8634503e+00   0.0000000e+00   0.0000000e+00
   1.8228576e+02   2.7541422e+02   1.4431160e+03   1.1711273e+03   1.8643676e+00   0.0000000e+00   0.0000000e+00
   1.8287433e+02   2.7542579e+02   1.4427612e+03   1.1712966e+03   1.8652840e+00   0.0000000e+00   0.0000000e+00
   1.8346290e+02   2.7543737e+02   1.4424066e+03   1.1714657e+03   1.8661993e+00   0.0000000e+00   0.0000000e+00
   1.8405147e+02   2.7544896e+02   1.4420521e+03   1.1716347e+03   1.8671137e+00   0.0000000e+00   0.0000000e+00
   1.8464004e+02   2.7546055e+02   1.4416977e+03   1.1718034e+03   1.8680271e+00   0.0000000e+00   0.0000000e+00
   1.8522862e+02   2.7547216e+02   1.4413435e+03   1.1719721e+03   1.8689396e+00   0.0000000e+00   0.0000000e+00
   1.8581719e+02   2.7548378e+02   1.4409895e+03   1.1721405e+03   1.8698511e+00   0.0000000e+00   0.0000000e+00
   1.8640576e+02   2.7549541e+02   1.4406355e+03   1.1723088e+03   1.8707616e+00   0.0000000e+00   0.0000000e+00
   1.8699433e+02   2.7550705e+02   1.4402817e+03   1.1724769e+03   1.8716711e+00   0.0000000e+00   0.0000000e+00
   1.8758290e+02   2.7551870e+02   1.4399281e+03   1.1726449e+03   1.8725797e+00   0.0000000e+00   0.0000000e+00
   1.8817147e+02   2.7553036e+02   1.4395745e+03   1.1728127e+03   1.8734873e+00   0.0000000e+00   0.0000000e+00
   1.8876004e+02   2.7554203e+02   1.4392211e+03   1.1729803e+03   1.8743940e+00   0.0000000e+00   0.0000000e+00
   1.8934861e+02   2.7555370e+02   1.4388679e+03   1.1731478e+03   1.8752997e+00   0.0000000e+00   0.0000000e+00
   1.8993719e+02   2.7556539e+02   1.4385148e+03   1.1733151e+03   1.8762044e+00   0.0000000e+00   0.0000000e+00
   1.9052576e+02   2.7557709e+02   1.4381618e+03   1.1734822e+03   1.8771082e+00   0.0000000e+00   0.0000000e+00
   1.9111433e+02   2.7558879e+02   1.4378090e+03   1.1736492e+03   1.8780111e+00   0.0000000e+00   0.0000000e+00
   1.9170290e+02   2.7560051e+02   1.4374563e+03   1.1738160e+03   1.8789130e+00   0.0000000e+00   0.0000000e+00
   1.9229147e+02   2.7561224e+02   1.4371037e+03   1.1739827e+03   1.8798140e+00   0.0000000e+00   0.0000000e+00
   1.9288004e+02   2.7562397e+02   1.4367513e+03   1.1741492e+03   1.8807141e+00   0.0000000e+00   0.0000000e+00
   1.9346861e+02   2.7563572e+02   1.4363990e+03   1.1743155e+03   1.8816132e+00   0.0000000e+00   0.0000000e+00
   1.9405718e+02   2.7564747e+02   1.4360468e+03   1.1744817e+03   1.8825114e+00   0.0000000e+00   0.0000000e+00
   1.9464576e+02   2.7565923e+02   1.4356948e+03   1.1746477e+03   1.8834088e+00   0.0000000e+00   0.0000000e+00
   1.9523433e+02   2.7567100e+02   1.4353429e+03   1.1748136e+03   1.8843052e+00   0.0000000e+00   0.0000000e+00
   1.9582290e+02   2.7568279e+02   1.4349912e+03   1.1749793e+03   1.8852008e+00   0.0000000e+00   0.0000000e+00
   1.9641147e+02   2.7569458e+02   1.4346396e+03   1.1751448e+03   1.8860954e+00   0.0000000e+00   0.0000000e+00
   1.9700004e+02   2.7570638e+02   1.4342881e+03   1.1753102e+03   1.8869892e+00   0.0000000e+00   0.0000000e+00
   1.9758861e+02   2.7571819e+02   1.4339368e+03   1.1754755e+03   1.8878821e+00   0.0000000e+00   0.0000000e+00
   1.9817718e+02   2.7573001e+02   1.4335856e+03   1.1756405e+03   1.8887741e+00   0.0000000e+00   0.0000000e+00
   1.9876575e+02   2.7574183e+02   1.4332345e+03   1.1758055e+03   1.8896653e+00   0.0000000e+00   0.0000000e+00
   1.9935432e+02   2.7575367e+02   1.4328836e+03   1.1759702e+03   1.8905556e+00   0.0000000e+00   0.0000000e+00
   1.9994290e+02   2.7576552e+02   1.4325328e+03   1.1761348e+03   1.8914450e+00   0.0000000e+00   0.0000000e+00
   2.0053147e+02   2.7577737e+02   1.4321822e+03   1.1762993e+03   1.8923336e+00   0.0000000e+00   0.0000000e+00
   2.0112004e+02   2.7578924e+02   1.4318316e+03   1.1764636e+03   1.8932214e+00   0.0000000e+00   0.0000000e+00
   2.0170861e+02   2.7580111e+02   1.4314813e+03   1.1766277e+03   1.8941083e+00   0.0000000e+00   0.0000000e+00
   2.0229718e+02   2.7581299e+02   1.4311310e+03   1.1767917e+03   1.8949945e+00   0.0000000e+00   0.0000000e+00
   2.0288575e+02   2.7582488e+02   1.4307809e+03   1.1769556e+03   1.8958798e+00   0.0000000e+00   0.0000000e+00
   2.0347432e+02   2.7583678e+02   1.4304309e+03   1.1771193e+03   1.8967642e+00   0.0000000e+00   0.0000000e+00
   2.0406289e+02   2.7584869e+02   1.4300811e+03   1.1772828e+03   1.8976479e+00   0.0000000e+00   0.0000000e+00
   2.0465147e+02   2.7586061e+02   1.4297314e+03   1.1774462e+03   1.8985308e+00   0.0000000e+00   0.0000000e+00
   2.0524004e+02   2.7587253e+02   1.4293818e+03   1.1776094e+03   1.8994128e+00   0.0000000e+00   0.0000000e+00
   2.0582861e+02   2.7588447e+02   1.4290324e+03   1.1777725e+03   1.9002941e+00   0.0000000e+00   0.0000000e+00
   2.0641718e+02   2.7589641e+02   1.4286830e+03   1.1779354e+03   1.9011746e+00   0.0000000e+00   0.0000000e+00
   2.0700575e+02   2.7590837e+02   1.4283339e+03   1.1780982e+03   1.9020543e+00   0.0000000e+00   0.0000000e+00
   2.0759432e+02   2.7592033e+02   1.4279848e+03   1.1782608e+03   1.9029333e+00   0.0000000e+00   0.0000000e+00
   2.0818289e+02   2.7593230e+02   1.4276360e+03   1.1784233e+03   1.9038115e+00   0.0000000e+00   0.0000000e+00
   2.0877146e+02   2.7594427e+02   1.4272872e+03   1.1785856e+03   1.9046889e+00   0.0000000e+00   0.0000000e+00
   2.0936004e+02   2.7595626e+02   1.4269386e+03   1.1787478e+03   1.9055655e+00   0.0000000e+00   0.0000000e+00
   2.0994861e+02   2.7596826e+02   1.4265901e+03   1.1789098e+03   1.9064414e+00   0.0000000e+00   0.0000000e+00
   2.1053718e+02   2.7598026e+02   1.4262417e+03   1.1790717e+03   1.9073166e+00   0.0000000e+00   0.0000000e+00
   2.1112575e+02   2.7599227e+02   1.4258935e+03   1.1792335e+03   1.9081910e+00   0.0000000e+00   0.0000000e+00
   2.1171432e+02   2.7600429e+02   1.4255454e+03   1.1793951e+03   1.9090647e+00   0.0000000e+00   0.0000000e+00
   2.1230289e+02   2.7601632e+02   1.4251974e+03   1.1795565e+03   1.9099377e+00   0.0000000e+00   0.0000000e+00
   2.1289146e+02   2.7602836e+02   1.4248496e+03   1.1797178e+03   1.9108099e+00   0.0000000e+00   0.0000000e+00
   2.1348003e+02   2.7604041e+02   1.4245019e+03   1.1798789e+03   1.9116815e+00   0.0000000e+00   0.0000000e+00
   2.1406860e+02   2.7605246e+02   1.4241543e+03   1.1800399e+03   1.9125523e+00   0.0000000e+00   0.0000000e+00
   2.1465718e+02   2.7606452e+02   1.4238069e+03   1.1802008e+03   1.9134224e+00   0.0000000e+00   0.0000000e+00
   2.1524575e+02   2.7607660e+02   1.4234596e+03   1.1803615e+03   1.9142918e+00   0.0000000e+00   0.0000000e+00
   2.1583432e+02   2.7608868e+02   1.4231125e+03   1.1805221e+03   1.9151605e+00   0.0000000e+00   0.0000000e+00
   2.1642289e+02   2.7610076e+02   1.4227655e+03   1.1806825e+03   1.9160285e+00   0.0000000e+00   0.0000000e+00
   2.1701146e+02   2.7611286e+02   1.4224186e+03   1.1808427e+03   1.9168959e+00   0.0000000e+00   0.0000000e+00
   2.1760003e+02   2.7612496e+02   1.4220718e+03   1.1810029e+03   1.9177625e+00   0.0000000e+00   0.0000000e+00
   2.1818860e+02   2.7613707e+02   1.4217252e+03   1.1811629e+03   1.9186285e+00   0.0000000e+00   0.0000000e+00
   2.1877717e+02   2.7614920e+02   1.4213787e+03   1.1813227e+03   1.9194938e+00   0.0000000e+00   0.0000000e+00
   2.1936575e+02   2.7616132e+02   1.4210323e+03   1.1814824e+03   1.9203584e+00   0.0000000e+00   0.0000000e+00
   2.1995432e+02   2.7617346e+02   1.4206861e+03   1.1816419e+03   1.9212224e+00   0.0000000e+00   0.0000000e+00
   2.2054289e+02   2.7618560e+02   1.4203400e+03   1.1818013e+03   1.9220858e+00   0.0000000e+00   0.0000000e+00
   2.2113146e+02   2.7619776e+02   1.4199941e+03   1.1819606e+03   1.9229484e+00   0.0000000e+00   0.0000000e+00
   2.2172003e+02   2.7620992e+02   1.4196482e+03   1.1821197e+03   1.9238105e+00   0.0000000e+00   0.0000000e+00
   2.2230860e+02   2.7622209e+02   1.4193026e+03   1.1822787e+03   1.9246719e+00   0.0000000e+00   0.0000000e+00
   2.2289717e+02   2.7623426e+02   1.4189570e+03   1.1824375e+03   1.9255327e+00   0.0000000e+00   0.0000000e+00
   2.2348574e+02   2.7624645e+02   1.4186116e+03   1.1825962e+03   1.9263928e+00   0.0000000e+00   0.0000000e+00
   2.2407432e+02   2.7625864e+02   1.4182663e+03   1.1827548e+03   1.9272524e+00   0.0000000e+00   0.0000000e+00
   2.2466289e+02   2.7627084e+02   1.4179211e+03   1.1829132e+03   1.9281113e+00   0.0000000e+00   0.0000000e+00
   2.2525146e+02   2.7628305e+02   1.4175761e+03   1.1830715e+03   1.9289696e+00   0.0000000e+00   0.0000000e+00
   2.2584003e+02   2.7629526e+02   1.4172312e+03   1.1832296e+03   1.9298273e+00   0.0000000e+00   0.0000000e+00
   2.2584003e+02   2.7629526e+02   1.4172312e+03   3.5055809e+03   7.9366336e+00   4.5299596e+00   1.4926008e+12
   2.7537817e+02   2.8968608e+02   1.4074355e+03   3.5055809e+03   7.8879063e+00   4.4991918e+00   4.0870192e+11
   3.2461256e+02   3.0299267e+02   1.3976399e+03   3.4898517e+03   7.9555800e+00   4.5382804e+00   1.2631547e+11
   3.7332419e+02   3.1621515e+02   1.3878442e+03   3.5132416e+03   7.9546552e+00   4.5362153e+00   4.3332461e+10
   4.2206346e+02   3.2935366e+02   1.3780486e+03   3.5136005e+03   7.9536598e+00   4.5341057e+00   1.6301443e+10
   4.7050283e+02   3.4240831e+02   1.3682529e+03   3.5139483e+03   7.9525420e+00   4.5319309e+00   6.6442744e+09
   5.1864255e+02   3.5537925e+02   1.3584573e+03   3.5142706e+03   7.9513159e+00   4.5297022e+00   2.9064673e+09
   5.6648269e+02   3.6826661e+02   1.3486616e+03   3.5145700e+03   7.9500201e+00   4.5274398e+00   1.3536009e+09
   6.1402338e+02   3.8107053e+02   1.3388660e+03   3.5148543e+03   7.9486679e+00   4.5251487e+00   6.6656700e+08
   6.6126491e+02   3.9379116e+02   1.3290703e+03   3.5151252e+03   7.9472261e+00   4.5228149e+00   3.4503698e+08
   7.0820758e+02   4.0642864e+02   1.3192746e+03   3.5153769e+03   7.9457290e+00   4.5204546e+00   1.8678641e+08
   7.5485167e+02   4.1898314e+02   1.3094790e+03   3.5156166e+03   7.9441827e+00   4.5180754e+00   1.0528411e+08
   8.0119756e+02   4.3145480e+02   1.2996833e+03   3.5158435e+03   7.9426061e+00   4.5156829e+00   6.1552155e+07
   8.4724567e+02   4.4384380e+02   1.2898877e+03   3.5160624e+03   7.9409560e+00   4.5132578e+00   3.7197897e+07
   8.9299649e+02   4.5615031e+02   1.2800920e+03   3.5162648e+03   7.9392900e+00   4.5108274e+00   2.3168397e+07
   9.3845043e+02   4.6837449e+02   1.2702964e+03   3.5164623e+03   7.9375933e+00   4.5083896e+00   1.4833174e+07
   9.8360808e+02   4.8051652e+02   1.2605007e+03   3.5166503e+03   7.9358564e+00   4.5059352e+00   9.7391254e+06
   1.0284700e+03   4.9257660e+02   1.2507051e+03   3.5168282e+03   7.9340944e+00   4.5034736e+00   6.5441323e+06
   1.0730367e+03   5.0455490e+02   1.2409094e+03   3.5169985e+03   7.9323242e+00   4.5010135e+00   4.4918516e+06
   1.1173090e+03   5.1645164e+02   1.2311138e+03   3.5171647e+03   7.9305243e+00   4.4985457e+00   3.1442625e+06
   1.1612874e+03   5.2826700e+02   1.2213181e+03   3.5173223e+03   7.9286974e+00   4.4960707e+00   2.2412193e+06
   1.2049727e+03   5.4000121e+02   1.2115225e+03   3.5174719e+03   7.9268749e+00   4.4936028e+00   1.6245695e+06
   1.2483656e+03   5.5165448e+02   1.2017268e+03   3.5176198e+03   7.9250357e+00   4.4911335e+00   1.1960608e+06
   1.2914670e+03   5.6322702e+02   1.1919312e+03   3.5177614e+03   7.9231703e+00   4.4886597e+00   8.9341173e+05
   1.3342776e+03   5.7471908e+02   1.1821355e+03   3.5178953e+03   7.9213126e+00   4.4861953e+00   6.7639420e+05
   1.3767982e+03   5.8613089e+02   1.1723399e+03   3.5180270e+03   7.9194451e+00   4.4837331e+00   5.1856518e+05
   1.4190299e+03   5.9746269e+02   1.1625442e+03   3.5181548e+03   7.9175614e+00   4.4812708e+00   4.0225579e+05
   1.4609735e+03   6.0871475e+02   1.1527485e+03   3.5182765e+03   7.9156843e+00   4.4788193e+00   3.1547715e+05
   1.5026300e+03   6.1988732e+02   1.1429529e+03   3.5183965e+03   7.9137981e+00   4.4763705e+00   2.4997645e+05
   1.5440005e+03   6.3098069e+02   1.1331572e+03   3.5185117e+03   7.9119096e+00   4.4739275e+00   1.9999523e+05
   1.5850859e+03   6.4199513e+02   1.1233616e+03   3.5186242e+03   7.9100280e+00   4.4714966e+00   1.6146398e+05
   1.6258875e+03   6.5293093e+02   1.1135659e+03   3.5187342e+03   7.9081323e+00   4.4690660e+00   1.3147203e+05
   1.6664063e+03   6.6378840e+02   1.1037703e+03   3.5188392e+03   7.9062480e+00   4.4666481e+00   1.0791384e+05
   1.7066436e+03   6.7456785e+02   1.0939746e+03   3.5189426e+03   7.9043669e+00   4.4642409e+00   8.9249919e+04
   1.7466006e+03   6.8526961e+02   1.0841790e+03   3.5190447e+03   7.9024754e+00   4.4618365e+00   7.4343175e+04
   1.7862787e+03   6.9589401e+02   1.0743833e+03   3.5191412e+03   7.9006001e+00   4.4594476e+00   6.2345653e+04
   1.8256791e+03   7.0644141e+02   1.0645877e+03   3.5192377e+03   7.8987201e+00   4.4570650e+00   5.2619233e+04
   1.8648033e+03   7.1691216e+02   1.0547920e+03   3.5193309e+03   7.8968481e+00   4.4546936e+00   4.4679554e+04
   1.9036528e+03   7.2730664e+02   1.0449964e+03   3.5194223e+03   7.8949871e+00   4.4523361e+00   3.8155927e+04
   1.9422291e+03   7.3762525e+02   1.0352007e+03   3.5195130e+03   7.8931124e+00   4.4499817e+00   3.2762445e+04
   1.9805338e+03   7.4786838e+02   1.0254051e+03   3.5195981e+03   7.8912652e+00   4.4476469e+00   2.8276946e+04
   2.0185684e+03   7.5803646e+02   1.0156094e+03   3.5196861e+03   7.8894110e+00   4.4453178e+00   2.4525576e+04
   2.0563349e+03   7.6812992e+02   1.0058138e+03   3.5197696e+03   7.8875660e+00   4.4430016e+00   2.1371367e+04
   2.0938349e+03   7.7814923e+02   9.9601810e+02   3.5198516e+03   7.8857365e+00   4.4406995e+00   1.8705709e+04
   2.1310704e+03   7.8809484e+02   9.8622245e+02   3.5199341e+03   7.8838970e+00   4.4384040e+00   1.6441952e+04
   2.1680432e+03   7.9796726e+02   9.7642680e+02   3.5200115e+03   7.8820869e+00   4.4361278e+00   1.4510555e+04
   2.2047555e+03   8.0776699e+02   9.6663114e+02   3.5200918e+03   7.8802662e+00   4.4338561e+00   1.2855397e+04
   2.2412093e+03   8.1749457e+02   9.5683549e+02   3.5201674e+03   7.8784635e+00   4.4316016e+00   1.1430938e+04
   2.2774068e+03   8.2715055e+02   9.4703984e+02   3.5202435e+03   7.8766664e+00   4.4293580e+00   1.0200035e+04
   2.3133504e+03   8.3673550e+02   9.3724419e+02   3.5203180e+03   7.8748745e+00   4.4271261e+00   9.1322446e+03
   2.3490424e+03   8.4625003e+02   9.2744853e+02   3.5203907e+03   7.8730963e+00   4.4249076e+00   8.2024938e+03
   2.3844854e+03   8.5569478e+02   9.1765288e+02   3.5204630e+03   7.8713269e+00   4.4227008e+00   7.3900391e+03
   2.4196819e+03   8.6507038e+02   9.0785723e+02   3.5205344e+03   7.8695682e+00   4.4205089e+00   6.6776437e+03
   2.4546348e+03   8.7437753e+02   8.9806157e+02   3.5206052e+03   7.8678180e+00   4.4183273e+00   6.0509238e+03
   2.4893468e+03   8.8361693e+02   8.8826592e+02   3.5206751e+03   7.8660772e+00   4.4161598e+00   5.4978282e+03
   2.5238209e+03   8.9278934e+02   8.7847027e+02   3.5207436e+03   7.8643403e+00   4.4140018e+00   5.0082200e+03
   2.5580603e+03   9.0189552e+02   8.6867462e+02   3.5208107e+03   7.8626241e+00   4.4118608e+00   4.5735406e+03
   2.5920683e+03   9.1093631e+02   8.5887896e+02   3.5208791e+03   7.8609024e+00   4.4097261e+00   4.1865382e+03
   2.6258482e+03   9.1991254e+02   8.4908331e+02   3.5209439e+03   7.8592092e+00   4.4076116e+00   3.8410461e+03
   2.6594036e+03   9.2882511e+02   8.3928766e+02   3.5210119e+03   7.8575044e+00   4.4055006e+00   3.5318031e+03
   2.6927383e+03   9.3767495e+02   8.2949200e+02   3.5210744e+03   7.8558335e+00   4.4034102e+00   3.2543059e+03
   2.7258562e+03   9.4646304e+02   8.1969635e+02   3.5211417e+03   7.8541476e+00   4.4013245e+00   3.0046876e+03
   2.7587615e+03   9.5519041e+02   8.0990070e+02   3.5212032e+03   7.8524956e+00   4.3992583e+00   2.7796178e+03
   2.7914583e+03   9.6385813e+02   8.0010505e+02   3.5212697e+03   7.8508312e+00   4.3971965e+00   2.5762198e+03
   2.8239514e+03   9.7246733e+02   7.9030939e+02   3.5213304e+03   7.8491985e+00   4.3951532e+00   2.3920017e+03
   2.8562454e+03   9.8101919e+02   7.8051374e+02   3.5213950e+03   7.8475535e+00   4.3931148e+00   2.2247989e+03
   2.8883454e+03   9.8951497e+02   7.7071809e+02   3.5214558e+03   7.8459383e+00   4.3910947e+00   2.0727262e+03
   2.9202565e+03   9.9795597e+02   7.6092244e+02   3.5215199e+03   7.8443154e+00   4.3890785e+00   1.9341375e+03
   2.9519845e+03   1.0063436e+03   7.5112678e+02   3.5215800e+03   7.8427174e+00   4.3870799e+00   1.8075919e+03
   2.9835350e+03   1.0146792e+03   7.4133113e+02   3.5216433e+03   7.8411139e+00   4.3850854e+00   1.6918251e+03
   3.0149143e+03   1.0229645e+03   7.3153548e+02   3.5217028e+03   7.8395310e+00   4.3831065e+00   1.5857250e+03
   3.0461288e+03   1.0312009e+03   7.2173982e+02   3.5217649e+03   7.8379486e+00   4.3811342e+00   1.4883112e+03
   3.0771853e+03   1.0393902e+03   7.1194417e+02   3.5218253e+03   7.8363815e+00   4.3791741e+00   1.3987177e+03
   3.1080911e+03   1.0475342e+03   7.0214852e+02   3.5218867e+03   7.8348189e+00   4.3772210e+00   1.3161777e+03
   3.1388538e+03   1.0556349e+03   6.9235287e+02   3.5219478e+03   7.8332662e+00   4.3752784e+00   1.2400107e+03
   3.1694814e+03   1.0636941e+03   6.8255721e+02   3.5220079e+03   7.8317231e+00   4.3733438e+00   1.1696118e+03
   3.1999825e+03   1.0717140e+03   6.7276156e+02   3.5220694e+03   7.8301820e+00   4.3714158e+00   1.1044424e+03
   3.2303661e+03   1.0796969e+03   6.6296591e+02   3.5221297e+03   7.8286568e+00   4.3694987e+00   1.0440213e+03
   3.2606417e+03   1.0876451e+03   6.5317025e+02   3.5221916e+03   7.8271272e+00   4.3675845e+00   9.8791856e+02
   3.2908196e+03   1.0955612e+03   6.4337460e+02   3.5222515e+03   7.8256192e+00   4.3656818e+00   9.3574896e+02
   3.3209104e+03   1.1034479e+03   6.3357895e+02   3.5223151e+03   7.8241016e+00   4.3637801e+00   8.8716672e+02
   3.3509256e+03   1.1113080e+03   6.2378330e+02   3.5223743e+03   7.8226113e+00   4.3618903e+00   8.4186102e+02
   3.3808774e+03   1.1191445e+03   6.1398764e+02   3.5224387e+03   7.8211015e+00   4.3599967e+00   7.9955191e+02
   3.4107787e+03   1.1269608e+03   6.0419199e+02   3.5224987e+03   7.8196172e+00   4.3581142e+00   7.5998692e+02
   3.4406434e+03   1.1347601e+03   5.9439634e+02   3.5225638e+03   7.8181205e+00   4.3562297e+00   7.2293788e+02
   3.4704861e+03   1.1425463e+03   5.8460068e+02   3.5226252e+03   7.8166410e+00   4.3543512e+00   6.8819832e+02
   3.5003226e+03   1.1503233e+03   5.7480503e+02   3.5226901e+03   7.8151554e+00   4.3524714e+00   6.5558107e+02
   3.5301696e+03   1.1580951e+03   5.6500938e+02   3.5227536e+03   7.8136788e+00   4.3505937e+00   6.2491625e+02
   3.5600452e+03   1.1658664e+03   5.5521373e+02   3.5228191e+03   7.8122017e+00   4.3487151e+00   5.9604936e+02
   3.5899686e+03   1.1736419e+03   5.4541807e+02   3.5228845e+03   7.8107237e+00   4.3468338e+00   5.6883975e+02
   3.6199604e+03   1.1814269e+03   5.3562242e+02   3.5229504e+03   7.8092518e+00   4.3449526e+00   5.4315914e+02
   3.6500428e+03   1.1892269e+03   5.2582677e+02   3.5230184e+03   7.8077688e+00   4.3430626e+00   5.1889039e+02
   3.6802397e+03   1.1970478e+03   5.1603112e+02   3.5230855e+03   7.8062908e+00   4.3411700e+00   4.9592634e+02
   3.7105767e+03   1.2048961e+03   5.0623546e+02   3.5231545e+03   7.8048061e+00   4.3392677e+00   4.7416888e+02
   3.7410816e+03   1.2127788e+03   4.9643981e+02   3.5232240e+03   7.8033180e+00   4.3373580e+00   4.5352801e+02
   3.7717842e+03   1.2207033e+03   4.8664416e+02   3.5232950e+03   7.8018263e+00   4.3354378e+00   4.3392108e+02
   3.8027168e+03   1.2286779e+03   4.7684850e+02   3.5233681e+03   7.8003221e+00   4.3335034e+00   4.1527205e+02
   3.8339145e+03   1.2367112e+03   4.6705285e+02   3.5234406e+03   7.7988183e+00   4.3315569e+00   3.9751094e+02
   3.8654152e+03   1.2448129e+03   4.5725720e+02   3.5235169e+03   7.7972930e+00   4.3295898e+00   3.8057318e+02
   3.8972602e+03   1.2529933e+03   4.4746155e+02   3.5235919e+03   7.7957712e+00   4.3276078e+00   3.6439916e+02
   3.8972602e+03   1.2529933e+03   4.4746155e+02   8.0000000e+03   5.9987394e+00   3.2460461e+00   1.0000000e+04
   4.2687118e+03   1.2543856e+03   3.9774360e+02   8.0106795e+03   5.9947394e+00   3.2438816e+00   1.0000000e+04
   4.5893250e+03   1.2557778e+03   3.4802565e+02   8.0205220e+03   6.0206199e+00   3.2561450e+00   1.0000000e+04
   4.8554914e+03   1.2571700e+03   2.9830770e+02   8.0297529e+03   6.0425417e+00   3.2665192e+00   1.0000000e+04
   5.0612112e+03   1.2585622e+03   2.4858975e+02   8.0385534e+03   6.0602136e+00   3.2748571e+00   1.0000000e+04
   5.1954352e+03   1.2599544e+03   1.9887180e+02   8.0470872e+03   6.0731570e+00   3.2809213e+00   1.0000000e+04
   5.2349857e+03   1.2613466e+03   1.4915385e+02   8.0555343e+03   6.0804856e+00   3.2842779e+00   1.0000000e+04
   5.1212399e+03   1.2627389e+03   9.9435899e+01   8.0641687e+03   6.0803223e+00   3.2840130e+00   1.0000000e+04
   4.6518391e+03   1.2641311e+03   4.9717950e+01   8.0737143e+03   6.0678330e+00   3.2777757e+00   1.0000000e+04
   2.4571175e+03   1.2655233e+03   0.0000000e+00   8.0920444e+03   6.0241572e+00   3.2562956e+00   1.0000000e+04
