   0.0000000e+00   1.0200000e+02   1.5610000e+03   9.3216108e+02   3.9792509e+00   1.9652120e+00   7.2886017e+04
   1.2920681e+00   1.2282414e+02   1.5599453e+03   9.3216108e+02   3.9807627e+00   1.9659585e+00   9.8973100e+03
   2.5841361e+00   1.4789969e+02   1.5588914e+03   9.3216624e+02   3.9833441e+00   1.9672334e+00   1.8854135e+03
   3.8762042e+00   1.7809462e+02   1.5578383e+03   9.3215995e+02   3.9877335e+00   1.9694012e+00   4.7575865e+02
   5.1682723e+00   2.1445410e+02   1.5567859e+03   9.3214106e+02   3.9950341e+00   1.9730067e+00   1.5162041e+02
   6.4603404e+00   2.5823666e+02   1.5557342e+03   9.3210832e+02   4.0062789e+00   1.9785601e+00   5.8658274e+01
   7.7524084e+00   2.5824215e+02   1.5546833e+03   9.3206034e+02   4.0059730e+00   1.9784090e+00   5.8652479e+01
   9.0444765e+00   2.5824782e+02   1.5536331e+03   9.3199559e+02   4.0056672e+00   1.9782580e+00   5.8646489e+01
   1.0336545e+01   2.5825368e+02   1.5525836e+03   9.3191237e+02   4.0053615e+00   1.9781071e+00   5.8640295e+01
   1.1628613e+01   2.5825974e+02   1.5515348e+03   9.3180882e+02   4.0050561e+00   1.9779562e+00   5.8633892e+01
   1.2920681e+01   2.5826601e+02   1.5504866e+03   9.3168291e+02   4.0047508e+00   1.9778054e+00   5.8627272e+01
   1.4212749e+01   2.5827250e+02   1.5494390e+03   9.3153240e+02   4.0044457e+00   1.9776547e+00   5.8620428e+01
   1.5504817e+01   2.5827920e+02   1.5483921e+03   9.3135486e+02   4.0041408e+00   1.9775042e+00   5.8613352e+01
   1.6796885e+01   2.5828613e+02   1.5473457e+03   9.3114765e+02   4.0038361e+00   1.9773537e+00   5.8606037e+01
   1.8088953e+01   2.5829330e+02   1.5462998e+03   9.3090793e+02   4.0035317e+00   1.9772034e+00   5.8598475e+01
   1.9381021e+01   2.5830071e+02   1.5452545e+03   9.3063264e+02   4.0032275e+00   1.9770532e+00   5.8590657e+01
   2.0673089e+01   2.5830837e+02   1.5442096e+03   9.3031857e+02   4.0029237e+00   1.9769031e+00   5.8582575e+01
   2.1965157e+01   2.5831629e+02   1.5431651e+03   9.2996235e+02   4.0026201e+00   1.9767532e+00   5.8574220e+01
   2.3257225e+01   2.5832449e+02   1.5421211e+03   9.2956049e+02   4.0023169e+00   1.9766034e+00   5.8565582e+01
   2.4549293e+01   2.5833296e+02   1.5410773e+03   9.2910950e+02   4.0020140e+00   1.9764538e+00   5.8556652e+01
   2.5841361e+01   2.5834172e+02   1.5400338e+03   9.2860593e+02   4.0017115e+00   1.9763044e+00   5.8547421e+01
   2.7133430e+01   2.5835077e+02   1.5389905e+03   9.2804652e+02   4.0014093e+00   1.9761552e+00   5.8537879e+01
   2.8425498e+01   2.5836014e+02   1.5379474e+03   9.2742838e+02   4.0011076e+00   1.9760062e+00   5.8528014e+01
   2.9717566e+01   2.5836982e+02   1.5369043e+03   9.2674914e+02   4.0008062e+00   1.9758574e+00   5.8517816e+01
   3.1009634e+01   2.5837984e+02   1.5358613e+03   9.2600724e+02   4.0005053e+00   1.9757088e+00   5.8507275e+01
   3.2301702e+01   2.5839019e+02   1.5348182e+03   9.2520212e+02   4.0002049e+00   1.9755604e+00   5.8496377e+01
   3.3593770e+01   2.5840089e+02   1.5337750e+03   9.2433460e+02   3.9999049e+00   1.9754122e+00   5.8485113e+01
   3.4885838e+01   2.5841196e+02   1.5327316e+03   9.2340709e+02   3.9996054e+00   1.9752643e+00   5.8473469e+01
   3.6177906e+01   2.5842341e+02   1.5316879e+03   9.2242387e+02   3.9993064e+00   1.9751166e+00   5.8461432e+01
   3.7469974e+01   2.7040000e+02   1.5306440e+03   9.2139133e+02   4.0024058e+00   1.9766473e+00   4.7583649e+01
   3.7469974e+01   2.7040086e+02   1.5306440e+03   1.0182792e+03   1.4488256e+00   0.0000000e+00   0.0000000e+00
   3.7995034e+01   2.7040179e+02   1.5302600e+03   1.0185292e+03   1.4497551e+00   0.0000000e+00   0.0000000e+00
   3.8520094e+01   2.7040277e+02   1.5298763e+03   1.0187788e+03   1.4506862e+00   0.0000000e+00   0.0000000e+00
   3.9045154e+01   2.7040381e+02   1.5294928e+03   1.0190281e+03   1.4516187e+00   0.0000000e+00   0.0000000e+00
   3.9570214e+01   2.7040492e+02   1.5291095e+03   1.0192770e+03   1.4525529e+00   0.0000000e+00   0.0000000e+00
   4.0095274e+01   2.7040608e+02   1.5287263e+03   1.0195257e+03   1.4534886e+00   0.0000000e+00   0.0000000e+00
   4.0620334e+01   2.7040731e+02   1.5283434e+03   1.0197740e+03   1.4544259e+00   0.0000000e+00   0.0000000e+00
   4.1145394e+01   2.7040859e+02   1.5279606e+03   1.0200220e+03   1.4553647e+00   0.0000000e+00   0.0000000e+00
   4.1670455e+01   2.7040993e+02   1.5275780e+03   1.0202697e+03   1.4563051e+00   0.0000000e+00   0.0000000e+00
   4.2195515e+01   2.7041133e+02   1.5271956e+03   1.0205171e+03   1.4572469e+00   0.0000000e+00   0.0000000e+00
   4.2720575e+01   2.7041279e+02   1.5268134e+03   1.0207641e+03   1.4581903e+00   0.0000000e+00   0.0000000e+00
   4.3245635e+01   2.7041430e+02   1.5264314e+03   1.0210109e+03   1.4591351e+00   0.0000000e+00   0.0000000e+00
   4.3770695e+01   2.7041588e+02   1.5260496e+03   1.0212573e+03   1.4600814e+00   0.0000000e+00   0.0000000e+00
   4.4295755e+01   2.7041751e+02   1.5256680e+03   1.0215034e+03   1.4610290e+00   0.0000000e+00   0.0000000e+00
   4.4820815e+01   2.7041920e+02   1.5252866e+03   1.0217491e+03   1.4619781e+00   0.0000000e+00   0.0000000e+00
   4.5345875e+01   2.7042095e+02   1.5249054e+03   1.0219946e+03   1.4629285e+00   0.0000000e+00   0.0000000e+00
   4.5870935e+01   2.7042276e+02   1.5245243e+03   1.0222397e+03   1.4638802e+00   0.0000000e+00   0.0000000e+00
   4.6395995e+01   2.7042462e+02   1.5241434e+03   1.0224845e+03   1.4648332e+00   0.0000000e+00   0.0000000e+00
   4.6921055e+01   2.7042654e+02   1.5237628e+03   1.0227290e+03   1.4657876e+00   0.0000000e+00   0.0000000e+00
   4.7446115e+01   2.7042852e+02   1.5233823e+03   1.0229732e+03   1.4667432e+00   0.0000000e+00   0.0000000e+00
   4.7971175e+01   2.7043055e+02   1.5230020e+03   1.0232171e+03   1.4677000e+00   0.0000000e+00   0.0000000e+00
   4.8496235e+01   2.7043264e+02   1.5226219e+03   1.0234606e+03   1.4686581e+00   0.0000000e+00   0.0000000e+00
   4.9021295e+01   2.7043479e+02   1.5222420e+03   1.0237038e+03   1.4696173e+00   0.0000000e+00   0.0000000e+00
   4.9546355e+01   2.7043699e+02   1.5218623e+03   1.0239467e+03   1.4705777e+00   0.0000000e+00   0.0000000e+00
   5.0071415e+01   2.7043925e+02   1.5214827e+03   1.0241893e+03   1.4715392e+00   0.0000000e+00   0.0000000e+00
   5.0596475e+01   2.7044156e+02   1.5211034e+03   1.0244316e+03   1.4725019e+00   0.0000000e+00   0.0000000e+00
   5.1121535e+01   2.7044393e+02   1.5207242e+03   1.0246736e+03   1.4734657e+00   0.0000000e+00   0.0000000e+00
   5.1646596e+01   2.7044636e+02   1.5203452e+03   1.0249152e+03   1.4744305e+00   0.0000000e+00   0.0000000e+00
   5.2171656e+01   2.7044884e+02   1.5199664e+03   1.0251565e+03   1.4753963e+00   0.0000000e+00   0.0000000e+00
   5.2696716e+01   2.7045137e+02   1.5195878e+03   1.0253976e+03   1.4763632e+00   0.0000000e+00   0.0000000e+00
   5.3221776e+01   2.7045396e+02   1.5192094e+03   1.0256383e+03   1.4773310e+00   0.0000000e+00   0.0000000e+00
   5.3746836e+01   2.7045660e+02   1.5188312e+03   1.0258787e+03   1.4782998e+00   0.0000000e+00   0.0000000e+00
   5.4271896e+01   2.7045930e+02   1.5184531e+03   1.0261187e+03   1.4792696e+00   0.0000000e+00   0.0000000e+00
   5.4796956e+01   2.7046205e+02   1.5180753e+03   1.0263585e+03   1.4802402e+00   0.0000000e+00   0.0000000e+00
   5.5322016e+01   2.7046486e+02   1.5176976e+03   1.0265979e+03   1.4812118e+00   0.0000000e+00   0.0000000e+00
   5.5847076e+01   2.7046771e+02   1.5173201e+03   1.0268371e+03   1.4821842e+00   0.0000000e+00   0.0000000e+00
   5.6372136e+01   2.7047063e+02   1.5169428e+03   1.0270759e+03   1.4831574e+00   0.0000000e+00   0.0000000e+00
   5.6897196e+01   2.7047359e+02   1.5165657e+03   1.0273144e+03   1.4841314e+00   0.0000000e+00   0.0000000e+00
   5.7422256e+01   2.7047661e+02   1.5161887e+03   1.0275526e+03   1.4851062e+00   0.0000000e+00   0.0000000e+00
   5.7947316e+01   2.7047968e+02   1.5158120e+03   1.0277905e+03   1.4860818e+00   0.0000000e+00   0.0000000e+00
   5.8472376e+01   2.7048280e+02   1.5154354e+03   1.0280281e+03   1.4870581e+00   0.0000000e+00   0.0000000e+00
   5.8997436e+01   2.7048598e+02   1.5150590e+03   1.0282654e+03   1.4880351e+00   0.0000000e+00   0.0000000e+00
   5.9522496e+01   2.7048921e+02   1.5146828e+03   1.0285023e+03   1.4890127e+00   0.0000000e+00   0.0000000e+00
   6.0047556e+01   2.7049249e+02   1.5143068e+03   1.0287390e+03   1.4899910e+00   0.0000000e+00   0.0000000e+00
   6.0572616e+01   2.7049582e+02   1.5139310e+03   1.0289753e+03   1.4909699e+00   0.0000000e+00   0.0000000e+00
   6.1097676e+01   2.7049921e+02   1.5135553e+03   1.0292114e+03   1.4919495e+00   0.0000000e+00   0.0000000e+00
   6.1622737e+01   2.7050264e+02   1.5131799e+03   1.0294471e+03   1.4929296e+00   0.0000000e+00   0.0000000e+00
   6.2147797e+01   2.7050613e+02   1.5128046e+03   1.0296825e+03   1.4939104e+00   0.0000000e+00   0.0000000e+00
   6.2672857e+01   2.7050967e+02   1.5124295e+03   1.0299176e+03   1.4948918e+00   0.0000000e+00   0.0000000e+00
   6.3197917e+01   2.7051325e+02   1.5120545e+03   1.0301524e+03   1.4958737e+00   0.0000000e+00   0.0000000e+00
   6.3722977e+01   2.7051689e+02   1.5116798e+03   1.0303869e+03   1.4968562e+00   0.0000000e+00   0.0000000e+00
   6.4248037e+01   2.7052058e+02   1.5113052e+03   1.0306211e+03   1.4978394e+00   0.0000000e+00   0.0000000e+00
   6.4773097e+01   2.7052432e+02   1.5109309e+03   1.0308550e+03   1.4988231e+00   0.0000000e+00   0.0000000e+00
   6.5298157e+01   2.7052812e+02   1.5105567e+03   1.0310886e+03   1.4998073e+00   0.0000000e+00   0.0000000e+00
   6.5823217e+01   2.7053196e+02   1.5101827e+03   1.0313218e+03   1.5007922e+00   0.0000000e+00   0.0000000e+00
   6.6348277e+01   2.7053585e+02   1.5098088e+03   1.0315548e+03   1.5017776e+00   0.0000000e+00   0.0000000e+00
   6.6873337e+01   2.7053979e+02   1.5094352e+03   1.0317875e+03   1.5027635e+00   0.0000000e+00   0.0000000e+00
   6.7398397e+01   2.7054378e+02   1.5090617e+03   1.0320198e+03   1.5037500e+00   0.0000000e+00   0.0000000e+00
   6.7923457e+01   2.7054781e+02   1.5086884e+03   1.0322519e+03   1.5047371e+00   0.0000000e+00   0.0000000e+00
   6.8448517e+01   2.7055190e+02   1.5083153e+03   1.0324836e+03   1.5057247e+00   0.0000000e+00   0.0000000e+00
   6.8973577e+01   2.7055604e+02   1.5079424e+03   1.0327151e+03   1.5067128e+00   0.0000000e+00   0.0000000e+00
   6.9498637e+01   2.7056022e+02   1.5075696e+03   1.0329462e+03   1.5077015e+00   0.0000000e+00   0.0000000e+00
   7.0023697e+01   2.7056446e+02   1.5071970e+03   1.0331771e+03   1.5086906e+00   0.0000000e+00   0.0000000e+00
   7.0548757e+01   2.7056874e+02   1.5068246e+03   1.0334076e+03   1.5096804e+00   0.0000000e+00   0.0000000e+00
   7.1073817e+01   2.7057307e+02   1.5064524e+03   1.0336378e+03   1.5106706e+00   0.0000000e+00   0.0000000e+00
   7.1598877e+01   2.7057745e+02   1.5060804e+03   1.0338678e+03   1.5116613e+00   0.0000000e+00   0.0000000e+00
   7.2123938e+01   2.7058187e+02   1.5057085e+03   1.0340974e+03   1.5126525e+00   0.0000000e+00   0.0000000e+00
   7.2648998e+01   2.7058635e+02   1.5053369e+03   1.0343268e+03   1.5136442e+00   0.0000000e+00   0.0000000e+00
   7.3174058e+01   2.7059087e+02   1.5049654e+03   1.0345558e+03   1.5146363e+00   0.0000000e+00   0.0000000e+00
   7.3699118e+01   2.7059544e+02   1.5045940e+03   1.0347846e+03   1.5156289e+00   0.0000000e+00   0.0000000e+00
   7.4224178e+01   2.7060005e+02   1.5042229e+03   1.0350130e+03   1.5166220e+00   0.0000000e+00   0.0000000e+00
   7.4749238e+01   2.7060472e+02   1.5038519e+03   1.0352411e+03   1.5176154e+00   0.0000000e+00   0.0000000e+00
   7.5274298e+01   2.7060943e+02   1.5034811e+03   1.0354690e+03   1.5186093e+00   0.0000000e+00   0.0000000e+00
   7.5799358e+01   2.7061418e+02   1.5031105e+03   1.0356965e+03   1.5196036e+00   0.0000000e+00   0.0000000e+00
   7.6324418e+01   2.7061898e+02   1.5027401e+03   1.0359238e+03   1.5205983e+00   0.0000000e+00   0.0000000e+00
   7.6849478e+01   2.7062383e+02   1.5023698e+03   1.0361508e+03   1.5215934e+00   0.0000000e+00   0.0000000e+00
   7.7374538e+01   2.7062873e+02   1.5019997e+03   1.0363774e+03   1.5225888e+00   0.0000000e+00   0.0000000e+00
   7.7899598e+01   2.7063367e+02   1.5016298e+03   1.0366038e+03   1.5235846e+00   0.0000000e+00   0.0000000e+00
   7.8424658e+01   2.7063865e+02   1.5012601e+03   1.0368299e+03   1.5245808e+00   0.0000000e+00   0.0000000e+00
   7.8949718e+01   2.7064369e+02   1.5008905e+03   1.0370556e+03   1.5255772e+00   0.0000000e+00   0.0000000e+00
   7.9474778e+01   2.7064876e+02   1.5005211e+03   1.0372811e+03   1.5265740e+00   0.0000000e+00   0.0000000e+00
   7.9999838e+01   2.7065389e+02   1.5001519e+03   1.0375063e+03   1.5275712e+00   0.0000000e+00   0.0000000e+00
   8.0524898e+01   2.7065905e+02   1.4997829e+03   1.0377312e+03   1.5285686e+00   0.0000000e+00   0.0000000e+00
   8.1049958e+01   2.7066427e+02   1.4994140e+03   1.0379558e+03   1.5295663e+00   0.0000000e+00   0.0000000e+00
   8.1575018e+01   2.7066952e+02   1.4990454e+03   1.0381801e+03   1.5305643e+00   0.0000000e+00   0.0000000e+00
   8.2100079e+01   2.7067482e+02   1.4986769e+03   1.0384041e+03   1.5315625e+00   0.0000000e+00   0.0000000e+00
   8.2625139e+01   2.7068017e+02   1.4983085e+03   1.0386279e+03   1.5325610e+00   0.0000000e+00   0.0000000e+00
   8.3150199e+01   2.7068556e+02   1.4979404e+03   1.0388513e+03   1.5335598e+00   0.0000000e+00   0.0000000e+00
   8.3675259e+01   2.7069100e+02   1.4975724e+03   1.0390744e+03   1.5345587e+00   0.0000000e+00   0.0000000e+00
   8.4200319e+01   2.7069647e+02   1.4972046e+03   1.0392973e+03   1.5355579e+00   0.0000000e+00   0.0000000e+00
   8.4725379e+01   2.7070200e+02   1.4968369e+03   1.0395199e+03   1.5365573e+00   0.0000000e+00   0.0000000e+00
   8.5250439e+01   2.7070756e+02   1.4964695e+03   1.0397421e+03   1.5375569e+00   0.0000000e+00   0.0000000e+00
   8.5775499e+01   2.7071317e+02   1.4961022e+03   1.0399641e+03   1.5385566e+00   0.0000000e+00   0.0000000e+00
   8.6300559e+01   2.7071882e+02   1.4957351e+03   1.0401858e+03   1.5395565e+00   0.0000000e+00   0.0000000e+00
   8.6825619e+01   2.7072452e+02   1.4953681e+03   1.0404072e+03   1.5405566e+00   0.0000000e+00   0.0000000e+00
   8.7350679e+01   2.7073026e+02   1.4950014e+03   1.0406284e+03   1.5415568e+00   0.0000000e+00   0.0000000e+00
   8.7875739e+01   2.7073604e+02   1.4946348e+03   1.0408492e+03   1.5425572e+00   0.0000000e+00   0.0000000e+00
   8.8400799e+01   2.7074186e+02   1.4942683e+03   1.0410698e+03   1.5435576e+00   0.0000000e+00   0.0000000e+00
   8.8925859e+01   2.7074773e+02   1.4939021e+03   1.0412900e+03   1.5445582e+00   0.0000000e+00   0.0000000e+00
   8.9450919e+01   2.7075364e+02   1.4935360e+03   1.0415100e+03   1.5455588e+00   0.0000000e+00   0.0000000e+00
   8.9975979e+01   2.7075959e+02   1.4931701e+03   1.0417297e+03   1.5465596e+00   0.0000000e+00   0.0000000e+00
   9.0501039e+01   2.7076558e+02   1.4928043e+03   1.0419491e+03   1.5475604e+00   0.0000000e+00   0.0000000e+00
   9.1026099e+01   2.7077162e+02   1.4924388e+03   1.0421682e+03   1.5485612e+00   0.0000000e+00   0.0000000e+00
   9.1551159e+01   2.7077770e+02   1.4920734e+03   1.0423871e+03   1.5495621e+00   0.0000000e+00   0.0000000e+00
   9.2076220e+01   2.7078381e+02   1.4917081e+03   1.0426056e+03   1.5505631e+00   0.0000000e+00   0.0000000e+00
   9.2601280e+01   2.7078997e+02   1.4913431e+03   1.0428239e+03   1.5515642e+00   0.0000000e+00   0.0000000e+00
   9.3126340e+01   2.7079618e+02   1.4909782e+03   1.0430419e+03   1.5525653e+00   0.0000000e+00   0.0000000e+00
   9.3651400e+01   2.7080242e+02   1.4906135e+03   1.0432596e+03   1.5535665e+00   0.0000000e+00   0.0000000e+00
   9.4176460e+01   2.7080870e+02   1.4902489e+03   1.0434771e+03   1.5545677e+00   0.0000000e+00   0.0000000e+00
   9.4701520e+01   2.7081502e+02   1.4898846e+03   1.0436942e+03   1.5555690e+00   0.0000000e+00   0.0000000e+00
   9.5226580e+01   2.7082139e+02   1.4895204e+03   1.0439111e+03   1.5565704e+00   0.0000000e+00   0.0000000e+00
   9.5751640e+01   2.7082779e+02   1.4891563e+03   1.0441277e+03   1.5575719e+00   0.0000000e+00   0.0000000e+00
   9.6276700e+01   2.7083424e+02   1.4887925e+03   1.0443440e+03   1.5585734e+00   0.0000000e+00   0.0000000e+00
   9.6801760e+01   2.7084072e+02   1.4884288e+03   1.0445600e+03   1.5595750e+00   0.0000000e+00   0.0000000e+00
   9.7326820e+01   2.7084725e+02   1.4880652e+03   1.0447758e+03   1.5605767e+00   0.0000000e+00   0.0000000e+00
   9.7851880e+01   2.7085382e+02   1.4877019e+03   1.0449912e+03   1.5615785e+00   0.0000000e+00   0.0000000e+00
   9.8376940e+01   2.7086042e+02   1.4873387e+03   1.0452064e+03   1.5625803e+00   0.0000000e+00   0.0000000e+00
   9.8902000e+01   2.7086706e+02   1.4869757e+03   1.0454213e+03   1.5635822e+00   0.0000000e+00   0.0000000e+00
   9.9427060e+01   2.7087375e+02   1.4866128e+03   1.0456360e+03   1.5645842e+00   0.0000000e+00   0.0000000e+00
   9.9952120e+01   2.7088047e+02   1.4862501e+03   1.0458504e+03   1.5655862e+00   0.0000000e+00   0.0000000e+00
   1.0047718e+02   2.7088723e+02   1.4858876e+03   1.0460645e+03   1.5665883e+00   0.0000000e+00   0.0000000e+00
   1.0100224e+02   2.7089403e+02   1.4855252e+03   1.0462783e+03   1.5675906e+00   0.0000000e+00   0.0000000e+00
   1.0152730e+02   2.7090087e+02   1.4851631e+03   1.0464918e+03   1.5685929e+00   0.0000000e+00   0.0000000e+00
   1.0205236e+02   2.7090775e+02   1.4848010e+03   1.0467051e+03   1.5695953e+00   0.0000000e+00   0.0000000e+00
   1.0257742e+02   2.7091467e+02   1.4844392e+03   1.0469181e+03   1.5705978e+00   0.0000000e+00   0.0000000e+00
   1.0310248e+02   2.7092163e+02   1.4840775e+03   1.0471308e+03   1.5716004e+00   0.0000000e+00   0.0000000e+00
   1.0362754e+02   2.7092862e+02   1.4837160e+03   1.0473432e+03   1.5726031e+00   0.0000000e+00   0.0000000e+00
   1.0415260e+02   2.7093565e+02   1.4833546e+03   1.0475554e+03   1.5736059e+00   0.0000000e+00   0.0000000e+00
   1.0467766e+02   2.7094272e+02   1.4829935e+03   1.0477673e+03   1.5746089e+00   0.0000000e+00   0.0000000e+00
   1.0520272e+02   2.7094983e+02   1.4826324e+03   1.0479790e+03   1.5756120e+00   0.0000000e+00   0.0000000e+00
   1.0572778e+02   2.7095697e+02   1.4822716e+03   1.0481903e+03   1.5766152e+00   0.0000000e+00   0.0000000e+00
   1.0625284e+02   2.7096415e+02   1.4819109e+03   1.0484014e+03   1.5776185e+00   0.0000000e+00   0.0000000e+00
   1.0677790e+02   2.7097137e+02   1.4815504e+03   1.0486122e+03   1.5786220e+00   0.0000000e+00   0.0000000e+00
   1.0730296e+02   2.7097863e+02   1.4811900e+03   1.0488228e+03   1.5796256e+00   0.0000000e+00   0.0000000e+00
   1.0782802e+02   2.7098592e+02   1.4808299e+03   1.0490331e+03   1.5806294e+00   0.0000000e+00   0.0000000e+00
   1.0835308e+02   2.7099325e+02   1.4804698e+03   1.0492431e+03   1.5816334e+00   0.0000000e+00   0.0000000e+00
   1.0887814e+02   2.7100062e+02   1.4801100e+03   1.0494528e+03   1.5826375e+00   0.0000000e+00   0.0000000e+00
   1.0940320e+02   2.7100802e+02   1.4797503e+03   1.0496623e+03   1.5836418e+00   0.0000000e+00   0.0000000e+00
   1.0992826e+02   2.7101546e+02   1.4793907e+03   1.0498715e+03   1.5846462e+00   0.0000000e+00   0.0000000e+00
   1.1045332e+02   2.7102294e+02   1.4790314e+03   1.0500805e+03   1.5856509e+00   0.0000000e+00   0.0000000e+00
   1.1097838e+02   2.7103045e+02   1.4786722e+03   1.0502892e+03   1.5866557e+00   0.0000000e+00   0.0000000e+00
   1.1150344e+02   2.7103799e+02   1.4783131e+03   1.0504976e+03   1.5876607e+00   0.0000000e+00   0.0000000e+00
   1.1202850e+02   2.7104558e+02   1.4779543e+03   1.0507057e+03   1.5886659e+00   0.0000000e+00   0.0000000e+00
   1.1255356e+02   2.7105320e+02   1.4775956e+03   1.0509136e+03   1.5896712e+00   0.0000000e+00   0.0000000e+00
   1.1307862e+02   2.7106085e+02   1.4772370e+03   1.0511212e+03   1.5906768e+00   0.0000000e+00   0.0000000e+00
   1.1360368e+02   2.7106854e+02   1.4768786e+03   1.0513286e+03   1.5916824e+00   0.0000000e+00   0.0000000e+00
   1.1412874e+02   2.7107626e+02   1.4765204e+03   1.0515357e+03   1.5926883e+00   0.0000000e+00   0.0000000e+00
   1.1465380e+02   2.7108402e+02   1.4761624e+03   1.0517425e+03   1.5936943e+00   0.0000000e+00   0.0000000e+00
   1.1517886e+02   2.7109182e+02   1.4758045e+03   1.0519491e+03   1.5947004e+00   0.0000000e+00   0.0000000e+00
   1.1570392e+02   2.7109965e+02   1.4754467e+03   1.0521554e+03   1.5957067e+00   0.0000000e+00   0.0000000e+00
   1.1622898e+02   2.7110751e+02   1.4750892e+03   1.0523615e+03   1.5967132e+00   0.0000000e+00   0.0000000e+00
   1.1675404e+02   2.7111541e+02   1.4747318e+03   1.0525673e+03   1.5977198e+00   0.0000000e+00   0.0000000e+00
   1.1727910e+02   2.7112334e+02   1.4743745e+03   1.0527728e+03   1.5987265e+00   0.0000000e+00   0.0000000e+00
   1.1780416e+02   2.7113131e+02   1.4740175e+03   1.0529781e+03   1.5997334e+00   0.0000000e+00   0.0000000e+00
   1.1832922e+02   2.7113931e+02   1.4736605e+03   1.0531831e+03   1.6007404e+00   0.0000000e+00   0.0000000e+00
   1.1885428e+02   2.7114735e+02   1.4733038e+03   1.0533879e+03   1.6017475e+00   0.0000000e+00   0.0000000e+00
   1.1937934e+02   2.7115541e+02   1.4729472e+03   1.0535924e+03   1.6027548e+00   0.0000000e+00   0.0000000e+00
   1.1990440e+02   2.7116352e+02   1.4725908e+03   1.0537966e+03   1.6037621e+00   0.0000000e+00   0.0000000e+00
   1.2042946e+02   2.7117165e+02   1.4722345e+03   1.0540006e+03   1.6047696e+00   0.0000000e+00   0.0000000e+00
   1.2095452e+02   2.7117982e+02   1.4718784e+03   1.0542043e+03   1.6057772e+00   0.0000000e+00   0.0000000e+00
   1.2147958e+02   2.7118802e+02   1.4715224e+03   1.0544078e+03   1.6067850e+00   0.0000000e+00   0.0000000e+00
   1.2200464e+02   2.7119626e+02   1.4711666e+03   1.0546110e+03   1.6077928e+00   0.0000000e+00   0.0000000e+00
   1.2252970e+02   2.7120452e+02   1.4708110e+03   1.0548140e+03   1.6088007e+00   0.0000000e+00   0.0000000e+00
   1.2305476e+02   2.7121282e+02   1.4704555e+03   1.0550167e+03   1.6098087e+00   0.0000000e+00   0.0000000e+00
   1.2357982e+02   2.7122116e+02   1.4701002e+03   1.0552192e+03   1.6108169e+00   0.0000000e+00   0.0000000e+00
   1.2410488e+02   2.7122952e+02   1.4697451e+03   1.0554214e+03   1.6118251e+00   0.0000000e+00   0.0000000e+00
   1.2462994e+02   2.7123792e+02   1.4693901e+03   1.0556233e+03   1.6128334e+00   0.0000000e+00   0.0000000e+00
   1.2515500e+02   2.7124635e+02   1.4690353e+03   1.0558250e+03   1.6138418e+00   0.0000000e+00   0.0000000e+00
   1.2568006e+02   2.7125481e+02   1.4686806e+03   1.0560265e+03   1.6148503e+00   0.0000000e+00   0.0000000e+00
   1.2620512e+02   2.7126330e+02   1.4683261e+03   1.0562277e+03   1.6158588e+00   0.0000000e+00   0.0000000e+00
   1.2673018e+02   2.7127183e+02   1.4679717e+03   1.0564287e+03   1.6168674e+00   0.0000000e+00   0.0000000e+00
   1.2725524e+02   2.7128038e+02   1.4676175e+03   1.0566294e+03   1.6178761e+00   0.0000000e+00   0.0000000e+00
   1.2778030e+02   2.7128897e+02   1.4672635e+03   1.0568298e+03   1.6188849e+00   0.0000000e+00   0.0000000e+00
   1.2830536e+02   2.7129759e+02   1.4669096e+03   1.0570300e+03   1.6198937e+00   0.0000000e+00   0.0000000e+00
   1.2883042e+02   2.7130624e+02   1.4665559e+03   1.0572300e+03   1.6209026e+00   0.0000000e+00   0.0000000e+00
   1.2935548e+02   2.7131492e+02   1.4662023e+03   1.0574297e+03   1.6219115e+00   0.0000000e+00   0.0000000e+00
   1.2988054e+02   2.7132364e+02   1.4658489e+03   1.0576292e+03   1.6229205e+00   0.0000000e+00   0.0000000e+00
   1.3040560e+02   2.7133238e+02   1.4654957e+03   1.0578284e+03   1.6239296e+00   0.0000000e+00   0.0000000e+00
   1.3093066e+02   2.7134115e+02   1.4651426e+03   1.0580274e+03   1.6249387e+00   0.0000000e+00   0.0000000e+00
   1.3145572e+02   2.7134996e+02   1.4647897e+03   1.0582261e+03   1.6259478e+00   0.0000000e+00   0.0000000e+00
   1.3198078e+02   2.7135879e+02   1.4644369e+03   1.0584246e+03   1.6269570e+00   0.0000000e+00   0.0000000e+00
   1.3250584e+02   2.7136766e+02   1.4640843e+03   1.0586228e+03   1.6279662e+00   0.0000000e+00   0.0000000e+00
   1.3303090e+02   2.7137655e+02   1.4637319e+03   1.0588208e+03   1.6289754e+00   0.0000000e+00   0.0000000e+00
   1.3355596e+02   2.7138548e+02   1.4633796e+03   1.0590185e+03   1.6299847e+00   0.0000000e+00   0.0000000e+00
   1.3408102e+02   2.7139444e+02   1.4630274e+03   1.0592160e+03   1.6309939e+00   0.0000000e+00   0.0000000e+00
   1.3460608e+02   2.7140342e+02   1.4626754e+03   1.0594133e+03   1.6320032e+00   0.0000000e+00   0.0000000e+00
   1.3513114e+02   2.7141243e+02   1.4623236e+03   1.0596103e+03   1.6330126e+00   0.0000000e+00   0.0000000e+00
   1.3565620e+02   2.7142148e+02   1.4619719e+03   1.0598071e+03   1.6340219e+00   0.0000000e+00   0.0000000e+00
   1.3618126e+02   2.7143055e+02   1.4616204e+03   1.0600036e+03   1.6350312e+00   0.0000000e+00   0.0000000e+00
   1.3670632e+02   2.7143965e+02   1.4612691e+03   1.0601999e+03   1.6360406e+00   0.0000000e+00   0.0000000e+00
   1.3723138e+02   2.7144878e+02   1.4609179e+03   1.0603959e+03   1.6370499e+00   0.0000000e+00   0.0000000e+00
   1.3775644e+02   2.7145795e+02   1.4605668e+03   1.0605917e+03   1.6380593e+00   0.0000000e+00   0.0000000e+00
   1.3828150e+02   2.7146713e+02   1.4602159e+03   1.0607873e+03   1.6390686e+00   0.0000000e+00   0.0000000e+00
   1.3880656e+02   2.7147635e+02   1.4598652e+03   1.0609826e+03   1.6400780e+00   0.0000000e+00   0.0000000e+00
   1.3933162e+02   2.7148560e+02   1.4595146e+03   1.0611777e+03   1.6410873e+00   0.0000000e+00   0.0000000e+00
   1.3985668e+02   2.7149487e+02   1.4591642e+03   1.0613725e+03   1.6420966e+00   0.0000000e+00   0.0000000e+00
   1.4038174e+02   2.7150418e+02   1.4588139e+03   1.0615671e+03   1.6431059e+00   0.0000000e+00   0.0000000e+00
   1.4090680e+02   2.7151351e+02   1.4584638e+03   1.0617615e+03   1.6441152e+00   0.0000000e+00   0.0000000e+00
   1.4143186e+02   2.7152287e+02   1.4581139e+03   1.0619556e+03   1.6451245e+00   0.0000000e+00   0.0000000e+00
   1.4195692e+02   2.7153226e+02   1.4577641e+03   1.0621495e+03   1.6461337e+00   0.0000000e+00   0.0000000e+00
   1.4248198e+02   2.7154167e+02   1.4574144e+03   1.0623432e+03   1.6471429e+00   0.0000000e+00   0.0000000e+00
   1.4300704e+02   2.7155111e+02   1.4570649e+03   1.0625366e+03   1.6481520e+00   0.0000000e+00   0.0000000e+00
   1.4353210e+02   2.7156058e+02   1.4567156e+03   1.0627298e+03   1.6491611e+00   0.0000000e+00   0.0000000e+00
   1.4405716e+02   2.7157008e+02   1.4563664e+03   1.0629227e+03   1.6501702e+00   0.0000000e+00   0.0000000e+00
   1.4458222e+02   2.7157961e+02   1.4560174e+03   1.0631154e+03   1.6511792e+00   0.0000000e+00   0.0000000e+00
   1.4510728e+02   2.7158916e+02   1.4556685e+03   1.0633079e+03   1.6521881e+00   0.0000000e+00   0.0000000e+00
   1.4563234e+02   2.7159874e+02   1.4553198e+03   1.0635001e+03   1.6531970e+00   0.0000000e+00   0.0000000e+00
   1.4615740e+02   2.7160835e+02   1.4549712e+03   1.0636921e+03   1.6542059e+00   0.0000000e+00   0.0000000e+00
   1.4668246e+02   2.7161798e+02   1.4546228e+03   1.0638839e+03   1.6552146e+00   0.0000000e+00   0.0000000e+00
   1.4720752e+02   2.7162764e+02   1.4542745e+03   1.0640754e+03   1.6562233e+00   0.0000000e+00   0.0000000e+00
   1.4773258e+02   2.7163733e+02   1.4539264e+03   1.0642667e+03   1.6572319e+00   0.0000000e+00   0.0000000e+00
   1.4825765e+02   2.7164704e+02   1.4535784e+03   1.0644578e+03   1.6582405e+00   0.0000000e+00   0.0000000e+00
   1.4878271e+02   2.7165678e+02   1.4532306e+03   1.0646486e+03   1.6592489e+00   0.0000000e+00   0.0000000e+00
   1.4930777e+02   2.7166655e+02   1.4528830e+03   1.0648392e+03   1.6602573e+00   0.0000000e+00   0.0000000e+00
   1.4983283e+02   2.7167634e+02   1.4525355e+03   1.0650296e+03   1.6612655e+00   0.0000000e+00   0.0000000e+00
   1.5035789e+02   2.7168616e+02   1.4521881e+03   1.0652197e+03   1.6622737e+00   0.0000000e+00   0.0000000e+00
   1.5088295e+02   2.7169600e+02   1.4518409e+03   1.0654097e+03   1.6632818e+00   0.0000000e+00   0.0000000e+00
   1.5140801e+02   2.7170587e+02   1.4514939e+03   1.0655993e+03   1.6642897e+00   0.0000000e+00   0.0000000e+00
   1.5193307e+02   2.7171577e+02   1.4511470e+03   1.0657888e+03   1.6652976e+00   0.0000000e+00   0.0000000e+00
   1.5245813e+02   2.7172569e+02   1.4508002e+03   1.0659780e+03   1.6663054e+00   0.0000000e+00   0.0000000e+00
   1.5298319e+02   2.7173564e+02   1.4504536e+03   1.0661670e+03   1.6673130e+00   0.0000000e+00   0.0000000e+00
   1.5350825e+02   2.7174561e+02   1.4501072e+03   1.0663558e+03   1.6683205e+00   0.0000000e+00   0.0000000e+00
   1.5403331e+02   2.7175561e+02   1.4497609e+03   1.0665443e+03   1.6693280e+00   0.0000000e+00   0.0000000e+00
   1.5455837e+02   2.7176563e+02   1.4494148e+03   1.0667326e+03   1.6703353e+00   0.0000000e+00   0.0000000e+00
   1.5508343e+02   2.7177568e+02   1.4490688e+03   1.0669207e+03   1.6713424e+00   0.0000000e+00   0.0000000e+00
   1.5560849e+02   2.7178575e+02   1.4487230e+03   1.0671085e+03   1.6723495e+00   0.0000000e+00   0.0000000e+00
   1.5613355e+02   2.7179585e+02   1.4483773e+03   1.0672962e+03   1.6733564e+00   0.0000000e+00   0.0000000e+00
   1.5665861e+02   2.7180597e+02   1.4480317e+03   1.0674836e+03   1.6743632e+00   0.0000000e+00   0.0000000e+00
   1.5718367e+02   2.7181612e+02   1.4476863e+03   1.0676707e+03   1.6753698e+00   0.0000000e+00   0.0000000e+00
   1.5770873e+02   2.7182629e+02   1.4473411e+03   1.0678577e+03   1.6763763e+00   0.0000000e+00   0.0000000e+00
   1.5823379e+02   2.7183649e+02   1.4469960e+03   1.0680444e+03   1.6773827e+00   0.0000000e+00   0.0000000e+00
   1.5875885e+02   2.7184671e+02   1.4466511e+03   1.0682309e+03   1.6783889e+00   0.0000000e+00   0.0000000e+00
   1.5928391e+02   2.7185695e+02   1.4463063e+03   1.0684172e+03   1.6793950e+00   0.0000000e+00   0.0000000e+00
   1.5980897e+02   2.7186722e+02   1.4459617e+03   1.0686033e+03   1.6804010e+00   0.0000000e+00   0.0000000e+00
   1.6033403e+02   2.7187751e+02   1.4456172e+03   1.0687891e+03   1.6814068e+00   0.0000000e+00   0.0000000e+00
   1.6085909e+02   2.7188783e+02   1.4452729e+03   1.0689747e+03   1.6824124e+00   0.0000000e+00   0.0000000e+00
   1.6138415e+02   2.7189817e+02   1.4449287e+03   1.0691601e+03   1.6834179e+00   0.0000000e+00   0.0000000e+00
   1.6190921e+02   2.7190854e+02   1.4445846e+03   1.0693452e+03   1.6844232e+00   0.0000000e+00   0.0000000e+00
   1.6243427e+02   2.7191893e+02   1.4442407e+03   1.0695302e+03   1.6854283e+00   0.0000000e+00   0.0000000e+00
   1.6295933e+02   2.7192934e+02   1.4438970e+03   1.0697149e+03   1.6864333e+00   0.0000000e+00   0.0000000e+00
   1.6348439e+02   2.7193977e+02   1.4435534e+03   1.0698994e+03   1.6874381e+00   0.0000000e+00   0.0000000e+00
   1.6400945e+02   2.7195023e+02   1.4432100e+03   1.0700837e+03   1.6884427e+00   0.0000000e+00   0.0000000e+00
   1.6453451e+02   2.7196071e+02   1.4428667e+03   1.0702678e+03   1.6894471e+00   0.0000000e+00   0.0000000e+00
   1.6505957e+02   2.7197122e+02   1.4425235e+03   1.0704516e+03   1.6904513e+00   0.0000000e+00   0.0000000e+00
   1.6558463e+02   2.7198175e+02   1.4421805e+03   1.0706352e+03   1.6914554e+00   0.0000000e+00   0.0000000e+00
   1.6610969e+02   2.7199230e+02   1.4418377e+03   1.0708186e+03   1.6924592e+00   0.0000000e+00   0.0000000e+00
   1.6663475e+02   2.7200287e+02   1.4414950e+03   1.0710018e+03   1.6934628e+00   0.0000000e+00   0.0000000e+00
   1.6715981e+02   2.7201347e+02   1.4411524e+03   1.0711848e+03   1.6944662e+00   0.0000000e+00   0.0000000e+00
   1.6768487e+02   2.7202409e+02   1.4408100e+03   1.0713675e+03   1.6954694e+00   0.0000000e+00   0.0000000e+00
   1.6820993e+02   2.7203473e+02   1.4404678e+03   1.0715501e+03   1.6964724e+00   0.0000000e+00   0.0000000e+00
   1.6873499e+02   2.7204539e+02   1.4401257e+03   1.0717324e+03   1.6974752e+00   0.0000000e+00   0.0000000e+00
   1.6926005e+02   2.7205608e+02   1.4397837e+03   1.0719145e+03   1.6984777e+00   0.0000000e+00   0.0000000e+00
   1.6978511e+02   2.7206679e+02   1.4394419e+03   1.0720964e+03   1.6994800e+00   0.0000000e+00   0.0000000e+00
   1.7031017e+02   2.7207752e+02   1.4391002e+03   1.0722781e+03   1.7004820e+00   0.0000000e+00   0.0000000e+00
   1.7083523e+02   2.7208827e+02   1.4387587e+03   1.0724595e+03   1.7014838e+00   0.0000000e+00   0.0000000e+00
   1.7136029e+02   2.7209905e+02   1.4384173e+03   1.0726408e+03   1.7024854e+00   0.0000000e+00   0.0000000e+00
   1.7188535e+02   2.7210984e+02   1.4380761e+03   1.0728218e+03   1.7034868e+00   0.0000000e+00   0.0000000e+00
   1.7241041e+02   2.7212066e+02   1.4377350e+03   1.0730026e+03   1.7044878e+00   0.0000000e+00   0.0000000e+00
   1.7293547e+02   2.7213150e+02   1.4373941e+03   1.0731832e+03   1.7054887e+00   0.0000000e+00   0.0000000e+00
   1.7346053e+02   2.7214237e+02   1.4370533e+03   1.0733636e+03   1.7064893e+00   0.0000000e+00   0.0000000e+00
   1.7398559e+02   2.7215325e+02   1.4367126e+03   1.0735438e+03   1.7074897e+00   0.0000000e+00   0.0000000e+00
   1.7451065e+02   2.7216416e+02   1.4363721e+03   1.0737238e+03   1.7084898e+00   0.0000000e+00   0.0000000e+00
   1.7503571e+02   2.7217508e+02   1.4360318e+03   1.0739036e+03   1.7094896e+00   0.0000000e+00   0.0000000e+00
   1.7556077e+02   2.7218603e+02   1.4356916e+03   1.0740831e+03   1.7104893e+00   0.0000000e+00   0.0000000e+00
   1.7608583e+02   2.7219700e+02   1.4353515e+03   1.0742624e+03   1.7114887e+00   0.0000000e+00   0.0000000e+00
   1.7661089e+02   2.7220799e+02   1.4350116e+03   1.0744416e+03   1.7124878e+00   0.0000000e+00   0.0000000e+00
   1.7713595e+02   2.7221900e+02   1.4346718e+03   1.0746205e+03   1.7134867e+00   0.0000000e+00   0.0000000e+00
   1.7766101e+02   2.7223003e+02   1.4343322e+03   1.0747992e+03   1.7144853e+00   0.0000000e+00   0.0000000e+00
   1.7818607e+02   2.7224109e+02   1.4339927e+03   1.0749777e+03   1.7154837e+00   0.0000000e+00   0.0000000e+00
   1.7871113e+02   2.7225216e+02   1.4336533e+03   1.0751560e+03   1.7164819e+00   0.0000000e+00   0.0000000e+00
   1.7923619e+02   2.7226325e+02   1.4333142e+03   1.0753341e+03   1.7174798e+00   0.0000000e+00   0.0000000e+00
   1.7976125e+02   2.7227437e+02   1.4329751e+03   1.0755120e+03   1.7184775e+00   0.0000000e+00   0.0000000e+00
   1.8028631e+02   2.7228551e+02   1.4326362e+03   1.0756897e+03   1.7194749e+00   0.0000000e+00   0.0000000e+00
   1.8081137e+02   2.7229666e+02   1.4322974e+03   1.0758672e+03   1.7204720e+00   0.0000000e+00   0.0000000e+00
   1.8133643e+02   2.7230784e+02   1.4319588e+03   1.0760444e+03   1.7214689e+00   0.0000000e+00   0.0000000e+00
   1.8186149e+02   2.7231903e+02   1.4316204e+03   1.0762215e+03   1.7224655e+00   0.0000000e+00   0.0000000e+00
   1.8238655e+02   2.7233025e+02   1.4312820e+03   1.0763984e+03   1.7234618e+00   0.0000000e+00   0.0000000e+00
   1.8291161e+02   2.7234149e+02   1.4309438e+03   1.0765750e+03   1.7244577e+00   0.0000000e+00   0.0000000e+00
   1.8343667e+02   2.7235274e+02   1.4306058e+03   1.0767515e+03   1.7254533e+00   0.0000000e+00   0.0000000e+00
   1.8396173e+02   2.7236402e+02   1.4302679e+03   1.0769278e+03   1.7264484e+00   0.0000000e+00   0.0000000e+00
   1.8448679e+02   2.7237532e+02   1.4299302e+03   1.0771038e+03   1.7274432e+00   0.0000000e+00   0.0000000e+00
   1.8501185e+02   2.7238663e+02   1.4295925e+03   1.0772797e+03   1.7284376e+00   0.0000000e+00   0.0000000e+00
   1.8553691e+02   2.7239797e+02   1.4292551e+03   1.0774553e+03   1.7294315e+00   0.0000000e+00   0.0000000e+00
   1.8606197e+02   2.7240932e+02   1.4289178e+03   1.0776308e+03   1.7304250e+00   0.0000000e+00   0.0000000e+00
   1.8658703e+02   2.7242070e+02   1.4285806e+03   1.0778060e+03   1.7314180e+00   0.0000000e+00   0.0000000e+00
   1.8711209e+02   2.7243209e+02   1.4282435e+03   1.0779811e+03   1.7324105e+00   0.0000000e+00   0.0000000e+00
   1.8763715e+02   2.7244350e+02   1.4279066e+03   1.0781559e+03   1.7334025e+00   0.0000000e+00   0.0000000e+00
   1.8816221e+02   2.7245494e+02   1.4275699e+03   1.0783306e+03   1.7343939e+00   0.0000000e+00   0.0000000e+00
   1.8868727e+02   2.7246639e+02   1.4272333e+03   1.0785050e+03   1.7353848e+00   0.0000000e+00   0.0000000e+00
   1.8921233e+02   2.7247786e+02   1.4268968e+03   1.0786793e+03   1.7363750e+00   0.0000000e+00   0.0000000e+00
   1.8973739e+02   2.7248935e+02   1.4265605e+03   1.0788533e+03   1.7373647e+00   0.0000000e+00   0.0000000e+00
   1.9026245e+02   2.7250085e+02   1.4262243e+03   1.0790272e+03   1.7383537e+00   0.0000000e+00   0.0000000e+00
   1.9078751e+02   2.7251238e+02   1.4258882e+03   1.0792009e+03   1.7393421e+00   0.0000000e+00   0.0000000e+00
   1.9131257e+02   2.7252393e+02   1.4255523e+03   1.0793743e+03   1.7403298e+00   0.0000000e+00   0.0000000e+00
   1.9183763e+02   2.7253549e+02   1.4252166e+03   1.0795476e+03   1.7413168e+00   0.0000000e+00   0.0000000e+00
   1.9183763e+02   2.7253549e+02   1.4252166e+03   3.4574409e+03   7.7933467e+00   4.4450631e+00   2.0732476e+12
   2.4142922e+02   2.8588971e+02   1.4153174e+03   3.4574409e+03   7.7834398e+00   4.4375465e+00   5.5197309e+11
   2.9072778e+02   2.9915926e+02   1.4054182e+03   3.4546720e+03   7.9538769e+00   4.5383041e+00   1.6651726e+11
   3.3969479e+02   3.1234425e+02   1.3955190e+03   3.5125758e+03   7.9140233e+00   4.5128388e+00   5.5961856e+10
   3.8918713e+02   3.2544481e+02   1.3856197e+03   3.4998004e+03   7.9521580e+00   4.5342208e+00   2.0702944e+10
   4.3818916e+02   3.3846106e+02   1.3757205e+03   3.5133284e+03   7.9511273e+00   4.5320834e+00   8.3118713e+09
   4.8707340e+02   3.5139314e+02   1.3658213e+03   3.5136723e+03   7.9500393e+00   4.5299126e+00   3.5893333e+09
   5.3565188e+02   3.6424117e+02   1.3559221e+03   3.5140044e+03   7.9488785e+00   4.5277067e+00   1.6526443e+09
   5.8392490e+02   3.7700530e+02   1.3460229e+03   3.5143210e+03   7.9476236e+00   4.5254536e+00   8.0560602e+08
   6.3189272e+02   3.8968566e+02   1.3361237e+03   3.5146168e+03   7.9462899e+00   4.5231638e+00   4.1324443e+08
   6.7955554e+02   4.0228241e+02   1.3262245e+03   3.5148957e+03   7.9449115e+00   4.5208540e+00   2.2189990e+08
   7.2691365e+02   4.1479569e+02   1.3163253e+03   3.5151637e+03   7.9434947e+00   4.5185270e+00   1.2416507e+08
   7.7396747e+02   4.2722566e+02   1.3064261e+03   3.5154216e+03   7.9419996e+00   4.5161647e+00   7.2113029e+07
   8.2071741e+02   4.3957248e+02   1.2965269e+03   3.5156625e+03   7.9404687e+00   4.5137890e+00   4.3320519e+07
   8.6716387e+02   4.5183632e+02   1.2866276e+03   3.5158933e+03   7.9389117e+00   4.5114049e+00   2.6835788e+07
   9.1330732e+02   4.6401734e+02   1.2767284e+03   3.5161171e+03   7.9373140e+00   4.5090048e+00   1.7096459e+07
   9.5914834e+02   4.7611572e+02   1.2668292e+03   3.5163306e+03   7.9356813e+00   4.5065924e+00   1.1174611e+07
   1.0046875e+03   4.8813164e+02   1.2569300e+03   3.5165344e+03   7.9340310e+00   4.5041768e+00   7.4777513e+06
   1.0499253e+03   5.0006529e+02   1.2470308e+03   3.5167319e+03   7.9323589e+00   4.5017565e+00   5.1132747e+06
   1.0948624e+03   5.1191686e+02   1.2371316e+03   3.5169222e+03   7.9306487e+00   4.4993241e+00   3.5668111e+06
   1.1394996e+03   5.2368655e+02   1.2272324e+03   3.5171029e+03   7.9289409e+00   4.4968970e+00   2.5342678e+06
   1.1838374e+03   5.3537456e+02   1.2173332e+03   3.5172808e+03   7.9272168e+00   4.4944692e+00   1.8315581e+06
   1.2278768e+03   5.4698111e+02   1.2074340e+03   3.5174531e+03   7.9254594e+00   4.4920334e+00   1.3447666e+06
   1.2716184e+03   5.5850642e+02   1.1975347e+03   3.5176155e+03   7.9237074e+00   4.4896050e+00   1.0019463e+06
   1.3150630e+03   5.6995071e+02   1.1876355e+03   3.5177768e+03   7.9219497e+00   4.4871810e+00   7.5678318e+05
   1.3582116e+03   5.8131421e+02   1.1777363e+03   3.5179330e+03   7.9201667e+00   4.4847531e+00   5.7893035e+05
   1.4010651e+03   5.9259717e+02   1.1678371e+03   3.5180821e+03   7.9183887e+00   4.4823346e+00   4.4817000e+05
   1.4436243e+03   6.0379984e+02   1.1579379e+03   3.5182292e+03   7.9166066e+00   4.4799208e+00   3.5082162e+05
   1.4858903e+03   6.1492248e+02   1.1480387e+03   3.5183728e+03   7.9148136e+00   4.4775102e+00   2.7749224e+05
   1.5278642e+03   6.2596535e+02   1.1381395e+03   3.5185109e+03   7.9130250e+00   4.4751090e+00   2.2164376e+05
   1.5695469e+03   6.3692874e+02   1.1282403e+03   3.5186472e+03   7.9112283e+00   4.4727123e+00   1.7866617e+05
   1.6109396e+03   6.4781292e+02   1.1183411e+03   3.5187788e+03   7.9094370e+00   4.4703245e+00   1.4526931e+05
   1.6520434e+03   6.5861820e+02   1.1084419e+03   3.5189084e+03   7.9076499e+00   4.4679475e+00   1.1907791e+05
   1.6928597e+03   6.6934488e+02   1.0985426e+03   3.5190355e+03   7.9058458e+00   4.4655719e+00   9.8358552e+04
   1.7333896e+03   6.7999329e+02   1.0886434e+03   3.5191568e+03   7.9040639e+00   4.4632122e+00   8.1833220e+04
   1.7736345e+03   6.9056375e+02   1.0787442e+03   3.5192794e+03   7.9022746e+00   4.4608596e+00   6.8550474e+04
   1.8135957e+03   7.0105661e+02   1.0688450e+03   3.5193970e+03   7.9004839e+00   4.4585145e+00   5.7795479e+04
   1.8532746e+03   7.1147222e+02   1.0589458e+03   3.5195117e+03   7.8987159e+00   4.4561861e+00   4.9026456e+04
   1.8926729e+03   7.2181096e+02   1.0490466e+03   3.5196280e+03   7.8969290e+00   4.4538603e+00   4.1829379e+04
   1.9317919e+03   7.3207320e+02   1.0391474e+03   3.5197368e+03   7.8951608e+00   4.4515500e+00   3.5885348e+04
   1.9706334e+03   7.4225935e+02   1.0292482e+03   3.5198469e+03   7.8933987e+00   4.4492514e+00   3.0946887e+04
   2.0091989e+03   7.5236982e+02   1.0193490e+03   3.5199553e+03   7.8916296e+00   4.4469593e+00   2.6820574e+04
   2.0474904e+03   7.6240504e+02   1.0094498e+03   3.5200597e+03   7.8898888e+00   4.4446867e+00   2.3354200e+04
   2.0855095e+03   7.7236545e+02   9.9955054e+02   3.5201657e+03   7.8881362e+00   4.4424179e+00   2.0427206e+04
   2.1232582e+03   7.8225152e+02   9.8965133e+02   3.5202671e+03   7.8864004e+00   4.4401660e+00   1.7943512e+04
   2.1607384e+03   7.9206374e+02   9.7975212e+02   3.5203685e+03   7.8846662e+00   4.4379230e+00   1.5826088e+04
   2.1979523e+03   8.0180261e+02   9.6985291e+02   3.5204673e+03   7.8829399e+00   4.4356927e+00   1.4012825e+04
   2.2349020e+03   8.1146864e+02   9.5995370e+02   3.5205646e+03   7.8812258e+00   4.4334760e+00   1.2453377e+04
   2.2715898e+03   8.2106240e+02   9.5005449e+02   3.5206621e+03   7.8795211e+00   4.4312719e+00   1.1106714e+04
   2.3080179e+03   8.3058444e+02   9.4015528e+02   3.5207578e+03   7.8778229e+00   4.4290809e+00   9.9392349e+03
   2.3441888e+03   8.4003537e+02   9.3025607e+02   3.5208524e+03   7.8761294e+00   4.4268994e+00   8.9232901e+03
   2.3801052e+03   8.4941579e+02   9.2035686e+02   3.5209448e+03   7.8744556e+00   4.4247347e+00   8.0360211e+03
   2.4157696e+03   8.5872636e+02   9.1045765e+02   3.5210378e+03   7.8727728e+00   4.4225768e+00   7.2584479e+03
   2.4511849e+03   8.6796775e+02   9.0055844e+02   3.5211266e+03   7.8711214e+00   4.4204390e+00   6.5747438e+03
   2.4863540e+03   8.7714066e+02   8.9065923e+02   3.5212194e+03   7.8694564e+00   4.4183053e+00   5.9716568e+03
   2.5212799e+03   8.8624583e+02   8.8076002e+02   3.5213055e+03   7.8678223e+00   4.4161923e+00   5.4380482e+03
   2.5559658e+03   8.9528403e+02   8.7086080e+02   3.5213959e+03   7.8661807e+00   4.4140855e+00   4.9645191e+03
   2.5904150e+03   9.0425607e+02   8.6096159e+02   3.5214818e+03   7.8645615e+00   4.4119961e+00   4.5431104e+03
   2.6246312e+03   9.1316278e+02   8.5106238e+02   3.5215698e+03   7.8629436e+00   4.4099161e+00   4.1670582e+03
   2.6586178e+03   9.2200504e+02   8.4116317e+02   3.5216554e+03   7.8613410e+00   4.4078506e+00   3.8305947e+03
   2.6923788e+03   9.3078379e+02   8.3126396e+02   3.5217408e+03   7.8597464e+00   4.4057955e+00   3.5287858e+03
   2.7259182e+03   9.3949998e+02   8.2136475e+02   3.5218255e+03   7.8581606e+00   4.4037544e+00   3.2573967e+03
   2.7592402e+03   9.4815464e+02   8.1146554e+02   3.5219095e+03   7.8565841e+00   4.4017241e+00   3.0127823e+03
   2.7923493e+03   9.5674883e+02   8.0156633e+02   3.5219932e+03   7.8550191e+00   4.3997072e+00   2.7917951e+03
   2.8252501e+03   9.6528366e+02   7.9166712e+02   3.5220762e+03   7.8534615e+00   4.3976998e+00   2.5917103e+03
   2.8579474e+03   9.7376032e+02   7.8176791e+02   3.5221581e+03   7.8519189e+00   4.3957071e+00   2.4101617e+03
   2.8904465e+03   9.8218004e+02   7.7186870e+02   3.5222411e+03   7.8503765e+00   4.3937226e+00   2.2450898e+03
   2.9227528e+03   9.9054412e+02   7.6196949e+02   3.5223221e+03   7.8488579e+00   4.3917534e+00   2.0946967e+03
   2.9548719e+03   9.9885393e+02   7.5207028e+02   3.5224049e+03   7.8473329e+00   4.3897905e+00   1.9574094e+03
   2.9868099e+03   1.0071109e+03   7.4217107e+02   3.5224848e+03   7.8458364e+00   4.3878443e+00   1.8318482e+03
   3.0185731e+03   1.0153166e+03   7.3227186e+02   3.5225678e+03   7.8443270e+00   4.3859016e+00   1.7167999e+03
   3.0501681e+03   1.0234725e+03   7.2237265e+02   3.5226465e+03   7.8428484e+00   4.3839769e+00   1.6111954e+03
   3.0816021e+03   1.0315805e+03   7.1247344e+02   3.5227293e+03   7.8413578e+00   4.3820547e+00   1.5140907e+03
   3.1128824e+03   1.0396422e+03   7.0257423e+02   3.5228078e+03   7.8398961e+00   4.3801480e+00   1.4246501e+03
   3.1440169e+03   1.0476596e+03   6.9267502e+02   3.5228911e+03   7.8384256e+00   4.3782456e+00   1.3421323e+03
   3.1750140e+03   1.0556346e+03   6.8277581e+02   3.5229695e+03   7.8369798e+00   4.3763567e+00   1.2658786e+03
   3.2058824e+03   1.0635694e+03   6.7287660e+02   3.5230518e+03   7.8355277e+00   4.3744714e+00   1.1953024e+03
   3.2366315e+03   1.0714663e+03   6.6297739e+02   3.5231314e+03   7.8340935e+00   4.3725977e+00   1.1298801e+03
   3.2672712e+03   1.0793275e+03   6.5307818e+02   3.5232133e+03   7.8326603e+00   4.3707297e+00   1.0691438e+03
   3.2978119e+03   1.0871557e+03   6.4317896e+02   3.5232938e+03   7.8312375e+00   4.3688687e+00   1.0126744e+03
   3.3282649e+03   1.0949534e+03   6.3327975e+02   3.5233760e+03   7.8298228e+00   4.3670156e+00   9.6009582e+02
   3.3586420e+03   1.1027237e+03   6.2338054e+02   3.5234580e+03   7.8284110e+00   4.3651657e+00   9.1107013e+02
   3.3889559e+03   1.1104694e+03   6.1348133e+02   3.5235395e+03   7.8270104e+00   4.3633235e+00   8.6529299e+02
   3.4192199e+03   1.1181938e+03   6.0358212e+02   3.5236224e+03   7.8256091e+00   4.3614826e+00   8.2248995e+02
   3.4494485e+03   1.1259005e+03   5.9368291e+02   3.5237053e+03   7.8242147e+00   4.3596471e+00   7.8241310e+02
   3.4796569e+03   1.1335930e+03   5.8378370e+02   3.5237889e+03   7.8228273e+00   4.3578142e+00   7.4483808e+02
   3.5098614e+03   1.1412754e+03   5.7388449e+02   3.5238736e+03   7.8214378e+00   4.3559814e+00   7.0956160e+02
   3.5400797e+03   1.1489518e+03   5.6398528e+02   3.5239581e+03   7.8200625e+00   4.3541527e+00   6.7639910e+02
   3.5703303e+03   1.1566267e+03   5.5408607e+02   3.5240452e+03   7.8186764e+00   4.3523197e+00   6.4518284e+02
   3.6006335e+03   1.1643051e+03   5.4418686e+02   3.5241301e+03   7.8173100e+00   4.3504907e+00   6.1576005e+02
   3.6310107e+03   1.1719920e+03   5.3428765e+02   3.5242201e+03   7.8159232e+00   4.3486529e+00   5.8799146e+02
   3.6614852e+03   1.1796932e+03   5.2438844e+02   3.5243064e+03   7.8145572e+00   4.3468182e+00   5.6174989e+02
   3.6920819e+03   1.1874147e+03   5.1448923e+02   3.5243986e+03   7.8131710e+00   4.3449718e+00   5.3691900e+02
   3.7228277e+03   1.1951629e+03   5.0459002e+02   3.5244875e+03   7.8117998e+00   4.3431234e+00   5.1339227e+02
   3.7537516e+03   1.2029448e+03   4.9469081e+02   3.5245815e+03   7.8104149e+00   4.3412639e+00   4.9107199e+02
   3.7848851e+03   1.2107682e+03   4.8479160e+02   3.5246748e+03   7.8090325e+00   4.3393959e+00   4.6986842e+02
   3.8162620e+03   1.2186412e+03   4.7489239e+02   3.5247715e+03   7.8076429e+00   4.3375155e+00   4.4969903e+02
   3.8479192e+03   1.2265727e+03   4.6499318e+02   3.5248689e+03   7.8062430e+00   4.3356197e+00   4.3048779e+02
   3.8798967e+03   1.2345725e+03   4.5509397e+02   3.5249682e+03   7.8048427e+00   4.3337104e+00   4.1216458e+02
   3.9122381e+03   1.2426512e+03   4.4519476e+02   3.5250707e+03   7.8034222e+00   4.3317779e+00   3.9466464e+02
   3.9122381e+03   1.2426512e+03   4.4519476e+02   8.0000000e+03   5.9999357e+00   3.2466228e+00   1.0000000e+04
   4.2836674e+03   1.2440319e+03   3.9572867e+02   8.0106377e+03   5.9959506e+00   3.2444664e+00   1.0000000e+04
   4.6057679e+03   1.2454126e+03   3.4626259e+02   8.0204408e+03   6.0218375e+00   3.2567340e+00   1.0000000e+04
   4.8754268e+03   1.2467934e+03   2.9679650e+02   8.0296297e+03   6.0438870e+00   3.2671711e+00   1.0000000e+04
   5.0874942e+03   1.2481741e+03   2.4733042e+02   8.0383797e+03   6.0618476e+00   3.2756496e+00   1.0000000e+04
   5.2325136e+03   1.2495548e+03   1.9786434e+02   8.0468468e+03   6.0753090e+00   3.2819656e+00   1.0000000e+04
   5.2906786e+03   1.2509355e+03   1.4839825e+02   8.0551962e+03   6.0835143e+00   3.2857480e+00   1.0000000e+04
   5.2119325e+03   1.2523163e+03   9.8932168e+01   8.0636670e+03   6.0848640e+00   3.2862175e+00   1.0000000e+04
   4.8235458e+03   1.2536970e+03   4.9466084e+01   8.0728493e+03   6.0752508e+00   3.2813767e+00   1.0000000e+04
   2.9565692e+03   1.2550777e+03   0.0000000e+00   8.0880087e+03   6.0391506e+00   3.2636194e+00   1.0000000e+04
