   0.0000000e+00   1.0200000e+02   1.5610000e+03   9.3203919e+02   3.9792509e+00   1.9652120e+00   7.2886017e+03
   2.0353768e-01   1.0552350e+02   1.5608338e+03   9.3203919e+02   3.9794778e+00   1.9653240e+00   4.9189124e+03
   4.0707537e-01   1.0916872e+02   1.5606677e+03   9.3192224e+02   3.9797275e+00   1.9654473e+00   3.3635374e+03
   6.1061305e-01   1.1293986e+02   1.5605015e+03   9.3179359e+02   3.9800023e+00   1.9655830e+00   2.3293530e+03
   8.1415073e-01   1.1684126e+02   1.5603354e+03   9.3165208e+02   3.9803045e+00   1.9657323e+00   1.6330603e+03
   1.0176884e+00   1.2087744e+02   1.5601692e+03   9.3149641e+02   3.9806371e+00   1.9658965e+00   1.1585615e+03
   1.2212261e+00   1.2505305e+02   1.5600031e+03   9.3132517e+02   3.9810030e+00   1.9660773e+00   8.3140745e+02
   1.4247638e+00   1.2937290e+02   1.5598369e+03   9.3113678e+02   3.9814057e+00   1.9662761e+00   6.0328221e+02
   1.6283015e+00   1.3384197e+02   1.5596707e+03   9.3092949e+02   3.9818490e+00   1.9664950e+00   4.4246429e+02
   1.8318392e+00   1.3846542e+02   1.5595045e+03   9.3070141e+02   3.9823368e+00   1.9667360e+00   3.2789269e+02
   2.0353768e+00   1.4324859e+02   1.5593383e+03   9.3045043e+02   3.9828739e+00   1.9670012e+00   2.4543185e+02
   2.2389145e+00   1.4819699e+02   1.5591720e+03   9.3017423e+02   3.9834652e+00   1.9672932e+00   1.8549434e+02
   2.4424522e+00   1.5331632e+02   1.5590057e+03   9.2987033e+02   3.9841161e+00   1.9676147e+00   1.4151118e+02
   2.6459899e+00   1.5861250e+02   1.5588394e+03   9.2953598e+02   3.9848325e+00   1.9679685e+00   1.0893704e+02
   2.8495276e+00   1.6409163e+02   1.5586730e+03   9.2916826e+02   3.9856210e+00   1.9683579e+00   8.4596822e+01
   3.0530653e+00   1.6976003e+02   1.5585066e+03   9.2876403e+02   3.9864882e+00   1.9687862e+00   6.6252086e+01
   3.2566029e+00   1.7562424e+02   1.5583402e+03   9.2831998e+02   3.9874416e+00   1.9692570e+00   5.2310592e+01
   3.4601406e+00   1.8169103e+02   1.5581736e+03   9.2783262e+02   3.9884886e+00   1.9697741e+00   4.1629954e+01
   3.6636783e+00   1.8796739e+02   1.5580070e+03   9.2729841e+02   3.9896373e+00   1.9703414e+00   3.3383667e+01
   3.8672160e+00   1.9446055e+02   1.5578404e+03   9.2671377e+02   3.9908956e+00   1.9709629e+00   2.6968908e+01
   4.0707537e+00   2.0117802e+02   1.5576736e+03   9.2607521e+02   3.9922713e+00   1.9716423e+00   2.1942547e+01
   4.2742914e+00   2.0812754e+02   1.5575068e+03   9.2537947e+02   3.9937718e+00   1.9723833e+00   1.7976358e+01
   4.4778290e+00   2.1531713e+02   1.5573398e+03   9.2462369e+02   3.9954037e+00   1.9731893e+00   1.4825438e+01
   4.6813667e+00   2.2275507e+02   1.5571727e+03   9.2380564e+02   3.9971723e+00   1.9740627e+00   1.2305747e+01
   4.8849044e+00   2.3044995e+02   1.5570055e+03   9.2292396e+02   3.9990812e+00   1.9750054e+00   1.0278025e+01
   5.0884421e+00   2.3841064e+02   1.5568382e+03   9.2197842e+02   4.0011313e+00   1.9760179e+00   8.6361961e+00
   5.2919798e+00   2.4664632e+02   1.5566707e+03   9.2097026e+02   4.0033206e+00   1.9770991e+00   7.2989303e+00
   5.4955175e+00   2.5516650e+02   1.5565030e+03   9.1990247e+02   4.0056434e+00   1.9782463e+00   6.2034826e+00
   5.6990551e+00   2.6398101e+02   1.5563352e+03   9.1878005e+02   4.0080894e+00   1.9794543e+00   5.3011500e+00
   5.9025928e+00   2.7310000e+02   1.5561672e+03   9.1761021e+02   4.0106435e+00   1.9807156e+00   4.5539058e+00
   5.9025928e+00   2.7309825e+02   1.5561672e+03   1.0028352e+03   1.4090419e+00   0.0000000e+00   0.0000000e+00
   6.4907876e+00   2.7309659e+02   1.5557225e+03   1.0031313e+03   1.4100080e+00   0.0000000e+00   0.0000000e+00
   7.0789824e+00   2.7309502e+02   1.5552781e+03   1.0034270e+03   1.4109752e+00   0.0000000e+00   0.0000000e+00
   7.6671773e+00   2.7309353e+02   1.5548340e+03   1.0037222e+03   1.4119436e+00   0.0000000e+00   0.0000000e+00
   8.2553721e+00   2.7309212e+02   1.5543901e+03   1.0040171e+03   1.4129131e+00   0.0000000e+00   0.0000000e+00
   8.8435669e+00   2.7309080e+02   1.5539464e+03   1.0043115e+03   1.4138837e+00   0.0000000e+00   0.0000000e+00
   9.4317617e+00   2.7308956e+02   1.5535031e+03   1.0046056e+03   1.4148553e+00   0.0000000e+00   0.0000000e+00
   1.0019957e+01   2.7308840e+02   1.5530600e+03   1.0048992e+03   1.4158281e+00   0.0000000e+00   0.0000000e+00
   1.0608151e+01   2.7308732e+02   1.5526171e+03   1.0051925e+03   1.4168019e+00   0.0000000e+00   0.0000000e+00
   1.1196346e+01   2.7308633e+02   1.5521745e+03   1.0054853e+03   1.4177768e+00   0.0000000e+00   0.0000000e+00
   1.1784541e+01   2.7308542e+02   1.5517321e+03   1.0057777e+03   1.4187526e+00   0.0000000e+00   0.0000000e+00
   1.2372736e+01   2.7308460e+02   1.5512900e+03   1.0060698e+03   1.4197295e+00   0.0000000e+00   0.0000000e+00
   1.2960931e+01   2.7308385e+02   1.5508482e+03   1.0063614e+03   1.4207073e+00   0.0000000e+00   0.0000000e+00
   1.3549125e+01   2.7308319e+02   1.5504066e+03   1.0066527e+03   1.4216862e+00   0.0000000e+00   0.0000000e+00
   1.4137320e+01   2.7308260e+02   1.5499653e+03   1.0069435e+03   1.4226660e+00   0.0000000e+00   0.0000000e+00
   1.4725515e+01   2.7308210e+02   1.5495242e+03   1.0072339e+03   1.4236467e+00   0.0000000e+00   0.0000000e+00
   1.5313710e+01   2.7308168e+02   1.5490834e+03   1.0075239e+03   1.4246283e+00   0.0000000e+00   0.0000000e+00
   1.5901905e+01   2.7308134e+02   1.5486428e+03   1.0078136e+03   1.4256109e+00   0.0000000e+00   0.0000000e+00
   1.6490099e+01   2.7308108e+02   1.5482025e+03   1.0081028e+03   1.4265944e+00   0.0000000e+00   0.0000000e+00
   1.7078294e+01   2.7308090e+02   1.5477625e+03   1.0083916e+03   1.4275787e+00   0.0000000e+00   0.0000000e+00
   1.7666489e+01   2.7308080e+02   1.5473227e+03   1.0086800e+03   1.4285639e+00   0.0000000e+00   0.0000000e+00
   1.8254684e+01   2.7308078e+02   1.5468831e+03   1.0089681e+03   1.4295499e+00   0.0000000e+00   0.0000000e+00
   1.8842879e+01   2.7308084e+02   1.5464438e+03   1.0092557e+03   1.4305367e+00   0.0000000e+00   0.0000000e+00
   1.9431074e+01   2.7308098e+02   1.5460047e+03   1.0095429e+03   1.4315244e+00   0.0000000e+00   0.0000000e+00
   2.0019268e+01   2.7308119e+02   1.5455659e+03   1.0098297e+03   1.4325129e+00   0.0000000e+00   0.0000000e+00
   2.0607463e+01   2.7308149e+02   1.5451274e+03   1.0101161e+03   1.4335021e+00   0.0000000e+00   0.0000000e+00
   2.1195658e+01   2.7308186e+02   1.5446891e+03   1.0104022e+03   1.4344922e+00   0.0000000e+00   0.0000000e+00
   2.1783853e+01   2.7308231e+02   1.5442510e+03   1.0106878e+03   1.4354831e+00   0.0000000e+00   0.0000000e+00
   2.2372048e+01   2.7308284e+02   1.5438132e+03   1.0109730e+03   1.4364750e+00   0.0000000e+00   0.0000000e+00
   2.2960242e+01   2.7308344e+02   1.5433757e+03   1.0112578e+03   1.4374679e+00   0.0000000e+00   0.0000000e+00
   2.3548437e+01   2.7308412e+02   1.5429384e+03   1.0115423e+03   1.4384617e+00   0.0000000e+00   0.0000000e+00
   2.4136632e+01   2.7308488e+02   1.5425013e+03   1.0118263e+03   1.4394567e+00   0.0000000e+00   0.0000000e+00
   2.4724827e+01   2.7308571e+02   1.5420645e+03   1.0121099e+03   1.4404528e+00   0.0000000e+00   0.0000000e+00
   2.5313022e+01   2.7308662e+02   1.5416280e+03   1.0123931e+03   1.4414500e+00   0.0000000e+00   0.0000000e+00
   2.5901217e+01   2.7308761e+02   1.5411916e+03   1.0126760e+03   1.4424485e+00   0.0000000e+00   0.0000000e+00
   2.6489411e+01   2.7308867e+02   1.5407556e+03   1.0129584e+03   1.4434483e+00   0.0000000e+00   0.0000000e+00
   2.7077606e+01   2.7308981e+02   1.5403198e+03   1.0132404e+03   1.4444493e+00   0.0000000e+00   0.0000000e+00
   2.7665801e+01   2.7309102e+02   1.5398842e+03   1.0135221e+03   1.4454518e+00   0.0000000e+00   0.0000000e+00
   2.8253996e+01   2.7309231e+02   1.5394489e+03   1.0138033e+03   1.4464556e+00   0.0000000e+00   0.0000000e+00
   2.8842191e+01   2.7309367e+02   1.5390138e+03   1.0140842e+03   1.4474610e+00   0.0000000e+00   0.0000000e+00
   2.9430385e+01   2.7309511e+02   1.5385790e+03   1.0143646e+03   1.4484678e+00   0.0000000e+00   0.0000000e+00
   3.0018580e+01   2.7309661e+02   1.5381444e+03   1.0146447e+03   1.4494763e+00   0.0000000e+00   0.0000000e+00
   3.0606775e+01   2.7309820e+02   1.5377100e+03   1.0149243e+03   1.4504863e+00   0.0000000e+00   0.0000000e+00
   3.1194970e+01   2.7309985e+02   1.5372759e+03   1.0152036e+03   1.4514980e+00   0.0000000e+00   0.0000000e+00
   3.1783165e+01   2.7310158e+02   1.5368421e+03   1.0154825e+03   1.4525115e+00   0.0000000e+00   0.0000000e+00
   3.2371359e+01   2.7310339e+02   1.5364085e+03   1.0157609e+03   1.4535266e+00   0.0000000e+00   0.0000000e+00
   3.2959554e+01   2.7310526e+02   1.5359751e+03   1.0160390e+03   1.4545436e+00   0.0000000e+00   0.0000000e+00
   3.3547749e+01   2.7310721e+02   1.5355420e+03   1.0163167e+03   1.4555625e+00   0.0000000e+00   0.0000000e+00
   3.4135944e+01   2.7310923e+02   1.5351091e+03   1.0165940e+03   1.4565833e+00   0.0000000e+00   0.0000000e+00
   3.4724139e+01   2.7311132e+02   1.5346764e+03   1.0168709e+03   1.4576060e+00   0.0000000e+00   0.0000000e+00
   3.5312334e+01   2.7311348e+02   1.5342441e+03   1.0171474e+03   1.4586307e+00   0.0000000e+00   0.0000000e+00
   3.5900528e+01   2.7311572e+02   1.5338119e+03   1.0174235e+03   1.4596575e+00   0.0000000e+00   0.0000000e+00
   3.6488723e+01   2.7311802e+02   1.5333800e+03   1.0176993e+03   1.4606864e+00   0.0000000e+00   0.0000000e+00
   3.7076918e+01   2.7312040e+02   1.5329483e+03   1.0179746e+03   1.4617174e+00   0.0000000e+00   0.0000000e+00
   3.7665113e+01   2.7312284e+02   1.5325169e+03   1.0182495e+03   1.4627506e+00   0.0000000e+00   0.0000000e+00
   3.8253308e+01   2.7312536e+02   1.5320857e+03   1.0185241e+03   1.4637861e+00   0.0000000e+00   0.0000000e+00
   3.8841502e+01   2.7312794e+02   1.5316547e+03   1.0187982e+03   1.4648239e+00   0.0000000e+00   0.0000000e+00
   3.9429697e+01   2.7313060e+02   1.5312240e+03   1.0190720e+03   1.4658640e+00   0.0000000e+00   0.0000000e+00
   4.0017892e+01   2.7313332e+02   1.5307936e+03   1.0193454e+03   1.4669065e+00   0.0000000e+00   0.0000000e+00
   4.0606087e+01   2.7313612e+02   1.5303633e+03   1.0196184e+03   1.4679514e+00   0.0000000e+00   0.0000000e+00
   4.1194282e+01   2.7313898e+02   1.5299333e+03   1.0198910e+03   1.4689987e+00   0.0000000e+00   0.0000000e+00
   4.1782476e+01   2.7314191e+02   1.5295036e+03   1.0201632e+03   1.4700483e+00   0.0000000e+00   0.0000000e+00
   4.2370671e+01   2.7314491e+02   1.5290740e+03   1.0204350e+03   1.4711002e+00   0.0000000e+00   0.0000000e+00
   4.2958866e+01   2.7314798e+02   1.5286448e+03   1.0207064e+03   1.4721542e+00   0.0000000e+00   0.0000000e+00
   4.3547061e+01   2.7315111e+02   1.5282157e+03   1.0209775e+03   1.4732104e+00   0.0000000e+00   0.0000000e+00
   4.4135256e+01   2.7315431e+02   1.5277869e+03   1.0212481e+03   1.4742687e+00   0.0000000e+00   0.0000000e+00
   4.4723451e+01   2.7315758e+02   1.5273584e+03   1.0215184e+03   1.4753289e+00   0.0000000e+00   0.0000000e+00
   4.5311645e+01   2.7316092e+02   1.5269300e+03   1.0217883e+03   1.4763911e+00   0.0000000e+00   0.0000000e+00
   4.5899840e+01   2.7316432e+02   1.5265019e+03   1.0220578e+03   1.4774552e+00   0.0000000e+00   0.0000000e+00
   4.6488035e+01   2.7316779e+02   1.5260741e+03   1.0223269e+03   1.4785212e+00   0.0000000e+00   0.0000000e+00
   4.7076230e+01   2.7317132e+02   1.5256464e+03   1.0225956e+03   1.4795889e+00   0.0000000e+00   0.0000000e+00
   4.7664425e+01   2.7317492e+02   1.5252191e+03   1.0228640e+03   1.4806583e+00   0.0000000e+00   0.0000000e+00
   4.8252619e+01   2.7317859e+02   1.5247919e+03   1.0231319e+03   1.4817293e+00   0.0000000e+00   0.0000000e+00
   4.8840814e+01   2.7318232e+02   1.5243650e+03   1.0233995e+03   1.4828019e+00   0.0000000e+00   0.0000000e+00
   4.9429009e+01   2.7318612e+02   1.5239383e+03   1.0236667e+03   1.4838761e+00   0.0000000e+00   0.0000000e+00
   5.0017204e+01   2.7318998e+02   1.5235118e+03   1.0239335e+03   1.4849517e+00   0.0000000e+00   0.0000000e+00
   5.0605399e+01   2.7319391e+02   1.5230856e+03   1.0241999e+03   1.4860287e+00   0.0000000e+00   0.0000000e+00
   5.1193594e+01   2.7319790e+02   1.5226596e+03   1.0244660e+03   1.4871071e+00   0.0000000e+00   0.0000000e+00
   5.1781788e+01   2.7320195e+02   1.5222339e+03   1.0247316e+03   1.4881868e+00   0.0000000e+00   0.0000000e+00
   5.2369983e+01   2.7320607e+02   1.5218084e+03   1.0249969e+03   1.4892677e+00   0.0000000e+00   0.0000000e+00
   5.2958178e+01   2.7321025e+02   1.5213831e+03   1.0252618e+03   1.4903498e+00   0.0000000e+00   0.0000000e+00
   5.3546373e+01   2.7321450e+02   1.5209580e+03   1.0255264e+03   1.4914330e+00   0.0000000e+00   0.0000000e+00
   5.4134568e+01   2.7321880e+02   1.5205332e+03   1.0257905e+03   1.4925173e+00   0.0000000e+00   0.0000000e+00
   5.4722762e+01   2.7322317e+02   1.5201086e+03   1.0260543e+03   1.4936027e+00   0.0000000e+00   0.0000000e+00
   5.5310957e+01   2.7322761e+02   1.5196843e+03   1.0263176e+03   1.4946890e+00   0.0000000e+00   0.0000000e+00
   5.5899152e+01   2.7323210e+02   1.5192601e+03   1.0265807e+03   1.4957762e+00   0.0000000e+00   0.0000000e+00
   5.6487347e+01   2.7323666e+02   1.5188362e+03   1.0268433e+03   1.4968643e+00   0.0000000e+00   0.0000000e+00
   5.7075542e+01   2.7324128e+02   1.5184126e+03   1.0271055e+03   1.4979532e+00   0.0000000e+00   0.0000000e+00
   5.7663736e+01   2.7324596e+02   1.5179891e+03   1.0273674e+03   1.4990429e+00   0.0000000e+00   0.0000000e+00
   5.8251931e+01   2.7325070e+02   1.5175659e+03   1.0276289e+03   1.5001333e+00   0.0000000e+00   0.0000000e+00
   5.8840126e+01   2.7325550e+02   1.5171430e+03   1.0278900e+03   1.5012244e+00   0.0000000e+00   0.0000000e+00
   5.9428321e+01   2.7326036e+02   1.5167202e+03   1.0281508e+03   1.5023160e+00   0.0000000e+00   0.0000000e+00
   6.0016516e+01   2.7326529e+02   1.5162977e+03   1.0284112e+03   1.5034082e+00   0.0000000e+00   0.0000000e+00
   6.0604711e+01   2.7327027e+02   1.5158754e+03   1.0286712e+03   1.5045009e+00   0.0000000e+00   0.0000000e+00
   6.1192905e+01   2.7327531e+02   1.5154533e+03   1.0289308e+03   1.5055941e+00   0.0000000e+00   0.0000000e+00
   6.1781100e+01   2.7328042e+02   1.5150315e+03   1.0291900e+03   1.5066878e+00   0.0000000e+00   0.0000000e+00
   6.2369295e+01   2.7328558e+02   1.5146099e+03   1.0294489e+03   1.5077820e+00   0.0000000e+00   0.0000000e+00
   6.2957490e+01   2.7329080e+02   1.5141885e+03   1.0297074e+03   1.5088767e+00   0.0000000e+00   0.0000000e+00
   6.3545685e+01   2.7329608e+02   1.5137673e+03   1.0299656e+03   1.5099719e+00   0.0000000e+00   0.0000000e+00
   6.4133879e+01   2.7330142e+02   1.5133464e+03   1.0302233e+03   1.5110676e+00   0.0000000e+00   0.0000000e+00
   6.4722074e+01   2.7330682e+02   1.5129257e+03   1.0304807e+03   1.5121638e+00   0.0000000e+00   0.0000000e+00
   6.5310269e+01   2.7331227e+02   1.5125052e+03   1.0307378e+03   1.5132605e+00   0.0000000e+00   0.0000000e+00
   6.5898464e+01   2.7331779e+02   1.5120850e+03   1.0309944e+03   1.5143578e+00   0.0000000e+00   0.0000000e+00
   6.6486659e+01   2.7332336e+02   1.5116650e+03   1.0312507e+03   1.5154555e+00   0.0000000e+00   0.0000000e+00
   6.7074854e+01   2.7332899e+02   1.5112452e+03   1.0315066e+03   1.5165538e+00   0.0000000e+00   0.0000000e+00
   6.7663048e+01   2.7333467e+02   1.5108256e+03   1.0317622e+03   1.5176525e+00   0.0000000e+00   0.0000000e+00
   6.8251243e+01   2.7334042e+02   1.5104063e+03   1.0320174e+03   1.5187518e+00   0.0000000e+00   0.0000000e+00
   6.8839438e+01   2.7334622e+02   1.5099871e+03   1.0322722e+03   1.5198516e+00   0.0000000e+00   0.0000000e+00
   6.9427633e+01   2.7335207e+02   1.5095682e+03   1.0325266e+03   1.5209519e+00   0.0000000e+00   0.0000000e+00
   7.0015828e+01   2.7335799e+02   1.5091495e+03   1.0327807e+03   1.5220527e+00   0.0000000e+00   0.0000000e+00
   7.0604022e+01   2.7336396e+02   1.5087311e+03   1.0330345e+03   1.5231540e+00   0.0000000e+00   0.0000000e+00
   7.1192217e+01   2.7336998e+02   1.5083129e+03   1.0332878e+03   1.5242558e+00   0.0000000e+00   0.0000000e+00
   7.1780412e+01   2.7337606e+02   1.5078949e+03   1.0335408e+03   1.5253581e+00   0.0000000e+00   0.0000000e+00
   7.2368607e+01   2.7338220e+02   1.5074771e+03   1.0337934e+03   1.5264609e+00   0.0000000e+00   0.0000000e+00
   7.2956802e+01   2.7338839e+02   1.5070595e+03   1.0340457e+03   1.5275641e+00   0.0000000e+00   0.0000000e+00
   7.3544996e+01   2.7339463e+02   1.5066422e+03   1.0342976e+03   1.5286677e+00   0.0000000e+00   0.0000000e+00
   7.4133191e+01   2.7340093e+02   1.5062251e+03   1.0345492e+03   1.5297717e+00   0.0000000e+00   0.0000000e+00
   7.4721386e+01   2.7340729e+02   1.5058082e+03   1.0348004e+03   1.5308761e+00   0.0000000e+00   0.0000000e+00
   7.5309581e+01   2.7341370e+02   1.5053915e+03   1.0350512e+03   1.5319808e+00   0.0000000e+00   0.0000000e+00
   7.5897776e+01   2.7342016e+02   1.5049750e+03   1.0353017e+03   1.5330859e+00   0.0000000e+00   0.0000000e+00
   7.6485971e+01   2.7342668e+02   1.5045588e+03   1.0355518e+03   1.5341913e+00   0.0000000e+00   0.0000000e+00
   7.7074165e+01   2.7343325e+02   1.5041428e+03   1.0358015e+03   1.5352970e+00   0.0000000e+00   0.0000000e+00
   7.7662360e+01   2.7343987e+02   1.5037270e+03   1.0360509e+03   1.5364030e+00   0.0000000e+00   0.0000000e+00
   7.8250555e+01   2.7344655e+02   1.5033114e+03   1.0362999e+03   1.5375092e+00   0.0000000e+00   0.0000000e+00
   7.8838750e+01   2.7345328e+02   1.5028961e+03   1.0365486e+03   1.5386157e+00   0.0000000e+00   0.0000000e+00
   7.9426945e+01   2.7346006e+02   1.5024809e+03   1.0367969e+03   1.5397224e+00   0.0000000e+00   0.0000000e+00
   8.0015139e+01   2.7346690e+02   1.5020660e+03   1.0370449e+03   1.5408292e+00   0.0000000e+00   0.0000000e+00
   8.0603334e+01   2.7347378e+02   1.5016513e+03   1.0372925e+03   1.5419363e+00   0.0000000e+00   0.0000000e+00
   8.1191529e+01   2.7348072e+02   1.5012368e+03   1.0375398e+03   1.5430435e+00   0.0000000e+00   0.0000000e+00
   8.1779724e+01   2.7348771e+02   1.5008226e+03   1.0377867e+03   1.5441509e+00   0.0000000e+00   0.0000000e+00
   8.2367919e+01   2.7349476e+02   1.5004085e+03   1.0380332e+03   1.5452584e+00   0.0000000e+00   0.0000000e+00
   8.2956113e+01   2.7350185e+02   1.4999947e+03   1.0382794e+03   1.5463659e+00   0.0000000e+00   0.0000000e+00
   8.3544308e+01   2.7350900e+02   1.4995811e+03   1.0385253e+03   1.5474736e+00   0.0000000e+00   0.0000000e+00
   8.4132503e+01   2.7351619e+02   1.4991677e+03   1.0387708e+03   1.5485813e+00   0.0000000e+00   0.0000000e+00
   8.4720698e+01   2.7352344e+02   1.4987545e+03   1.0390159e+03   1.5496890e+00   0.0000000e+00   0.0000000e+00
   8.5308893e+01   2.7353074e+02   1.4983416e+03   1.0392607e+03   1.5507968e+00   0.0000000e+00   0.0000000e+00
   8.5897088e+01   2.7353809e+02   1.4979288e+03   1.0395052e+03   1.5519045e+00   0.0000000e+00   0.0000000e+00
   8.6485282e+01   2.7354548e+02   1.4975163e+03   1.0397493e+03   1.5530123e+00   0.0000000e+00   0.0000000e+00
   8.7073477e+01   2.7355293e+02   1.4971040e+03   1.0399930e+03   1.5541200e+00   0.0000000e+00   0.0000000e+00
   8.7661672e+01   2.7356043e+02   1.4966919e+03   1.0402364e+03   1.5552276e+00   0.0000000e+00   0.0000000e+00
   8.8249867e+01   2.7356798e+02   1.4962800e+03   1.0404795e+03   1.5563351e+00   0.0000000e+00   0.0000000e+00
   8.8838062e+01   2.7357557e+02   1.4958684e+03   1.0407222e+03   1.5574426e+00   0.0000000e+00   0.0000000e+00
   8.9426256e+01   2.7358322e+02   1.4954569e+03   1.0409646e+03   1.5585499e+00   0.0000000e+00   0.0000000e+00
   9.0014451e+01   2.7359091e+02   1.4950457e+03   1.0412066e+03   1.5596571e+00   0.0000000e+00   0.0000000e+00
   9.0602646e+01   2.7359866e+02   1.4946346e+03   1.0414483e+03   1.5607641e+00   0.0000000e+00   0.0000000e+00
   9.1190841e+01   2.7360645e+02   1.4942238e+03   1.0416896e+03   1.5618710e+00   0.0000000e+00   0.0000000e+00
   9.1779036e+01   2.7361429e+02   1.4938132e+03   1.0419306e+03   1.5629777e+00   0.0000000e+00   0.0000000e+00
   9.2367231e+01   2.7362218e+02   1.4934029e+03   1.0421712e+03   1.5640843e+00   0.0000000e+00   0.0000000e+00
   9.2955425e+01   2.7363011e+02   1.4929927e+03   1.0424115e+03   1.5651908e+00   0.0000000e+00   0.0000000e+00
   9.3543620e+01   2.7363810e+02   1.4925827e+03   1.0426515e+03   1.5662971e+00   0.0000000e+00   0.0000000e+00
   9.4131815e+01   2.7364613e+02   1.4921730e+03   1.0428911e+03   1.5674034e+00   0.0000000e+00   0.0000000e+00
   9.4720010e+01   2.7365421e+02   1.4917635e+03   1.0431304e+03   1.5685095e+00   0.0000000e+00   0.0000000e+00
   9.5308205e+01   2.7366233e+02   1.4913542e+03   1.0433694e+03   1.5696156e+00   0.0000000e+00   0.0000000e+00
   9.5896399e+01   2.7367050e+02   1.4909450e+03   1.0436080e+03   1.5707216e+00   0.0000000e+00   0.0000000e+00
   9.6484594e+01   2.7367872e+02   1.4905362e+03   1.0438462e+03   1.5718275e+00   0.0000000e+00   0.0000000e+00
   9.7072789e+01   2.7368699e+02   1.4901275e+03   1.0440842e+03   1.5729334e+00   0.0000000e+00   0.0000000e+00
   9.7660984e+01   2.7369530e+02   1.4897190e+03   1.0443218e+03   1.5740392e+00   0.0000000e+00   0.0000000e+00
   9.8249179e+01   2.7370366e+02   1.4893107e+03   1.0445590e+03   1.5751449e+00   0.0000000e+00   0.0000000e+00
   9.8837373e+01   2.7371206e+02   1.4889027e+03   1.0447960e+03   1.5762507e+00   0.0000000e+00   0.0000000e+00
   9.9425568e+01   2.7372051e+02   1.4884948e+03   1.0450326e+03   1.5773564e+00   0.0000000e+00   0.0000000e+00
   1.0001376e+02   2.7372901e+02   1.4880872e+03   1.0452688e+03   1.5784620e+00   0.0000000e+00   0.0000000e+00
   1.0060196e+02   2.7373755e+02   1.4876798e+03   1.0455048e+03   1.5795677e+00   0.0000000e+00   0.0000000e+00
   1.0119015e+02   2.7374613e+02   1.4872726e+03   1.0457404e+03   1.5806734e+00   0.0000000e+00   0.0000000e+00
   1.0177835e+02   2.7375476e+02   1.4868656e+03   1.0459756e+03   1.5817791e+00   0.0000000e+00   0.0000000e+00
   1.0236654e+02   2.7376344e+02   1.4864588e+03   1.0462105e+03   1.5828849e+00   0.0000000e+00   0.0000000e+00
   1.0295474e+02   2.7377216e+02   1.4860522e+03   1.0464452e+03   1.5839906e+00   0.0000000e+00   0.0000000e+00
   1.0354293e+02   2.7378092e+02   1.4856458e+03   1.0466794e+03   1.5850965e+00   0.0000000e+00   0.0000000e+00
   1.0413113e+02   2.7378973e+02   1.4852397e+03   1.0469134e+03   1.5862024e+00   0.0000000e+00   0.0000000e+00
   1.0471932e+02   2.7379858e+02   1.4848337e+03   1.0471470e+03   1.5873084e+00   0.0000000e+00   0.0000000e+00
   1.0530752e+02   2.7380747e+02   1.4844280e+03   1.0473803e+03   1.5884145e+00   0.0000000e+00   0.0000000e+00
   1.0589571e+02   2.7381641e+02   1.4840224e+03   1.0476132e+03   1.5895207e+00   0.0000000e+00   0.0000000e+00
   1.0648391e+02   2.7382539e+02   1.4836171e+03   1.0478459e+03   1.5906270e+00   0.0000000e+00   0.0000000e+00
   1.0707210e+02   2.7383442e+02   1.4832119e+03   1.0480782e+03   1.5917335e+00   0.0000000e+00   0.0000000e+00
   1.0766030e+02   2.7384349e+02   1.4828070e+03   1.0483102e+03   1.5928401e+00   0.0000000e+00   0.0000000e+00
   1.0824849e+02   2.7385260e+02   1.4824023e+03   1.0485418e+03   1.5939468e+00   0.0000000e+00   0.0000000e+00
   1.0883669e+02   2.7386175e+02   1.4819978e+03   1.0487732e+03   1.5950538e+00   0.0000000e+00   0.0000000e+00
   1.0942488e+02   2.7387094e+02   1.4815935e+03   1.0490042e+03   1.5961609e+00   0.0000000e+00   0.0000000e+00
   1.1001307e+02   2.7388018e+02   1.4811894e+03   1.0492349e+03   1.5972682e+00   0.0000000e+00   0.0000000e+00
   1.1060127e+02   2.7388946e+02   1.4807855e+03   1.0494652e+03   1.5983757e+00   0.0000000e+00   0.0000000e+00
   1.1118946e+02   2.7389878e+02   1.4803818e+03   1.0496953e+03   1.5994834e+00   0.0000000e+00   0.0000000e+00
   1.1177766e+02   2.7390815e+02   1.4799783e+03   1.0499250e+03   1.6005913e+00   0.0000000e+00   0.0000000e+00
   1.1236585e+02   2.7391755e+02   1.4795750e+03   1.0501544e+03   1.6016994e+00   0.0000000e+00   0.0000000e+00
   1.1295405e+02   2.7392699e+02   1.4791720e+03   1.0503835e+03   1.6028077e+00   0.0000000e+00   0.0000000e+00
   1.1354224e+02   2.7393648e+02   1.4787691e+03   1.0506123e+03   1.6039161e+00   0.0000000e+00   0.0000000e+00
   1.1413044e+02   2.7394601e+02   1.4783664e+03   1.0508408e+03   1.6050248e+00   0.0000000e+00   0.0000000e+00
   1.1471863e+02   2.7395558e+02   1.4779640e+03   1.0510689e+03   1.6061336e+00   0.0000000e+00   0.0000000e+00
   1.1530683e+02   2.7396518e+02   1.4775617e+03   1.0512967e+03   1.6072425e+00   0.0000000e+00   0.0000000e+00
   1.1589502e+02   2.7397483e+02   1.4771597e+03   1.0515243e+03   1.6083516e+00   0.0000000e+00   0.0000000e+00
   1.1648322e+02   2.7398452e+02   1.4767578e+03   1.0517515e+03   1.6094609e+00   0.0000000e+00   0.0000000e+00
   1.1707141e+02   2.7399425e+02   1.4763562e+03   1.0519783e+03   1.6105703e+00   0.0000000e+00   0.0000000e+00
   1.1765961e+02   2.7400402e+02   1.4759547e+03   1.0522049e+03   1.6116799e+00   0.0000000e+00   0.0000000e+00
   1.1824780e+02   2.7401382e+02   1.4755535e+03   1.0524312e+03   1.6127896e+00   0.0000000e+00   0.0000000e+00
   1.1883600e+02   2.7402367e+02   1.4751524e+03   1.0526571e+03   1.6138994e+00   0.0000000e+00   0.0000000e+00
   1.1942419e+02   2.7403356e+02   1.4747516e+03   1.0528828e+03   1.6150094e+00   0.0000000e+00   0.0000000e+00
   1.2001239e+02   2.7404348e+02   1.4743510e+03   1.0531081e+03   1.6161194e+00   0.0000000e+00   0.0000000e+00
   1.2060058e+02   2.7405345e+02   1.4739505e+03   1.0533331e+03   1.6172296e+00   0.0000000e+00   0.0000000e+00
   1.2118878e+02   2.7406345e+02   1.4735503e+03   1.0535578e+03   1.6183399e+00   0.0000000e+00   0.0000000e+00
   1.2177697e+02   2.7407349e+02   1.4731503e+03   1.0537822e+03   1.6194503e+00   0.0000000e+00   0.0000000e+00
   1.2236517e+02   2.7408357e+02   1.4727504e+03   1.0540063e+03   1.6205609e+00   0.0000000e+00   0.0000000e+00
   1.2295336e+02   2.7409368e+02   1.4723508e+03   1.0542301e+03   1.6216715e+00   0.0000000e+00   0.0000000e+00
   1.2354156e+02   2.7410384e+02   1.4719514e+03   1.0544536e+03   1.6227822e+00   0.0000000e+00   0.0000000e+00
   1.2412975e+02   2.7411403e+02   1.4715522e+03   1.0546767e+03   1.6238930e+00   0.0000000e+00   0.0000000e+00
   1.2471795e+02   2.7412426e+02   1.4711531e+03   1.0548996e+03   1.6250038e+00   0.0000000e+00   0.0000000e+00
   1.2530614e+02   2.7413453e+02   1.4707543e+03   1.0551222e+03   1.6261148e+00   0.0000000e+00   0.0000000e+00
   1.2589433e+02   2.7414483e+02   1.4703557e+03   1.0553445e+03   1.6272259e+00   0.0000000e+00   0.0000000e+00
   1.2648253e+02   2.7415518e+02   1.4699572e+03   1.0555664e+03   1.6283370e+00   0.0000000e+00   0.0000000e+00
   1.2707072e+02   2.7416555e+02   1.4695590e+03   1.0557881e+03   1.6294482e+00   0.0000000e+00   0.0000000e+00
   1.2765892e+02   2.7417597e+02   1.4691610e+03   1.0560094e+03   1.6305594e+00   0.0000000e+00   0.0000000e+00
   1.2824711e+02   2.7418642e+02   1.4687631e+03   1.0562305e+03   1.6316707e+00   0.0000000e+00   0.0000000e+00
   1.2883531e+02   2.7419691e+02   1.4683655e+03   1.0564513e+03   1.6327821e+00   0.0000000e+00   0.0000000e+00
   1.2942350e+02   2.7420743e+02   1.4679681e+03   1.0566717e+03   1.6338935e+00   0.0000000e+00   0.0000000e+00
   1.3001170e+02   2.7421799e+02   1.4675708e+03   1.0568919e+03   1.6350050e+00   0.0000000e+00   0.0000000e+00
   1.3059989e+02   2.7422859e+02   1.4671738e+03   1.0571118e+03   1.6361165e+00   0.0000000e+00   0.0000000e+00
   1.3118809e+02   2.7423922e+02   1.4667769e+03   1.0573313e+03   1.6372281e+00   0.0000000e+00   0.0000000e+00
   1.3177628e+02   2.7424989e+02   1.4663803e+03   1.0575506e+03   1.6383397e+00   0.0000000e+00   0.0000000e+00
   1.3236448e+02   2.7426059e+02   1.4659838e+03   1.0577696e+03   1.6394514e+00   0.0000000e+00   0.0000000e+00
   1.3295267e+02   2.7427133e+02   1.4655876e+03   1.0579883e+03   1.6405631e+00   0.0000000e+00   0.0000000e+00
   1.3354087e+02   2.7428210e+02   1.4651915e+03   1.0582066e+03   1.6416748e+00   0.0000000e+00   0.0000000e+00
   1.3412906e+02   2.7429291e+02   1.4647957e+03   1.0584247e+03   1.6427865e+00   0.0000000e+00   0.0000000e+00
   1.3471726e+02   2.7430375e+02   1.4644000e+03   1.0586425e+03   1.6438983e+00   0.0000000e+00   0.0000000e+00
   1.3530545e+02   2.7431462e+02   1.4640045e+03   1.0588600e+03   1.6450101e+00   0.0000000e+00   0.0000000e+00
   1.3589365e+02   2.7432553e+02   1.4636093e+03   1.0590772e+03   1.6461219e+00   0.0000000e+00   0.0000000e+00
   1.3648184e+02   2.7433648e+02   1.4632142e+03   1.0592941e+03   1.6472337e+00   0.0000000e+00   0.0000000e+00
   1.3707004e+02   2.7434746e+02   1.4628193e+03   1.0595108e+03   1.6483455e+00   0.0000000e+00   0.0000000e+00
   1.3765823e+02   2.7435847e+02   1.4624246e+03   1.0597271e+03   1.6494573e+00   0.0000000e+00   0.0000000e+00
   1.3824643e+02   2.7436951e+02   1.4620301e+03   1.0599431e+03   1.6505692e+00   0.0000000e+00   0.0000000e+00
   1.3883462e+02   2.7438059e+02   1.4616358e+03   1.0601589e+03   1.6516810e+00   0.0000000e+00   0.0000000e+00
   1.3942282e+02   2.7439171e+02   1.4612417e+03   1.0603743e+03   1.6527928e+00   0.0000000e+00   0.0000000e+00
   1.4001101e+02   2.7440285e+02   1.4608478e+03   1.0605895e+03   1.6539046e+00   0.0000000e+00   0.0000000e+00
   1.4059921e+02   2.7441403e+02   1.4604541e+03   1.0608044e+03   1.6550164e+00   0.0000000e+00   0.0000000e+00
   1.4118740e+02   2.7442524e+02   1.4600606e+03   1.0610190e+03   1.6561281e+00   0.0000000e+00   0.0000000e+00
   1.4177559e+02   2.7443649e+02   1.4596673e+03   1.0612333e+03   1.6572399e+00   0.0000000e+00   0.0000000e+00
   1.4236379e+02   2.7444777e+02   1.4592741e+03   1.0614473e+03   1.6583516e+00   0.0000000e+00   0.0000000e+00
   1.4295198e+02   2.7445907e+02   1.4588812e+03   1.0616610e+03   1.6594633e+00   0.0000000e+00   0.0000000e+00
   1.4354018e+02   2.7447042e+02   1.4584885e+03   1.0618745e+03   1.6605749e+00   0.0000000e+00   0.0000000e+00
   1.4412837e+02   2.7448179e+02   1.4580959e+03   1.0620876e+03   1.6616866e+00   0.0000000e+00   0.0000000e+00
   1.4471657e+02   2.7449320e+02   1.4577036e+03   1.0623005e+03   1.6627981e+00   0.0000000e+00   0.0000000e+00
   1.4530476e+02   2.7450463e+02   1.4573114e+03   1.0625131e+03   1.6639096e+00   0.0000000e+00   0.0000000e+00
   1.4589296e+02   2.7451610e+02   1.4569194e+03   1.0627254e+03   1.6650211e+00   0.0000000e+00   0.0000000e+00
   1.4648115e+02   2.7452760e+02   1.4565276e+03   1.0629374e+03   1.6661325e+00   0.0000000e+00   0.0000000e+00
   1.4706935e+02   2.7453913e+02   1.4561360e+03   1.0631491e+03   1.6672438e+00   0.0000000e+00   0.0000000e+00
   1.4765754e+02   2.7455070e+02   1.4557446e+03   1.0633606e+03   1.6683551e+00   0.0000000e+00   0.0000000e+00
   1.4824574e+02   2.7456229e+02   1.4553534e+03   1.0635718e+03   1.6694662e+00   0.0000000e+00   0.0000000e+00
   1.4883393e+02   2.7457392e+02   1.4549624e+03   1.0637827e+03   1.6705773e+00   0.0000000e+00   0.0000000e+00
   1.4942213e+02   2.7458557e+02   1.4545716e+03   1.0639933e+03   1.6716884e+00   0.0000000e+00   0.0000000e+00
   1.5001032e+02   2.7459726e+02   1.4541810e+03   1.0642036e+03   1.6727993e+00   0.0000000e+00   0.0000000e+00
   1.5059852e+02   2.7460897e+02   1.4537905e+03   1.0644136e+03   1.6739102e+00   0.0000000e+00   0.0000000e+00
   1.5118671e+02   2.7462072e+02   1.4534003e+03   1.0646234e+03   1.6750209e+00   0.0000000e+00   0.0000000e+00
   1.5177491e+02   2.7463250e+02   1.4530102e+03   1.0648329e+03   1.6761316e+00   0.0000000e+00   0.0000000e+00
   1.5236310e+02   2.7464431e+02   1.4526203e+03   1.0650421e+03   1.6772421e+00   0.0000000e+00   0.0000000e+00
   1.5295130e+02   2.7465614e+02   1.4522306e+03   1.0652511e+03   1.6783525e+00   0.0000000e+00   0.0000000e+00
   1.5353949e+02   2.7466801e+02   1.4518412e+03   1.0654597e+03   1.6794628e+00   0.0000000e+00   0.0000000e+00
   1.5412769e+02   2.7467991e+02   1.4514519e+03   1.0656681e+03   1.6805730e+00   0.0000000e+00   0.0000000e+00
   1.5471588e+02   2.7469183e+02   1.4510627e+03   1.0658762e+03   1.6816831e+00   0.0000000e+00   0.0000000e+00
   1.5530408e+02   2.7470379e+02   1.4506738e+03   1.0660841e+03   1.6827930e+00   0.0000000e+00   0.0000000e+00
   1.5589227e+02   2.7471577e+02   1.4502851e+03   1.0662916e+03   1.6839028e+00   0.0000000e+00   0.0000000e+00
   1.5648047e+02   2.7472778e+02   1.4498965e+03   1.0664989e+03   1.6850125e+00   0.0000000e+00   0.0000000e+00
   1.5706866e+02   2.7473983e+02   1.4495082e+03   1.0667059e+03   1.6861220e+00   0.0000000e+00   0.0000000e+00
   1.5765685e+02   2.7475190e+02   1.4491200e+03   1.0669127e+03   1.6872314e+00   0.0000000e+00   0.0000000e+00
   1.5824505e+02   2.7476400e+02   1.4487320e+03   1.0671191e+03   1.6883406e+00   0.0000000e+00   0.0000000e+00
   1.5883324e+02   2.7477612e+02   1.4483442e+03   1.0673253e+03   1.6894496e+00   0.0000000e+00   0.0000000e+00
   1.5942144e+02   2.7478828e+02   1.4479566e+03   1.0675312e+03   1.6905585e+00   0.0000000e+00   0.0000000e+00
   1.6000963e+02   2.7480046e+02   1.4475692e+03   1.0677369e+03   1.6916672e+00   0.0000000e+00   0.0000000e+00
   1.6059783e+02   2.7481268e+02   1.4471820e+03   1.0679423e+03   1.6927757e+00   0.0000000e+00   0.0000000e+00
   1.6118602e+02   2.7482492e+02   1.4467949e+03   1.0681474e+03   1.6938841e+00   0.0000000e+00   0.0000000e+00
   1.6177422e+02   2.7483719e+02   1.4464081e+03   1.0683522e+03   1.6949922e+00   0.0000000e+00   0.0000000e+00
   1.6236241e+02   2.7484948e+02   1.4460214e+03   1.0685568e+03   1.6961001e+00   0.0000000e+00   0.0000000e+00
   1.6295061e+02   2.7486181e+02   1.4456349e+03   1.0687611e+03   1.6972078e+00   0.0000000e+00   0.0000000e+00
   1.6353880e+02   2.7487416e+02   1.4452486e+03   1.0689652e+03   1.6983153e+00   0.0000000e+00   0.0000000e+00
   1.6412700e+02   2.7488653e+02   1.4448625e+03   1.0691690e+03   1.6994226e+00   0.0000000e+00   0.0000000e+00
   1.6471519e+02   2.7489894e+02   1.4444766e+03   1.0693725e+03   1.7005296e+00   0.0000000e+00   0.0000000e+00
   1.6530339e+02   2.7491137e+02   1.4440908e+03   1.0695757e+03   1.7016363e+00   0.0000000e+00   0.0000000e+00
   1.6589158e+02   2.7492383e+02   1.4437053e+03   1.0697787e+03   1.7027428e+00   0.0000000e+00   0.0000000e+00
   1.6647978e+02   2.7493632e+02   1.4433199e+03   1.0699814e+03   1.7038490e+00   0.0000000e+00   0.0000000e+00
   1.6706797e+02   2.7494883e+02   1.4429347e+03   1.0701838e+03   1.7049550e+00   0.0000000e+00   0.0000000e+00
   1.6765617e+02   2.7496137e+02   1.4425497e+03   1.0703860e+03   1.7060606e+00   0.0000000e+00   0.0000000e+00
   1.6824436e+02   2.7497394e+02   1.4421649e+03   1.0705880e+03   1.7071660e+00   0.0000000e+00   0.0000000e+00
   1.6883256e+02   2.7498653e+02   1.4417803e+03   1.0707896e+03   1.7082710e+00   0.0000000e+00   0.0000000e+00
   1.6942075e+02   2.7499915e+02   1.4413958e+03   1.0709910e+03   1.7093757e+00   0.0000000e+00   0.0000000e+00
   1.7000895e+02   2.7501179e+02   1.4410116e+03   1.0711922e+03   1.7104800e+00   0.0000000e+00   0.0000000e+00
   1.7059714e+02   2.7502446e+02   1.4406275e+03   1.0713930e+03   1.7115841e+00   0.0000000e+00   0.0000000e+00
   1.7118534e+02   2.7503715e+02   1.4402436e+03   1.0715937e+03   1.7126877e+00   0.0000000e+00   0.0000000e+00
   1.7177353e+02   2.7504988e+02   1.4398599e+03   1.0717940e+03   1.7137910e+00   0.0000000e+00   0.0000000e+00
   1.7236173e+02   2.7506262e+02   1.4394764e+03   1.0719941e+03   1.7148940e+00   0.0000000e+00   0.0000000e+00
   1.7294992e+02   2.7507540e+02   1.4390930e+03   1.0721940e+03   1.7159966e+00   0.0000000e+00   0.0000000e+00
   1.7353811e+02   2.7508819e+02   1.4387099e+03   1.0723936e+03   1.7170988e+00   0.0000000e+00   0.0000000e+00
   1.7412631e+02   2.7510102e+02   1.4383269e+03   1.0725929e+03   1.7182006e+00   0.0000000e+00   0.0000000e+00
   1.7471450e+02   2.7511386e+02   1.4379441e+03   1.0727920e+03   1.7193020e+00   0.0000000e+00   0.0000000e+00
   1.7530270e+02   2.7512674e+02   1.4375615e+03   1.0729908e+03   1.7204031e+00   0.0000000e+00   0.0000000e+00
   1.7589089e+02   2.7513963e+02   1.4371791e+03   1.0731893e+03   1.7215037e+00   0.0000000e+00   0.0000000e+00
   1.7647909e+02   2.7515256e+02   1.4367968e+03   1.0733877e+03   1.7226039e+00   0.0000000e+00   0.0000000e+00
   1.7706728e+02   2.7516550e+02   1.4364147e+03   1.0735857e+03   1.7237037e+00   0.0000000e+00   0.0000000e+00
   1.7765548e+02   2.7517848e+02   1.4360329e+03   1.0737835e+03   1.7248031e+00   0.0000000e+00   0.0000000e+00
   1.7824367e+02   2.7519147e+02   1.4356512e+03   1.0739811e+03   1.7259021e+00   0.0000000e+00   0.0000000e+00
   1.7883187e+02   2.7520449e+02   1.4352696e+03   1.0741784e+03   1.7270005e+00   0.0000000e+00   0.0000000e+00
   1.7942006e+02   2.7521753e+02   1.4348883e+03   1.0743754e+03   1.7280986e+00   0.0000000e+00   0.0000000e+00
   1.8000826e+02   2.7523060e+02   1.4345071e+03   1.0745722e+03   1.7291962e+00   0.0000000e+00   0.0000000e+00
   1.8059645e+02   2.7524369e+02   1.4341262e+03   1.0747688e+03   1.7302933e+00   0.0000000e+00   0.0000000e+00
   1.8118465e+02   2.7525681e+02   1.4337454e+03   1.0749651e+03   1.7313899e+00   0.0000000e+00   0.0000000e+00
   1.8177284e+02   2.7526995e+02   1.4333648e+03   1.0751611e+03   1.7324860e+00   0.0000000e+00   0.0000000e+00
   1.8236104e+02   2.7528311e+02   1.4329843e+03   1.0753570e+03   1.7335815e+00   0.0000000e+00   0.0000000e+00
   1.8294923e+02   2.7529630e+02   1.4326041e+03   1.0755525e+03   1.7346764e+00   0.0000000e+00   0.0000000e+00
   1.8353743e+02   2.7530951e+02   1.4322240e+03   1.0757478e+03   1.7357708e+00   0.0000000e+00   0.0000000e+00
   1.8412562e+02   2.7532274e+02   1.4318441e+03   1.0759429e+03   1.7368645e+00   0.0000000e+00   0.0000000e+00
   1.8471382e+02   2.7533599e+02   1.4314644e+03   1.0761377e+03   1.7379576e+00   0.0000000e+00   0.0000000e+00
   1.8530201e+02   2.7534927e+02   1.4310849e+03   1.0763323e+03   1.7390499e+00   0.0000000e+00   0.0000000e+00
   1.8589021e+02   2.7536257e+02   1.4307055e+03   1.0765266e+03   1.7401416e+00   0.0000000e+00   0.0000000e+00
   1.8647840e+02   2.7537590e+02   1.4303263e+03   1.0767207e+03   1.7412325e+00   0.0000000e+00   0.0000000e+00
   1.8706660e+02   2.7538924e+02   1.4299474e+03   1.0769146e+03   1.7423227e+00   0.0000000e+00   0.0000000e+00
   1.8765479e+02   2.7540261e+02   1.4295685e+03   1.0771082e+03   1.7434121e+00   0.0000000e+00   0.0000000e+00
   1.8824299e+02   2.7541600e+02   1.4291899e+03   1.0773016e+03   1.7445006e+00   0.0000000e+00   0.0000000e+00
   1.8883118e+02   2.7542942e+02   1.4288114e+03   1.0774947e+03   1.7455884e+00   0.0000000e+00   0.0000000e+00
   1.8941937e+02   2.7544285e+02   1.4284332e+03   1.0776876e+03   1.7466752e+00   0.0000000e+00   0.0000000e+00
   1.9000757e+02   2.7545631e+02   1.4280551e+03   1.0778803e+03   1.7477612e+00   0.0000000e+00   0.0000000e+00
   1.9059576e+02   2.7546979e+02   1.4276771e+03   1.0780727e+03   1.7488463e+00   0.0000000e+00   0.0000000e+00
   1.9118396e+02   2.7548329e+02   1.4272994e+03   1.0782648e+03   1.7499305e+00   0.0000000e+00   0.0000000e+00
   1.9177215e+02   2.7549681e+02   1.4269218e+03   1.0784568e+03   1.7510136e+00   0.0000000e+00   0.0000000e+00
   1.9236035e+02   2.7551036e+02   1.4265444e+03   1.0786485e+03   1.7520958e+00   0.0000000e+00   0.0000000e+00
   1.9294854e+02   2.7552392e+02   1.4261672e+03   1.0788400e+03   1.7531769e+00   0.0000000e+00   0.0000000e+00
   1.9353674e+02   2.7553751e+02   1.4257902e+03   1.0790312e+03   1.7542569e+00   0.0000000e+00   0.0000000e+00
   1.9412493e+02   2.7555112e+02   1.4254133e+03   1.0792222e+03   1.7553358e+00   0.0000000e+00   0.0000000e+00
   1.9471313e+02   2.7556474e+02   1.4250366e+03   1.0794130e+03   1.7564135e+00   0.0000000e+00   0.0000000e+00
   1.9530132e+02   2.7557839e+02   1.4246601e+03   1.0796035e+03   1.7574901e+00   0.0000000e+00   0.0000000e+00
   1.9588952e+02   2.7559206e+02   1.4242838e+03   1.0797938e+03   1.7585655e+00   0.0000000e+00   0.0000000e+00
   1.9588952e+02   2.7559206e+02   1.4242838e+03   3.4588605e+03   4.4555014e+00   2.5412482e+00   1.4831305e+12
   2.2054320e+02   2.8225157e+02   1.4193611e+03   3.4588605e+03   4.4800167e+00   2.5555050e+00   7.6601209e+11
   2.4512424e+02   2.8889008e+02   1.4144383e+03   3.4735298e+03   4.4270863e+00   2.5233160e+00   4.0861402e+11
   2.6973665e+02   2.9550760e+02   1.4095156e+03   3.4427422e+03   4.4910321e+00   2.5612398e+00   2.2466135e+11
   2.9405775e+02   3.0210416e+02   1.4045928e+03   3.4806219e+03   4.5445404e+00   2.5929379e+00   1.2694079e+11
   3.1857474e+02   3.0867977e+02   1.3996701e+03   3.5124461e+03   4.5443182e+00   2.5923701e+00   7.3664027e+10
   3.4324093e+02   3.1523443e+02   1.3947473e+03   3.5126403e+03   4.5252531e+00   2.5804771e+00   4.3819508e+10
   3.6783131e+02   3.2176817e+02   1.3898246e+03   3.5017287e+03   7.9516642e+00   4.5345863e+00   2.6662393e+10
   3.9226843e+02   3.2828101e+02   1.3849018e+03   3.5130108e+03   7.9512005e+00   4.5335494e+00   1.6566984e+10
   4.1670800e+02   3.3477296e+02   1.3799791e+03   3.5131918e+03   7.9506765e+00   4.5324771e+00   1.0502342e+10
   4.4107182e+02   3.4124402e+02   1.3750563e+03   3.5133617e+03   7.9501550e+00   4.5314084e+00   6.7829293e+09
   4.6535987e+02   3.4769423e+02   1.3701336e+03   3.5135309e+03   7.9496073e+00   4.5303251e+00   4.4581113e+09
   4.8957218e+02   3.5412360e+02   1.3652108e+03   3.5136947e+03   7.9490201e+00   4.5292223e+00   2.9787863e+09
   5.1370878e+02   3.6053214e+02   1.3602881e+03   3.5138504e+03   7.9484442e+00   4.5281261e+00   2.0214797e+09
   5.3776966e+02   3.6691987e+02   1.3553653e+03   3.5140080e+03   7.9478204e+00   4.5270047e+00   1.3920635e+09
   5.6175489e+02   3.7328680e+02   1.3504426e+03   3.5141560e+03   7.9471809e+00   4.5258771e+00   9.7197425e+08
   5.8566448e+02   3.7963296e+02   1.3455198e+03   3.5143001e+03   7.9465548e+00   4.5247557e+00   6.8758847e+08
   6.0949844e+02   3.8595837e+02   1.3405971e+03   3.5144460e+03   7.9458655e+00   4.5236032e+00   4.9246586e+08
   6.3325686e+02   3.9226303e+02   1.3356743e+03   3.5145799e+03   7.9451867e+00   4.5224569e+00   3.5687358e+08
   6.5693970e+02   3.9854697e+02   1.3307516e+03   3.5147148e+03   7.9445018e+00   4.5213079e+00   2.6150492e+08
   6.8054706e+02   4.0481021e+02   1.3258288e+03   3.5148479e+03   7.9437723e+00   4.5201380e+00   1.9365423e+08
   7.0407897e+02   4.1105276e+02   1.3209061e+03   3.5149726e+03   7.9430614e+00   4.5189761e+00   1.4485269e+08
   7.2753546e+02   4.1727465e+02   1.3159834e+03   3.5150996e+03   7.9423254e+00   4.5178044e+00   1.0938669e+08
   7.5091660e+02   4.2347589e+02   1.3110606e+03   3.5152211e+03   7.9415663e+00   4.5166222e+00   8.3356675e+07
   7.7422243e+02   4.2965651e+02   1.3061379e+03   3.5153378e+03   7.9408210e+00   4.5154468e+00   6.4071772e+07
   7.9745298e+02   4.3581651e+02   1.3012151e+03   3.5154566e+03   7.9400448e+00   4.5142577e+00   4.9655538e+07
   8.2060835e+02   4.4195593e+02   1.2962924e+03   3.5155683e+03   7.9392622e+00   4.5130655e+00   3.8786293e+07
   8.4368857e+02   4.4807478e+02   1.2913696e+03   3.5156785e+03   7.9384847e+00   4.5118783e+00   3.0524142e+07
   8.6669369e+02   4.5417309e+02   1.2864469e+03   3.5157891e+03   7.9376766e+00   4.5106762e+00   2.4194551e+07
   8.8962381e+02   4.6025087e+02   1.2815241e+03   3.5158933e+03   7.9368746e+00   4.5094770e+00   1.9309163e+07
   9.1247895e+02   4.6630815e+02   1.2766014e+03   3.5159984e+03   7.9360723e+00   4.5082814e+00   1.5511432e+07
   9.3525922e+02   4.7234495e+02   1.2716786e+03   3.5161020e+03   7.9352369e+00   4.5070703e+00   1.2538949e+07
   9.5796467e+02   4.7836128e+02   1.2667559e+03   3.5161985e+03   7.9344127e+00   4.5058648e+00   1.0197090e+07
   9.8059536e+02   4.8435718e+02   1.2618331e+03   3.5162972e+03   7.9335903e+00   4.5046625e+00   8.3404350e+06
   1.0031514e+03   4.9033267e+02   1.2569104e+03   3.5163950e+03   7.9327385e+00   4.5034460e+00   6.8595545e+06
   1.0256328e+03   4.9628776e+02   1.2519876e+03   3.5164866e+03   7.9318922e+00   4.5022346e+00   5.6715382e+06
   1.0480397e+03   5.0222248e+02   1.2470649e+03   3.5165783e+03   7.9310524e+00   4.5010277e+00   4.7131546e+06
   1.0703721e+03   5.0813686e+02   1.2421421e+03   3.5166708e+03   7.9301889e+00   4.4998098e+00   3.9358758e+06
   1.0926302e+03   5.1403092e+02   1.2372194e+03   3.5167583e+03   7.9293249e+00   4.4985953e+00   3.3022311e+06
   1.1148140e+03   5.1990469e+02   1.2322966e+03   3.5168448e+03   7.9284708e+00   4.4973855e+00   2.7831184e+06
   1.1369237e+03   5.2575818e+02   1.2273739e+03   3.5169322e+03   7.9275948e+00   4.4961659e+00   2.3558072e+06
   1.1589592e+03   5.3159143e+02   1.2224511e+03   3.5170149e+03   7.9267201e+00   4.4949502e+00   2.0024472e+06
   1.1809207e+03   5.3740446e+02   1.2175284e+03   3.5170972e+03   7.9258535e+00   4.4937387e+00   1.7089469e+06
   1.2028083e+03   5.4319730e+02   1.2126056e+03   3.5171806e+03   7.9249656e+00   4.4925193e+00   1.4641260e+06
   1.2246222e+03   5.4896997e+02   1.2076829e+03   3.5172587e+03   7.9240829e+00   4.4913045e+00   1.2590704e+06
   1.2463622e+03   5.5472250e+02   1.2027601e+03   3.5173371e+03   7.9232079e+00   4.4900936e+00   1.0866391e+06
   1.2680287e+03   5.6045492e+02   1.1978374e+03   3.5174167e+03   7.9223100e+00   4.4888746e+00   9.4108609e+05
   1.2896217e+03   5.6616725e+02   1.1929146e+03   3.5174911e+03   7.9214208e+00   4.4876614e+00   8.1776687e+05
   1.3111412e+03   5.7185953e+02   1.1879919e+03   3.5175661e+03   7.9205400e+00   4.4864529e+00   7.1291156e+05
   1.3325874e+03   5.7753179e+02   1.1830691e+03   3.5176416e+03   7.9196338e+00   4.4852359e+00   6.2344758e+05
   1.3539605e+03   5.8318405e+02   1.1781464e+03   3.5177121e+03   7.9187396e+00   4.4840253e+00   5.4686064e+05
   1.3752605e+03   5.8881633e+02   1.1732237e+03   3.5177841e+03   7.9178542e+00   4.4828202e+00   4.8108536e+05
   1.3964875e+03   5.9442869e+02   1.1683009e+03   3.5178571e+03   7.9169424e+00   4.4816058e+00   4.2441881e+05
   1.4176416e+03   6.0002113e+02   1.1633782e+03   3.5179244e+03   7.9160439e+00   4.4803982e+00   3.7545178e+05
   1.4387231e+03   6.0559371e+02   1.1584554e+03   3.5179935e+03   7.9151526e+00   4.4791960e+00   3.3301405e+05
   1.4597319e+03   6.1114644e+02   1.1535327e+03   3.5180632e+03   7.9142397e+00   4.4779870e+00   2.9613053e+05
   1.4806683e+03   6.1667936e+02   1.1486099e+03   3.5181279e+03   7.9133380e+00   4.4767838e+00   2.6398607e+05
   1.5015323e+03   6.2219250e+02   1.1436872e+03   3.5181940e+03   7.9124419e+00   4.4755852e+00   2.3589700e+05
   1.5223241e+03   6.2768590e+02   1.1387644e+03   3.5182604e+03   7.9115315e+00   4.4743822e+00   2.1128818e+05
   1.5430438e+03   6.3315960e+02   1.1338417e+03   3.5183237e+03   7.9106272e+00   4.4731832e+00   1.8967429e+05
   1.5636916e+03   6.3861361e+02   1.1289189e+03   3.5183874e+03   7.9097265e+00   4.4719890e+00   1.7064461e+05
   1.5842676e+03   6.4404799e+02   1.1239962e+03   3.5184507e+03   7.9088203e+00   4.4707937e+00   1.5385054e+05
   1.6047719e+03   6.4946277e+02   1.1190734e+03   3.5185121e+03   7.9079141e+00   4.4695997e+00   1.3899542e+05
   1.6252047e+03   6.5485798e+02   1.1141507e+03   3.5185730e+03   7.9070102e+00   4.4684095e+00   1.2582610e+05
   1.6455661e+03   6.6023367e+02   1.1092279e+03   3.5186338e+03   7.9061102e+00   4.4672225e+00   1.1412596e+05
   1.6658562e+03   6.6558986e+02   1.1043052e+03   3.5186939e+03   7.9052028e+00   4.4660342e+00   1.0370922e+05
   1.6860754e+03   6.7092660e+02   1.0993824e+03   3.5187523e+03   7.9042979e+00   4.4648503e+00   9.4416124e+04
   1.7062236e+03   6.7624393e+02   1.0944597e+03   3.5188106e+03   7.9034036e+00   4.4636719e+00   8.6108957e+04
   1.7263010e+03   6.8154189e+02   1.0895369e+03   3.5188702e+03   7.9024950e+00   4.4624890e+00   7.8668744e+04
   1.7463079e+03   6.8682052e+02   1.0846142e+03   3.5189261e+03   7.9015903e+00   4.4613109e+00   7.1992458e+04
   1.7662443e+03   6.9207985e+02   1.0796914e+03   3.5189819e+03   7.9006970e+00   4.4601395e+00   6.5990677e+04
   1.7861105e+03   6.9731994e+02   1.0747687e+03   3.5190390e+03   7.8997932e+00   4.4589654e+00   6.0585630e+04
   1.8059066e+03   7.0254083e+02   1.0698459e+03   3.5190935e+03   7.8988905e+00   4.4577942e+00   5.5709527e+04
   1.8256328e+03   7.0774255e+02   1.0649232e+03   3.5191477e+03   7.8979965e+00   4.4566285e+00   5.1303160e+04
   1.8452893e+03   7.1292516e+02   1.0600004e+03   3.5192028e+03   7.8971008e+00   4.4554641e+00   4.7314712e+04
   1.8648763e+03   7.1808870e+02   1.0550777e+03   3.5192569e+03   7.8962011e+00   4.4543004e+00   4.3698747e+04
   1.8843939e+03   7.2323322e+02   1.0501549e+03   3.5193089e+03   7.8953055e+00   4.4531411e+00   4.0415344e+04
   1.9038423e+03   7.2835876e+02   1.0452322e+03   3.5193612e+03   7.8944210e+00   4.4519878e+00   3.7429367e+04
   1.9232218e+03   7.3346538e+02   1.0403095e+03   3.5194152e+03   7.8935223e+00   4.4508308e+00   3.4709830e+04
   1.9425325e+03   7.3855311e+02   1.0353867e+03   3.5194657e+03   7.8926264e+00   4.4496780e+00   3.2229363e+04
   1.9617747e+03   7.4362202e+02   1.0304640e+03   3.5195157e+03   7.8917460e+00   4.4485332e+00   2.9963746e+04
   1.9809485e+03   7.4867215e+02   1.0255412e+03   3.5195683e+03   7.8908569e+00   4.4473869e+00   2.7891508e+04
   2.0000542e+03   7.5370355e+02   1.0206185e+03   3.5196186e+03   7.8899624e+00   4.4462411e+00   2.5993587e+04
   2.0190920e+03   7.5871629e+02   1.0156957e+03   3.5196671e+03   7.8890841e+00   4.4451033e+00   2.4253031e+04
   2.0380621e+03   7.6371040e+02   1.0107730e+03   3.5197176e+03   7.8882074e+00   4.4439687e+00   2.2654740e+04
   2.0569647e+03   7.6868595e+02   1.0058502e+03   3.5197676e+03   7.8873171e+00   4.4428311e+00   2.1185242e+04
   2.0758000e+03   7.7364299e+02   1.0009275e+03   3.5198145e+03   7.8864379e+00   4.4416997e+00   1.9832502e+04
   2.0945684e+03   7.7858159e+02   9.9600472e+02   3.5198629e+03   7.8855678e+00   4.4405741e+00   1.8585751e+04
   2.1132700e+03   7.8350179e+02   9.9108197e+02   3.5199123e+03   7.8846878e+00   4.4394476e+00   1.7435339e+04
   2.1319051e+03   7.8840366e+02   9.8615922e+02   3.5199589e+03   7.8838079e+00   4.4383234e+00   1.6372607e+04
   2.1504739e+03   7.9328726e+02   9.8123647e+02   3.5200048e+03   7.8829433e+00   4.4372064e+00   1.5389773e+04
   2.1689766e+03   7.9815265e+02   9.7631372e+02   3.5200531e+03   7.8820764e+00   4.4360918e+00   1.4479837e+04
   2.1874137e+03   8.0299990e+02   9.7139098e+02   3.5201000e+03   7.8811986e+00   4.4349748e+00   1.3636490e+04
   2.2057852e+03   8.0782906e+02   9.6646823e+02   3.5201441e+03   7.8803356e+00   4.4338652e+00   1.2854042e+04
   2.2240915e+03   8.1264021e+02   9.6154548e+02   3.5201908e+03   7.8794733e+00   4.4327592e+00   1.2127351e+04
   2.2423329e+03   8.1743341e+02   9.5662273e+02   3.5202368e+03   7.8786118e+00   4.4316556e+00   1.1451769e+04
   2.2605096e+03   8.2220874e+02   9.5169998e+02   3.5202818e+03   7.8777475e+00   4.4305531e+00   1.0823085e+04
   2.2786220e+03   8.2696625e+02   9.4677723e+02   3.5203256e+03   7.8768932e+00   4.4294567e+00   1.0237483e+04
   2.2966703e+03   8.3170603e+02   9.4185449e+02   3.5203710e+03   7.8760410e+00   4.4283640e+00   9.6914969e+03
   2.3146548e+03   8.3642814e+02   9.3693174e+02   3.5204161e+03   7.8751813e+00   4.4272701e+00   9.1819794e+03
   2.3325759e+03   8.4113266e+02   9.3200899e+02   3.5204589e+03   7.8743332e+00   4.4261821e+00   8.7060662e+03
   2.3504338e+03   8.4581967e+02   9.2708624e+02   3.5205033e+03   7.8734809e+00   4.4250961e+00   8.2611486e+03
   2.3682290e+03   8.5048925e+02   9.2216349e+02   3.5205458e+03   7.8726418e+00   4.4240164e+00   7.8448485e+03
   2.3859616e+03   8.5514147e+02   9.1724075e+02   3.5205903e+03   7.8717919e+00   4.4229349e+00   7.4549953e+03
   2.4036321e+03   8.5977641e+02   9.1231800e+02   3.5206322e+03   7.8709483e+00   4.4218590e+00   7.0896059e+03
   2.4212407e+03   8.6439416e+02   9.0739525e+02   3.5206746e+03   7.8701100e+00   4.4207874e+00   6.7468665e+03
   2.4387879e+03   8.6899481e+02   9.0247250e+02   3.5207174e+03   7.8692756e+00   4.4197188e+00   6.4251167e+03
   2.4562740e+03   8.7357843e+02   8.9754975e+02   3.5207605e+03   7.8684395e+00   4.4186514e+00   6.1228349e+03
   2.4736994e+03   8.7814512e+02   8.9262700e+02   3.5208022e+03   7.8676002e+00   4.4175862e+00   5.8386255e+03
   2.4910645e+03   8.8269497e+02   8.8770426e+02   3.5208422e+03   7.8667762e+00   4.4165284e+00   5.5712071e+03
   2.5083695e+03   8.8722807e+02   8.8278151e+02   3.5208851e+03   7.8659479e+00   4.4154713e+00   5.3194018e+03
   2.5256150e+03   8.9174452e+02   8.7785876e+02   3.5209266e+03   7.8651193e+00   4.4144162e+00   5.0821268e+03
   2.5428014e+03   8.9624441e+02   8.7293601e+02   3.5209672e+03   7.8642932e+00   4.4133648e+00   4.8583846e+03
   2.5599289e+03   9.0072784e+02   8.6801326e+02   3.5210075e+03   7.8634801e+00   4.4123198e+00   4.6472565e+03
   2.5769982e+03   9.0519492e+02   8.6309052e+02   3.5210498e+03   7.8626617e+00   4.4112749e+00   4.4478949e+03
   2.5940095e+03   9.0964574e+02   8.5816777e+02   3.5210905e+03   7.8618388e+00   4.4102313e+00   4.2595177e+03
   2.6109634e+03   9.1408041e+02   8.5324502e+02   3.5211297e+03   7.8610262e+00   4.4091936e+00   4.0814024e+03
   2.6278602e+03   9.1849904e+02   8.4832227e+02   3.5211702e+03   7.8602230e+00   4.4081615e+00   3.9128807e+03
   2.6447005e+03   9.2290174e+02   8.4339952e+02   3.5212120e+03   7.8594114e+00   4.4071282e+00   3.7533347e+03
   2.6614848e+03   9.2728863e+02   8.3847677e+02   3.5212512e+03   7.8585983e+00   4.4060966e+00   3.6021919e+03
   2.6782134e+03   9.3165982e+02   8.3355403e+02   3.5212893e+03   7.8577989e+00   4.4050717e+00   3.4589217e+03
   2.6948870e+03   9.3601543e+02   8.2863128e+02   3.5213298e+03   7.8570053e+00   4.4040514e+00   3.3230322e+03
   2.7115059e+03   9.4035558e+02   8.2370853e+02   3.5213710e+03   7.8562014e+00   4.4030301e+00   3.1940668e+03
   2.7280708e+03   9.4468040e+02   8.1878578e+02   3.5214093e+03   7.8553976e+00   4.4020113e+00   3.0716014e+03
   2.7445822e+03   9.4899001e+02   8.1386303e+02   3.5214469e+03   7.8546100e+00   4.4009993e+00   2.9552417e+03
   2.7610406e+03   9.5328454e+02   8.0894028e+02   3.5214876e+03   7.8538221e+00   4.3999900e+00   2.8446210e+03
   2.7774465e+03   9.5756414e+02   8.0401754e+02   3.5215274e+03   7.8530303e+00   4.3989813e+00   2.7393980e+03
   2.7938006e+03   9.6182893e+02   7.9909479e+02   3.5215656e+03   7.8522384e+00   4.3979747e+00   2.6392548e+03
   2.8101035e+03   9.6607906e+02   7.9417204e+02   3.5216031e+03   7.8514613e+00   4.3969743e+00   2.5438950e+03
   2.8263556e+03   9.7031467e+02   7.8924929e+02   3.5216429e+03   7.8506816e+00   4.3959761e+00   2.4530424e+03
   2.8425578e+03   9.7453591e+02   7.8432654e+02   3.5216816e+03   7.8499005e+00   4.3949795e+00   2.3664388e+03
   2.8587105e+03   9.7874293e+02   7.7940380e+02   3.5217198e+03   7.8491189e+00   4.3939847e+00   2.2838435e+03
   2.8748145e+03   9.8293588e+02   7.7448105e+02   3.5217575e+03   7.8483504e+00   4.3929961e+00   2.2050313e+03
   2.8908703e+03   9.8711494e+02   7.6955830e+02   3.5217971e+03   7.8475773e+00   4.3920089e+00   2.1297916e+03
   2.9068788e+03   9.9128025e+02   7.6463555e+02   3.5218350e+03   7.8468095e+00   4.3910243e+00   2.0579274e+03
   2.9228406e+03   9.9543199e+02   7.5971280e+02   3.5218733e+03   7.8460390e+00   4.3900407e+00   1.9892545e+03
   2.9387564e+03   9.9957032e+02   7.5479005e+02   3.5219107e+03   7.8452774e+00   4.3890625e+00   1.9235999e+03
   2.9546269e+03   1.0036954e+03   7.4986731e+02   3.5219496e+03   7.8445141e+00   4.3880862e+00   1.8608017e+03
   2.9704529e+03   1.0078075e+03   7.4494456e+02   3.5219873e+03   7.8437587e+00   4.3871136e+00   1.8007081e+03
   2.9862353e+03   1.0119067e+03   7.4002181e+02   3.5220259e+03   7.8429969e+00   4.3861405e+00   1.7431765e+03
   3.0019747e+03   1.0159933e+03   7.3509906e+02   3.5220628e+03   7.8422419e+00   4.3851718e+00   1.6880730e+03
   3.0176720e+03   1.0200674e+03   7.3017631e+02   3.5221008e+03   7.8414872e+00   4.3842058e+00   1.6352720e+03
   3.0333281e+03   1.0241292e+03   7.2525356e+02   3.5221382e+03   7.8407442e+00   4.3832454e+00   1.5846551e+03
   3.0489438e+03   1.0281789e+03   7.2033082e+02   3.5221774e+03   7.8399915e+00   4.3822828e+00   1.5361114e+03
   3.0645201e+03   1.0322168e+03   7.1540807e+02   3.5222145e+03   7.8392441e+00   4.3813238e+00   1.4895361e+03
   3.0800577e+03   1.0362431e+03   7.1048532e+02   3.5222519e+03   7.8384975e+00   4.3803671e+00   1.4448307e+03
   3.0955577e+03   1.0402580e+03   7.0556257e+02   3.5222891e+03   7.8377632e+00   4.3794156e+00   1.4019025e+03
   3.1110211e+03   1.0442617e+03   7.0063982e+02   3.5223287e+03   7.8370231e+00   4.3784637e+00   1.3606641e+03
   3.1264488e+03   1.0482545e+03   6.9571708e+02   3.5223666e+03   7.8362830e+00   4.3775136e+00   1.3210329e+03
   3.1418419e+03   1.0522365e+03   6.9079433e+02   3.5224034e+03   7.8355437e+00   4.3765658e+00   1.2829313e+03
   3.1572013e+03   1.0562082e+03   6.8587158e+02   3.5224400e+03   7.8348179e+00   4.3756233e+00   1.2462857e+03
   3.1725283e+03   1.0601696e+03   6.8094883e+02   3.5224792e+03   7.8340906e+00   4.3746819e+00   1.2110269e+03
   3.1878238e+03   1.0641212e+03   6.7602608e+02   3.5225179e+03   7.8333569e+00   4.3737393e+00   1.1770893e+03
   3.2030892e+03   1.0680631e+03   6.7110333e+02   3.5225549e+03   7.8326237e+00   4.3727986e+00   1.1444110e+03
   3.2183254e+03   1.0719956e+03   6.6618059e+02   3.5225916e+03   7.8319044e+00   4.3718641e+00   1.1129335e+03
   3.2335338e+03   1.0759191e+03   6.6125784e+02   3.5226308e+03   7.8311881e+00   4.3709322e+00   1.0826013e+03
   3.2487156e+03   1.0798338e+03   6.5633509e+02   3.5226702e+03   7.8304620e+00   4.3699976e+00   1.0533621e+03
   3.2638722e+03   1.0837401e+03   6.5141234e+02   3.5227072e+03   7.8297362e+00   4.3690644e+00   1.0251661e+03
   3.2790047e+03   1.0876382e+03   6.4648959e+02   3.5227441e+03   7.8290219e+00   4.3681359e+00   9.9796637e+02
   3.2941146e+03   1.0915285e+03   6.4156685e+02   3.5227832e+03   7.8283125e+00   4.3672104e+00   9.7171825e+02
   3.3092034e+03   1.0954114e+03   6.3664410e+02   3.5228232e+03   7.8275979e+00   4.3662844e+00   9.4637948e+02
   3.3242724e+03   1.0992871e+03   6.3172135e+02   3.5228614e+03   7.8268793e+00   4.3653578e+00   9.2190996e+02
   3.3393232e+03   1.1031560e+03   6.2679860e+02   3.5228982e+03   7.8261693e+00   4.3644346e+00   8.9827161e+02
   3.3543573e+03   1.1070186e+03   6.2187585e+02   3.5229367e+03   7.8254666e+00   4.3635145e+00   8.7542830e+02
   3.3693764e+03   1.1108751e+03   6.1695310e+02   3.5229767e+03   7.8247613e+00   4.3625950e+00   8.5334570e+02
   3.3843820e+03   1.1147260e+03   6.1203036e+02   3.5230158e+03   7.8240501e+00   4.3616736e+00   8.3199121e+02
   3.3993759e+03   1.1185717e+03   6.0710761e+02   3.5230538e+03   7.8233424e+00   4.3607540e+00   8.1133380e+02
   3.4143598e+03   1.1224126e+03   6.0218486e+02   3.5230924e+03   7.8226447e+00   4.3598381e+00   7.9134401e+02
   3.4293356e+03   1.1262491e+03   5.9726211e+02   3.5231332e+03   7.8219410e+00   4.3589216e+00   7.7199377e+02
   3.4443051e+03   1.1300818e+03   5.9233936e+02   3.5231723e+03   7.8212429e+00   4.3580069e+00   7.5325639e+02
   3.4592704e+03   1.1339110e+03   5.8741661e+02   3.5232124e+03   7.8205369e+00   4.3570897e+00   7.3510645e+02
   3.4742333e+03   1.1377372e+03   5.8249387e+02   3.5232507e+03   7.8198435e+00   4.3561763e+00   7.1751974e+02
   3.4891959e+03   1.1415610e+03   5.7757112e+02   3.5232920e+03   7.8191420e+00   4.3552612e+00   7.0047319e+02
   3.5041605e+03   1.1453828e+03   5.7264837e+02   3.5233315e+03   7.8184518e+00   4.3543496e+00   6.8394481e+02
   3.5191292e+03   1.1492032e+03   5.6772562e+02   3.5233731e+03   7.8177523e+00   4.3534346e+00   6.6791364e+02
   3.5341043e+03   1.1530227e+03   5.6280287e+02   3.5234129e+03   7.8170601e+00   4.3525215e+00   6.5235966e+02
   3.5490883e+03   1.1568419e+03   5.5788013e+02   3.5234544e+03   7.8163624e+00   4.3516071e+00   6.3726378e+02
   3.5640835e+03   1.1606614e+03   5.5295738e+02   3.5234944e+03   7.8156718e+00   4.3506944e+00   6.2260779e+02
   3.5790925e+03   1.1644818e+03   5.4803463e+02   3.5235362e+03   7.8149830e+00   4.3497816e+00   6.0837428e+02
   3.5941180e+03   1.1683038e+03   5.4311188e+02   3.5235786e+03   7.8142893e+00   4.3488665e+00   5.9454662e+02
   3.6091627e+03   1.1721279e+03   5.3818913e+02   3.5236202e+03   7.8135930e+00   4.3479503e+00   5.8110892e+02
   3.6242294e+03   1.1759549e+03   5.3326638e+02   3.5236613e+03   7.8129005e+00   4.3470347e+00   5.6804600e+02
   3.6393212e+03   1.1797854e+03   5.2834364e+02   3.5237036e+03   7.8122161e+00   4.3461206e+00   5.5534330e+02
   3.6544410e+03   1.1836203e+03   5.2342089e+02   3.5237479e+03   7.8115247e+00   4.3452028e+00   5.4298695e+02
   3.6695920e+03   1.1874602e+03   5.1849814e+02   3.5237911e+03   7.8108271e+00   4.3442819e+00   5.3096363e+02
   3.6847776e+03   1.1913059e+03   5.1357539e+02   3.5238332e+03   7.8101303e+00   4.3433601e+00   5.1926060e+02
   3.7000010e+03   1.1951584e+03   5.0865264e+02   3.5238759e+03   7.8094448e+00   4.3424399e+00   5.0786566e+02
   3.7152660e+03   1.1990183e+03   5.0372989e+02   3.5239213e+03   7.8087576e+00   4.3415176e+00   4.9676712e+02
   3.7305762e+03   1.2028867e+03   4.9880715e+02   3.5239669e+03   7.8080580e+00   4.3405895e+00   4.8595379e+02
   3.7459354e+03   1.2067644e+03   4.9388440e+02   3.5240106e+03   7.8073574e+00   4.3396594e+00   4.7541491e+02
   3.7613477e+03   1.2106524e+03   4.8896165e+02   3.5240546e+03   7.8066678e+00   4.3387303e+00   4.6514017e+02
   3.7768171e+03   1.2145516e+03   4.8403890e+02   3.5241018e+03   7.8059780e+00   4.3377989e+00   4.5511971e+02
   3.7923480e+03   1.2184632e+03   4.7911615e+02   3.5241496e+03   7.8052770e+00   4.3368613e+00   4.4534403e+02
   3.8079450e+03   1.2223882e+03   4.7419341e+02   3.5241954e+03   7.8045713e+00   4.3359193e+00   4.3580401e+02
   3.8236126e+03   1.2263277e+03   4.6927066e+02   3.5242410e+03   7.8038740e+00   4.3349770e+00   4.2649092e+02
   3.8393559e+03   1.2302829e+03   4.6434791e+02   3.5242894e+03   7.8031756e+00   4.3340314e+00   4.1739634e+02
   3.8551799e+03   1.2342550e+03   4.5942516e+02   3.5243386e+03   7.8024728e+00   4.3330811e+00   4.0851220e+02
   3.8710899e+03   1.2382454e+03   4.5450241e+02   3.5243876e+03   7.8017597e+00   4.3321235e+00   3.9983073e+02
   3.8870915e+03   1.2422552e+03   4.4957966e+02   3.5244354e+03   7.8010538e+00   4.3311640e+00   3.9134446e+02
   3.9031905e+03   1.2462860e+03   4.4465692e+02   3.5244859e+03   7.8003446e+00   4.3301996e+00   3.8304620e+02
   3.9031905e+03   1.2462860e+03   4.4465692e+02   8.0000000e+03   5.9992131e+00   3.2462744e+00   1.0000000e+04
   4.2722945e+03   1.2476708e+03   3.9525059e+02   8.0106687e+03   5.9952168e+00   3.2441120e+00   1.0000000e+04
   4.5918083e+03   1.2490555e+03   3.4584427e+02   8.0205049e+03   6.0209107e+00   3.2562856e+00   1.0000000e+04
   4.8584505e+03   1.2504403e+03   2.9643794e+02   8.0297295e+03   6.0427466e+00   3.2666186e+00   1.0000000e+04
   5.0667808e+03   1.2518251e+03   2.4703162e+02   8.0385196e+03   6.0604592e+00   3.2749763e+00   1.0000000e+04
   5.2067976e+03   1.2532098e+03   1.9762530e+02   8.0470335e+03   6.0736142e+00   3.2811432e+00   1.0000000e+04
   5.2575394e+03   1.2545946e+03   1.4821897e+02   8.0554416e+03   6.0814097e+00   3.2847262e+00   1.0000000e+04
   5.1660140e+03   1.2559794e+03   9.8812648e+01   8.0639958e+03   6.0821505e+00   3.2848997e+00   1.0000000e+04
   4.7493361e+03   1.2573641e+03   4.9406324e+01   8.0733337e+03   6.0714786e+00   3.2795444e+00   1.0000000e+04
   2.7697547e+03   1.2587489e+03   0.0000000e+00   8.0895500e+03   6.0327491e+00   3.2604962e+00   1.0000000e+04
