   0.0000000e+00   1.0200000e+02   1.5610000e+03   9.3210971e+02   3.9792509e+00   1.9652120e+00   7.2886017e+04
   8.3088441e-01   1.1636782e+02   1.5603217e+03   9.3210971e+02   3.9802571e+00   1.9657089e+00   1.7028152e+04
   1.6617688e+00   1.3275950e+02   1.5596438e+03   9.3206344e+02   3.9817197e+00   1.9664312e+00   4.7605660e+03
   2.4926532e+00   1.5146012e+02   1.5589661e+03   9.3200566e+02   3.9838462e+00   1.9674814e+00   1.5577252e+03
   3.3235376e+00   1.7279494e+02   1.5582887e+03   9.3193524e+02   3.9869355e+00   1.9690071e+00   5.8509487e+02
   4.1544220e+00   1.9713500e+02   1.5576116e+03   9.3185090e+02   3.9913857e+00   1.9712049e+00   2.4800972e+02
   4.9853065e+00   2.2490362e+02   1.5569347e+03   9.3175126e+02   3.9976390e+00   1.9742932e+00   1.1687863e+02
   5.8161909e+00   2.5658375e+02   1.5562581e+03   9.3163479e+02   4.0059659e+00   1.9784055e+00   6.0442580e+01
   6.6470753e+00   2.5658996e+02   1.5555817e+03   9.3149978e+02   4.0057699e+00   1.9783087e+00   6.0435736e+01
   7.4779597e+00   2.5659638e+02   1.5549055e+03   9.3134437e+02   4.0055740e+00   1.9782120e+00   6.0428660e+01
   8.3088441e+00   2.5660301e+02   1.5542296e+03   9.3116652e+02   4.0053782e+00   1.9781153e+00   6.0421344e+01
   9.1397285e+00   2.5660988e+02   1.5535538e+03   9.3096397e+02   4.0051825e+00   1.9780187e+00   6.0413778e+01
   9.9706129e+00   2.5661698e+02   1.5528782e+03   9.3073429e+02   4.0049869e+00   1.9779221e+00   6.0405956e+01
   1.0801497e+01   2.5662432e+02   1.5522027e+03   9.3047483e+02   4.0047914e+00   1.9778255e+00   6.0397869e+01
   1.1632382e+01   2.5663191e+02   1.5515274e+03   9.3018272e+02   4.0045960e+00   1.9777290e+00   6.0389507e+01
   1.2463266e+01   2.5663976e+02   1.5508522e+03   9.2985492e+02   4.0044008e+00   1.9776326e+00   6.0380861e+01
   1.3294151e+01   2.5664788e+02   1.5501770e+03   9.2948818e+02   4.0042057e+00   1.9775362e+00   6.0371922e+01
   1.4125035e+01   2.5665627e+02   1.5495019e+03   9.2907911e+02   4.0040107e+00   1.9774399e+00   6.0362680e+01
   1.4955919e+01   2.5666495e+02   1.5488269e+03   9.2862424e+02   4.0038159e+00   1.9773437e+00   6.0353124e+01
   1.5786804e+01   2.5667393e+02   1.5481518e+03   9.2812005e+02   4.0036212e+00   1.9772476e+00   6.0343245e+01
   1.6617688e+01   2.5668322e+02   1.5474767e+03   9.2756310e+02   4.0034266e+00   1.9771515e+00   6.0333031e+01
   1.7448573e+01   2.5669282e+02   1.5468015e+03   9.2695013e+02   4.0032323e+00   1.9770555e+00   6.0322471e+01
   1.8279457e+01   2.5670275e+02   1.5461261e+03   9.2627827e+02   4.0030381e+00   1.9769596e+00   6.0311553e+01
   1.9110341e+01   2.5671302e+02   1.5454506e+03   9.2554519e+02   4.0028440e+00   1.9768638e+00   6.0300265e+01
   1.9941226e+01   2.5672364e+02   1.5447749e+03   9.2474937e+02   4.0026502e+00   1.9767680e+00   6.0288595e+01
   2.0772110e+01   2.5673462e+02   1.5440990e+03   9.2389035e+02   4.0024566e+00   1.9766724e+00   6.0276531e+01
   2.1602995e+01   2.5674597e+02   1.5434227e+03   9.2296903e+02   4.0022631e+00   1.9765769e+00   6.0264058e+01
   2.2433879e+01   2.5675772e+02   1.5427461e+03   9.2198795e+02   4.0020699e+00   1.9764814e+00   6.0251164e+01
   2.3264763e+01   2.7049598e+02   1.5420691e+03   9.2095157e+02   4.0057745e+00   1.9783110e+00   4.7508704e+01
   2.4095648e+01   2.7100000e+02   1.5413916e+03   9.1986644e+02   4.0057219e+00   1.9782850e+00   4.7117940e+01
   2.4095648e+01   2.7100493e+02   1.5413916e+03   1.1181479e+03   1.5760758e+00   0.0000000e+00   0.0000000e+00
   2.4647457e+01   2.7100989e+02   1.5410213e+03   1.1183700e+03   1.5771600e+00   0.0000000e+00   0.0000000e+00
   2.5199265e+01   2.7101489e+02   1.5406512e+03   1.1185917e+03   1.5782441e+00   0.0000000e+00   0.0000000e+00
   2.5751074e+01   2.7101993e+02   1.5402812e+03   1.1188131e+03   1.5793280e+00   0.0000000e+00   0.0000000e+00
   2.6302883e+01   2.7102500e+02   1.5399114e+03   1.1190342e+03   1.5804119e+00   0.0000000e+00   0.0000000e+00
   2.6854691e+01   2.7103010e+02   1.5395417e+03   1.1192550e+03   1.5814956e+00   0.0000000e+00   0.0000000e+00
   2.7406500e+01   2.7103524e+02   1.5391721e+03   1.1194755e+03   1.5825792e+00   0.0000000e+00   0.0000000e+00
   2.7958309e+01   2.7104041e+02   1.5388028e+03   1.1196957e+03   1.5836626e+00   0.0000000e+00   0.0000000e+00
   2.8510118e+01   2.7104562e+02   1.5384335e+03   1.1199156e+03   1.5847459e+00   0.0000000e+00   0.0000000e+00
   2.9061926e+01   2.7105086e+02   1.5380645e+03   1.1201352e+03   1.5858290e+00   0.0000000e+00   0.0000000e+00
   2.9613735e+01   2.7105614e+02   1.5376955e+03   1.1203545e+03   1.5869120e+00   0.0000000e+00   0.0000000e+00
   3.0165544e+01   2.7106144e+02   1.5373268e+03   1.1205735e+03   1.5879948e+00   0.0000000e+00   0.0000000e+00
   3.0717352e+01   2.7106679e+02   1.5369582e+03   1.1207922e+03   1.5890773e+00   0.0000000e+00   0.0000000e+00
   3.1269161e+01   2.7107216e+02   1.5365897e+03   1.1210106e+03   1.5901597e+00   0.0000000e+00   0.0000000e+00
   3.1820970e+01   2.7107757e+02   1.5362214e+03   1.1212287e+03   1.5912419e+00   0.0000000e+00   0.0000000e+00
   3.2372778e+01   2.7108301e+02   1.5358533e+03   1.1214465e+03   1.5923238e+00   0.0000000e+00   0.0000000e+00
   3.2924587e+01   2.7108848e+02   1.5354853e+03   1.1216641e+03   1.5934054e+00   0.0000000e+00   0.0000000e+00
   3.3476396e+01   2.7109399e+02   1.5351174e+03   1.1218813e+03   1.5944868e+00   0.0000000e+00   0.0000000e+00
   3.4028205e+01   2.7109953e+02   1.5347497e+03   1.1220982e+03   1.5955679e+00   0.0000000e+00   0.0000000e+00
   3.4580013e+01   2.7110510e+02   1.5343822e+03   1.1223149e+03   1.5966487e+00   0.0000000e+00   0.0000000e+00
   3.5131822e+01   2.7111071e+02   1.5340148e+03   1.1225312e+03   1.5977292e+00   0.0000000e+00   0.0000000e+00
   3.5683631e+01   2.7111634e+02   1.5336475e+03   1.1227473e+03   1.5988093e+00   0.0000000e+00   0.0000000e+00
   3.6235439e+01   2.7112201e+02   1.5332805e+03   1.1229630e+03   1.5998891e+00   0.0000000e+00   0.0000000e+00
   3.6787248e+01   2.7112771e+02   1.5329135e+03   1.1231785e+03   1.6009685e+00   0.0000000e+00   0.0000000e+00
   3.7339057e+01   2.7113344e+02   1.5325467e+03   1.1233937e+03   1.6020475e+00   0.0000000e+00   0.0000000e+00
   3.7890865e+01   2.7113921e+02   1.5321801e+03   1.1236086e+03   1.6031261e+00   0.0000000e+00   0.0000000e+00
   3.8442674e+01   2.7114500e+02   1.5318136e+03   1.1238232e+03   1.6042043e+00   0.0000000e+00   0.0000000e+00
   3.8994483e+01   2.7115083e+02   1.5314473e+03   1.1240375e+03   1.6052820e+00   0.0000000e+00   0.0000000e+00
   3.9546292e+01   2.7115668e+02   1.5310811e+03   1.1242516e+03   1.6063593e+00   0.0000000e+00   0.0000000e+00
   4.0098100e+01   2.7116257e+02   1.5307151e+03   1.1244653e+03   1.6074361e+00   0.0000000e+00   0.0000000e+00
   4.0649909e+01   2.7116849e+02   1.5303492e+03   1.1246788e+03   1.6085125e+00   0.0000000e+00   0.0000000e+00
   4.1201718e+01   2.7117443e+02   1.5299835e+03   1.1248920e+03   1.6095883e+00   0.0000000e+00   0.0000000e+00
   4.1753526e+01   2.7118041e+02   1.5296179e+03   1.1251048e+03   1.6106636e+00   0.0000000e+00   0.0000000e+00
   4.2305335e+01   2.7118642e+02   1.5292524e+03   1.1253175e+03   1.6117384e+00   0.0000000e+00   0.0000000e+00
   4.2857144e+01   2.7119246e+02   1.5288872e+03   1.1255298e+03   1.6128127e+00   0.0000000e+00   0.0000000e+00
   4.3408953e+01   2.7119853e+02   1.5285220e+03   1.1257418e+03   1.6138863e+00   0.0000000e+00   0.0000000e+00
   4.3960761e+01   2.7120463e+02   1.5281570e+03   1.1259536e+03   1.6149595e+00   0.0000000e+00   0.0000000e+00
   4.4512570e+01   2.7121076e+02   1.5277922e+03   1.1261651e+03   1.6160320e+00   0.0000000e+00   0.0000000e+00
   4.5064379e+01   2.7121691e+02   1.5274275e+03   1.1263763e+03   1.6171039e+00   0.0000000e+00   0.0000000e+00
   4.5616187e+01   2.7122310e+02   1.5270630e+03   1.1265872e+03   1.6181753e+00   0.0000000e+00   0.0000000e+00
   4.6167996e+01   2.7122932e+02   1.5266986e+03   1.1267978e+03   1.6192460e+00   0.0000000e+00   0.0000000e+00
   4.6719805e+01   2.7123556e+02   1.5263344e+03   1.1270082e+03   1.6203160e+00   0.0000000e+00   0.0000000e+00
   4.7271613e+01   2.7124184e+02   1.5259703e+03   1.1272183e+03   1.6213854e+00   0.0000000e+00   0.0000000e+00
   4.7823422e+01   2.7124814e+02   1.5256063e+03   1.1274281e+03   1.6224541e+00   0.0000000e+00   0.0000000e+00
   4.8375231e+01   2.7125447e+02   1.5252425e+03   1.1276376e+03   1.6235222e+00   0.0000000e+00   0.0000000e+00
   4.8927040e+01   2.7126083e+02   1.5248789e+03   1.1278468e+03   1.6245895e+00   0.0000000e+00   0.0000000e+00
   4.9478848e+01   2.7126722e+02   1.5245154e+03   1.1280558e+03   1.6256561e+00   0.0000000e+00   0.0000000e+00
   5.0030657e+01   2.7127364e+02   1.5241520e+03   1.1282645e+03   1.6267220e+00   0.0000000e+00   0.0000000e+00
   5.0582466e+01   2.7128008e+02   1.5237888e+03   1.1284729e+03   1.6277872e+00   0.0000000e+00   0.0000000e+00
   5.1134274e+01   2.7128655e+02   1.5234258e+03   1.1286811e+03   1.6288516e+00   0.0000000e+00   0.0000000e+00
   5.1686083e+01   2.7129305e+02   1.5230629e+03   1.1288890e+03   1.6299153e+00   0.0000000e+00   0.0000000e+00
   5.2237892e+01   2.7129958e+02   1.5227001e+03   1.1290966e+03   1.6309782e+00   0.0000000e+00   0.0000000e+00
   5.2789701e+01   2.7130613e+02   1.5223375e+03   1.1293039e+03   1.6320404e+00   0.0000000e+00   0.0000000e+00
   5.3341509e+01   2.7131272e+02   1.5219750e+03   1.1295110e+03   1.6331019e+00   0.0000000e+00   0.0000000e+00
   5.3893318e+01   2.7131933e+02   1.5216127e+03   1.1297178e+03   1.6341627e+00   0.0000000e+00   0.0000000e+00
   5.4445127e+01   2.7132596e+02   1.5212505e+03   1.1299243e+03   1.6352227e+00   0.0000000e+00   0.0000000e+00
   5.4996935e+01   2.7133263e+02   1.5208885e+03   1.1301306e+03   1.6362820e+00   0.0000000e+00   0.0000000e+00
   5.5548744e+01   2.7133932e+02   1.5205266e+03   1.1303366e+03   1.6373406e+00   0.0000000e+00   0.0000000e+00
   5.6100553e+01   2.7134603e+02   1.5201649e+03   1.1305423e+03   1.6383985e+00   0.0000000e+00   0.0000000e+00
   5.6652361e+01   2.7135278e+02   1.5198033e+03   1.1307477e+03   1.6394556e+00   0.0000000e+00   0.0000000e+00
   5.7204170e+01   2.7135955e+02   1.5194419e+03   1.1309529e+03   1.6405121e+00   0.0000000e+00   0.0000000e+00
   5.7755979e+01   2.7136634e+02   1.5190806e+03   1.1311579e+03   1.6415678e+00   0.0000000e+00   0.0000000e+00
   5.8307788e+01   2.7137316e+02   1.5187194e+03   1.1313625e+03   1.6426229e+00   0.0000000e+00   0.0000000e+00
   5.8859596e+01   2.7138001e+02   1.5183584e+03   1.1315669e+03   1.6436773e+00   0.0000000e+00   0.0000000e+00
   5.9411405e+01   2.7138688e+02   1.5179975e+03   1.1317710e+03   1.6447309e+00   0.0000000e+00   0.0000000e+00
   5.9963214e+01   2.7139378e+02   1.5176368e+03   1.1319749e+03   1.6457839e+00   0.0000000e+00   0.0000000e+00
   6.0515022e+01   2.7140071e+02   1.5172762e+03   1.1321785e+03   1.6468362e+00   0.0000000e+00   0.0000000e+00
   6.1066831e+01   2.7140766e+02   1.5169158e+03   1.1323819e+03   1.6478878e+00   0.0000000e+00   0.0000000e+00
   6.1618640e+01   2.7141463e+02   1.5165555e+03   1.1325850e+03   1.6489387e+00   0.0000000e+00   0.0000000e+00
   6.2170448e+01   2.7142164e+02   1.5161954e+03   1.1327878e+03   1.6499890e+00   0.0000000e+00   0.0000000e+00
   6.2722257e+01   2.7142866e+02   1.5158354e+03   1.1329903e+03   1.6510386e+00   0.0000000e+00   0.0000000e+00
   6.3274066e+01   2.7143571e+02   1.5154755e+03   1.1331927e+03   1.6520876e+00   0.0000000e+00   0.0000000e+00
   6.3825875e+01   2.7144279e+02   1.5151158e+03   1.1333947e+03   1.6531359e+00   0.0000000e+00   0.0000000e+00
   6.4377683e+01   2.7144989e+02   1.5147563e+03   1.1335965e+03   1.6541835e+00   0.0000000e+00   0.0000000e+00
   6.4929492e+01   2.7145701e+02   1.5143969e+03   1.1337980e+03   1.6552306e+00   0.0000000e+00   0.0000000e+00
   6.5481301e+01   2.7146416e+02   1.5140376e+03   1.1339993e+03   1.6562769e+00   0.0000000e+00   0.0000000e+00
   6.6033109e+01   2.7147134e+02   1.5136784e+03   1.1342003e+03   1.6573227e+00   0.0000000e+00   0.0000000e+00
   6.6584918e+01   2.7147853e+02   1.5133195e+03   1.1344011e+03   1.6583679e+00   0.0000000e+00   0.0000000e+00
   6.7136727e+01   2.7148575e+02   1.5129606e+03   1.1346016e+03   1.6594124e+00   0.0000000e+00   0.0000000e+00
   6.7688536e+01   2.7149300e+02   1.5126019e+03   1.1348019e+03   1.6604564e+00   0.0000000e+00   0.0000000e+00
   6.8240344e+01   2.7150027e+02   1.5122434e+03   1.1350019e+03   1.6614997e+00   0.0000000e+00   0.0000000e+00
   6.8792153e+01   2.7150756e+02   1.5118849e+03   1.1352016e+03   1.6625425e+00   0.0000000e+00   0.0000000e+00
   6.9343962e+01   2.7151488e+02   1.5115267e+03   1.1354011e+03   1.6635846e+00   0.0000000e+00   0.0000000e+00
   6.9895770e+01   2.7152222e+02   1.5111685e+03   1.1356004e+03   1.6646262e+00   0.0000000e+00   0.0000000e+00
   7.0447579e+01   2.7152958e+02   1.5108106e+03   1.1357994e+03   1.6656673e+00   0.0000000e+00   0.0000000e+00
   7.0999388e+01   2.7153697e+02   1.5104527e+03   1.1359982e+03   1.6667078e+00   0.0000000e+00   0.0000000e+00
   7.1551196e+01   2.7154438e+02   1.5100950e+03   1.1361967e+03   1.6677477e+00   0.0000000e+00   0.0000000e+00
   7.2103005e+01   2.7155181e+02   1.5097374e+03   1.1363949e+03   1.6687870e+00   0.0000000e+00   0.0000000e+00
   7.2654814e+01   2.7155927e+02   1.5093800e+03   1.1365929e+03   1.6698257e+00   0.0000000e+00   0.0000000e+00
   7.3206623e+01   2.7156675e+02   1.5090227e+03   1.1367907e+03   1.6708639e+00   0.0000000e+00   0.0000000e+00
   7.3758431e+01   2.7157425e+02   1.5086656e+03   1.1369882e+03   1.6719015e+00   0.0000000e+00   0.0000000e+00
   7.4310240e+01   2.7158177e+02   1.5083086e+03   1.1371855e+03   1.6729386e+00   0.0000000e+00   0.0000000e+00
   7.4862049e+01   2.7158932e+02   1.5079518e+03   1.1373825e+03   1.6739750e+00   0.0000000e+00   0.0000000e+00
   7.5413857e+01   2.7159688e+02   1.5075950e+03   1.1375793e+03   1.6750109e+00   0.0000000e+00   0.0000000e+00
   7.5965666e+01   2.7160447e+02   1.5072385e+03   1.1377759e+03   1.6760462e+00   0.0000000e+00   0.0000000e+00
   7.6517475e+01   2.7161209e+02   1.5068820e+03   1.1379722e+03   1.6770809e+00   0.0000000e+00   0.0000000e+00
   7.7069283e+01   2.7161972e+02   1.5065258e+03   1.1381682e+03   1.6781150e+00   0.0000000e+00   0.0000000e+00
   7.7621092e+01   2.7162738e+02   1.5061696e+03   1.1383640e+03   1.6791485e+00   0.0000000e+00   0.0000000e+00
   7.8172901e+01   2.7163506e+02   1.5058136e+03   1.1385596e+03   1.6801814e+00   0.0000000e+00   0.0000000e+00
   7.8724710e+01   2.7164275e+02   1.5054577e+03   1.1387549e+03   1.6812138e+00   0.0000000e+00   0.0000000e+00
   7.9276518e+01   2.7165048e+02   1.5051020e+03   1.1389500e+03   1.6822455e+00   0.0000000e+00   0.0000000e+00
   7.9828327e+01   2.7165822e+02   1.5047464e+03   1.1391449e+03   1.6832767e+00   0.0000000e+00   0.0000000e+00
   8.0380136e+01   2.7166598e+02   1.5043910e+03   1.1393395e+03   1.6843072e+00   0.0000000e+00   0.0000000e+00
   8.0931944e+01   2.7167377e+02   1.5040357e+03   1.1395339e+03   1.6853372e+00   0.0000000e+00   0.0000000e+00
   8.1483753e+01   2.7168157e+02   1.5036805e+03   1.1397281e+03   1.6863666e+00   0.0000000e+00   0.0000000e+00
   8.2035562e+01   2.7168940e+02   1.5033255e+03   1.1399220e+03   1.6873953e+00   0.0000000e+00   0.0000000e+00
   8.2587371e+01   2.7169725e+02   1.5029706e+03   1.1401156e+03   1.6884234e+00   0.0000000e+00   0.0000000e+00
   8.3139179e+01   2.7170512e+02   1.5026158e+03   1.1403091e+03   1.6894509e+00   0.0000000e+00   0.0000000e+00
   8.3690988e+01   2.7171301e+02   1.5022612e+03   1.1405023e+03   1.6904777e+00   0.0000000e+00   0.0000000e+00
   8.4242797e+01   2.7172092e+02   1.5019068e+03   1.1406953e+03   1.6915039e+00   0.0000000e+00   0.0000000e+00
   8.4794605e+01   2.7172885e+02   1.5015524e+03   1.1408880e+03   1.6925294e+00   0.0000000e+00   0.0000000e+00
   8.5346414e+01   2.7173680e+02   1.5011982e+03   1.1410805e+03   1.6935542e+00   0.0000000e+00   0.0000000e+00
   8.5898223e+01   2.7174477e+02   1.5008442e+03   1.1412728e+03   1.6945784e+00   0.0000000e+00   0.0000000e+00
   8.6450031e+01   2.7175276e+02   1.5004903e+03   1.1414648e+03   1.6956019e+00   0.0000000e+00   0.0000000e+00
   8.7001840e+01   2.7176078e+02   1.5001365e+03   1.1416567e+03   1.6966247e+00   0.0000000e+00   0.0000000e+00
   8.7553649e+01   2.7176881e+02   1.4997829e+03   1.1418482e+03   1.6976468e+00   0.0000000e+00   0.0000000e+00
   8.8105458e+01   2.7177686e+02   1.4994294e+03   1.1420396e+03   1.6986682e+00   0.0000000e+00   0.0000000e+00
   8.8657266e+01   2.7178493e+02   1.4990760e+03   1.1422307e+03   1.6996889e+00   0.0000000e+00   0.0000000e+00
   8.9209075e+01   2.7179302e+02   1.4987228e+03   1.1424216e+03   1.7007088e+00   0.0000000e+00   0.0000000e+00
   8.9760884e+01   2.7180113e+02   1.4983697e+03   1.1426123e+03   1.7017280e+00   0.0000000e+00   0.0000000e+00
   9.0312692e+01   2.7180927e+02   1.4980168e+03   1.1428028e+03   1.7027465e+00   0.0000000e+00   0.0000000e+00
   9.0864501e+01   2.7181742e+02   1.4976639e+03   1.1429930e+03   1.7037642e+00   0.0000000e+00   0.0000000e+00
   9.1416310e+01   2.7182558e+02   1.4973113e+03   1.1431830e+03   1.7047812e+00   0.0000000e+00   0.0000000e+00
   9.1968119e+01   2.7183377e+02   1.4969587e+03   1.1433727e+03   1.7057974e+00   0.0000000e+00   0.0000000e+00
   9.2519927e+01   2.7184198e+02   1.4966064e+03   1.1435623e+03   1.7068128e+00   0.0000000e+00   0.0000000e+00
   9.3071736e+01   2.7185021e+02   1.4962541e+03   1.1437516e+03   1.7078275e+00   0.0000000e+00   0.0000000e+00
   9.3623545e+01   2.7185846e+02   1.4959020e+03   1.1439407e+03   1.7088413e+00   0.0000000e+00   0.0000000e+00
   9.4175353e+01   2.7186672e+02   1.4955500e+03   1.1441296e+03   1.7098543e+00   0.0000000e+00   0.0000000e+00
   9.4727162e+01   2.7187500e+02   1.4951981e+03   1.1443182e+03   1.7108666e+00   0.0000000e+00   0.0000000e+00
   9.5278971e+01   2.7188331e+02   1.4948464e+03   1.1445066e+03   1.7118780e+00   0.0000000e+00   0.0000000e+00
   9.5830779e+01   2.7189163e+02   1.4944949e+03   1.1446948e+03   1.7128886e+00   0.0000000e+00   0.0000000e+00
   9.6382588e+01   2.7189997e+02   1.4941434e+03   1.1448828e+03   1.7138983e+00   0.0000000e+00   0.0000000e+00
   9.6934397e+01   2.7190833e+02   1.4937921e+03   1.1450706e+03   1.7149073e+00   0.0000000e+00   0.0000000e+00
   9.7486206e+01   2.7191670e+02   1.4934410e+03   1.1452581e+03   1.7159153e+00   0.0000000e+00   0.0000000e+00
   9.8038014e+01   2.7192510e+02   1.4930899e+03   1.1454454e+03   1.7169225e+00   0.0000000e+00   0.0000000e+00
   9.8589823e+01   2.7193351e+02   1.4927390e+03   1.1456325e+03   1.7179288e+00   0.0000000e+00   0.0000000e+00
   9.9141632e+01   2.7194194e+02   1.4923883e+03   1.1458194e+03   1.7189343e+00   0.0000000e+00   0.0000000e+00
   9.9693440e+01   2.7195039e+02   1.4920377e+03   1.1460061e+03   1.7199388e+00   0.0000000e+00   0.0000000e+00
   1.0024525e+02   2.7195886e+02   1.4916872e+03   1.1461925e+03   1.7209425e+00   0.0000000e+00   0.0000000e+00
   1.0079706e+02   2.7196735e+02   1.4913368e+03   1.1463788e+03   1.7219453e+00   0.0000000e+00   0.0000000e+00
   1.0134887e+02   2.7197585e+02   1.4909866e+03   1.1465648e+03   1.7229471e+00   0.0000000e+00   0.0000000e+00
   1.0190068e+02   2.7198437e+02   1.4906365e+03   1.1467506e+03   1.7239481e+00   0.0000000e+00   0.0000000e+00
   1.0245248e+02   2.7199291e+02   1.4902866e+03   1.1469362e+03   1.7249482e+00   0.0000000e+00   0.0000000e+00
   1.0300429e+02   2.7200146e+02   1.4899368e+03   1.1471215e+03   1.7259473e+00   0.0000000e+00   0.0000000e+00
   1.0355610e+02   2.7201004e+02   1.4895871e+03   1.1473067e+03   1.7269456e+00   0.0000000e+00   0.0000000e+00
   1.0410791e+02   2.7201863e+02   1.4892376e+03   1.1474916e+03   1.7279430e+00   0.0000000e+00   0.0000000e+00
   1.0465972e+02   2.7202724e+02   1.4888882e+03   1.1476764e+03   1.7289394e+00   0.0000000e+00   0.0000000e+00
   1.0521153e+02   2.7203586e+02   1.4885389e+03   1.1478609e+03   1.7299350e+00   0.0000000e+00   0.0000000e+00
   1.0576334e+02   2.7204450e+02   1.4881898e+03   1.1480452e+03   1.7309297e+00   0.0000000e+00   0.0000000e+00
   1.0631514e+02   2.7205316e+02   1.4878408e+03   1.1482293e+03   1.7319235e+00   0.0000000e+00   0.0000000e+00
   1.0686695e+02   2.7206184e+02   1.4874919e+03   1.1484131e+03   1.7329164e+00   0.0000000e+00   0.0000000e+00
   1.0741876e+02   2.7207053e+02   1.4871432e+03   1.1485968e+03   1.7339084e+00   0.0000000e+00   0.0000000e+00
   1.0797057e+02   2.7207924e+02   1.4867946e+03   1.1487803e+03   1.7348995e+00   0.0000000e+00   0.0000000e+00
   1.0852238e+02   2.7208797e+02   1.4864461e+03   1.1489635e+03   1.7358897e+00   0.0000000e+00   0.0000000e+00
   1.0907419e+02   2.7209671e+02   1.4860978e+03   1.1491466e+03   1.7368791e+00   0.0000000e+00   0.0000000e+00
   1.0962600e+02   2.7210547e+02   1.4857496e+03   1.1493294e+03   1.7378675e+00   0.0000000e+00   0.0000000e+00
   1.1017781e+02   2.7211425e+02   1.4854015e+03   1.1495120e+03   1.7388551e+00   0.0000000e+00   0.0000000e+00
   1.1072961e+02   2.7212304e+02   1.4850536e+03   1.1496944e+03   1.7398418e+00   0.0000000e+00   0.0000000e+00
   1.1128142e+02   2.7213185e+02   1.4847058e+03   1.1498766e+03   1.7408276e+00   0.0000000e+00   0.0000000e+00
   1.1183323e+02   2.7214068e+02   1.4843582e+03   1.1500586e+03   1.7418125e+00   0.0000000e+00   0.0000000e+00
   1.1238504e+02   2.7214952e+02   1.4840106e+03   1.1502404e+03   1.7427966e+00   0.0000000e+00   0.0000000e+00
   1.1293685e+02   2.7215838e+02   1.4836633e+03   1.1504220e+03   1.7437798e+00   0.0000000e+00   0.0000000e+00
   1.1348866e+02   2.7216725e+02   1.4833160e+03   1.1506034e+03   1.7447621e+00   0.0000000e+00   0.0000000e+00
   1.1404047e+02   2.7217614e+02   1.4829689e+03   1.1507846e+03   1.7457435e+00   0.0000000e+00   0.0000000e+00
   1.1459228e+02   2.7218505e+02   1.4826219e+03   1.1509656e+03   1.7467241e+00   0.0000000e+00   0.0000000e+00
   1.1514408e+02   2.7219397e+02   1.4822750e+03   1.1511463e+03   1.7477039e+00   0.0000000e+00   0.0000000e+00
   1.1569589e+02   2.7220290e+02   1.4819283e+03   1.1513269e+03   1.7486828e+00   0.0000000e+00   0.0000000e+00
   1.1624770e+02   2.7221186e+02   1.4815817e+03   1.1515073e+03   1.7496608e+00   0.0000000e+00   0.0000000e+00
   1.1679951e+02   2.7222083e+02   1.4812352e+03   1.1516874e+03   1.7506380e+00   0.0000000e+00   0.0000000e+00
   1.1735132e+02   2.7222981e+02   1.4808889e+03   1.1518674e+03   1.7516144e+00   0.0000000e+00   0.0000000e+00
   1.1790313e+02   2.7223881e+02   1.4805427e+03   1.1520472e+03   1.7525899e+00   0.0000000e+00   0.0000000e+00
   1.1845494e+02   2.7224782e+02   1.4801966e+03   1.1522267e+03   1.7535646e+00   0.0000000e+00   0.0000000e+00
   1.1900675e+02   2.7225685e+02   1.4798507e+03   1.1524061e+03   1.7545385e+00   0.0000000e+00   0.0000000e+00
   1.1955855e+02   2.7226590e+02   1.4795049e+03   1.1525853e+03   1.7555115e+00   0.0000000e+00   0.0000000e+00
   1.2011036e+02   2.7227496e+02   1.4791592e+03   1.1527642e+03   1.7564838e+00   0.0000000e+00   0.0000000e+00
   1.2066217e+02   2.7228403e+02   1.4788137e+03   1.1529430e+03   1.7574552e+00   0.0000000e+00   0.0000000e+00
   1.2121398e+02   2.7229312e+02   1.4784683e+03   1.1531216e+03   1.7584258e+00   0.0000000e+00   0.0000000e+00
   1.2176579e+02   2.7230223e+02   1.4781230e+03   1.1533000e+03   1.7593956e+00   0.0000000e+00   0.0000000e+00
   1.2231760e+02   2.7231135e+02   1.4777779e+03   1.1534781e+03   1.7603645e+00   0.0000000e+00   0.0000000e+00
   1.2286941e+02   2.7232048e+02   1.4774328e+03   1.1536561e+03   1.7613327e+00   0.0000000e+00   0.0000000e+00
   1.2342121e+02   2.7232963e+02   1.4770880e+03   1.1538339e+03   1.7623000e+00   0.0000000e+00   0.0000000e+00
   1.2397302e+02   2.7233880e+02   1.4767432e+03   1.1540115e+03   1.7632665e+00   0.0000000e+00   0.0000000e+00
   1.2452483e+02   2.7234798e+02   1.4763986e+03   1.1541889e+03   1.7642322e+00   0.0000000e+00   0.0000000e+00
   1.2507664e+02   2.7235717e+02   1.4760541e+03   1.1543661e+03   1.7651970e+00   0.0000000e+00   0.0000000e+00
   1.2562845e+02   2.7236638e+02   1.4757097e+03   1.1545431e+03   1.7661610e+00   0.0000000e+00   0.0000000e+00
   1.2618026e+02   2.7237560e+02   1.4753655e+03   1.1547199e+03   1.7671242e+00   0.0000000e+00   0.0000000e+00
   1.2673207e+02   2.7238484e+02   1.4750214e+03   1.1548966e+03   1.7680866e+00   0.0000000e+00   0.0000000e+00
   1.2728388e+02   2.7239409e+02   1.4746775e+03   1.1550730e+03   1.7690481e+00   0.0000000e+00   0.0000000e+00
   1.2783568e+02   2.7240335e+02   1.4743336e+03   1.1552492e+03   1.7700088e+00   0.0000000e+00   0.0000000e+00
   1.2838749e+02   2.7241263e+02   1.4739899e+03   1.1554253e+03   1.7709687e+00   0.0000000e+00   0.0000000e+00
   1.2893930e+02   2.7242192e+02   1.4736463e+03   1.1556012e+03   1.7719278e+00   0.0000000e+00   0.0000000e+00
   1.2949111e+02   2.7243123e+02   1.4733029e+03   1.1557768e+03   1.7728860e+00   0.0000000e+00   0.0000000e+00
   1.3004292e+02   2.7244055e+02   1.4729596e+03   1.1559523e+03   1.7738434e+00   0.0000000e+00   0.0000000e+00
   1.3059473e+02   2.7244989e+02   1.4726164e+03   1.1561276e+03   1.7747999e+00   0.0000000e+00   0.0000000e+00
   1.3114654e+02   2.7245924e+02   1.4722733e+03   1.1563027e+03   1.7757556e+00   0.0000000e+00   0.0000000e+00
   1.3169835e+02   2.7246860e+02   1.4719304e+03   1.1564776e+03   1.7767104e+00   0.0000000e+00   0.0000000e+00
   1.3225015e+02   2.7247797e+02   1.4715876e+03   1.1566524e+03   1.7776644e+00   0.0000000e+00   0.0000000e+00
   1.3280196e+02   2.7248736e+02   1.4712449e+03   1.1568269e+03   1.7786175e+00   0.0000000e+00   0.0000000e+00
   1.3335377e+02   2.7249677e+02   1.4709024e+03   1.1570013e+03   1.7795698e+00   0.0000000e+00   0.0000000e+00
   1.3390558e+02   2.7250618e+02   1.4705600e+03   1.1571754e+03   1.7805211e+00   0.0000000e+00   0.0000000e+00
   1.3445739e+02   2.7251561e+02   1.4702177e+03   1.1573494e+03   1.7814716e+00   0.0000000e+00   0.0000000e+00
   1.3500920e+02   2.7252506e+02   1.4698756e+03   1.1575232e+03   1.7824212e+00   0.0000000e+00   0.0000000e+00
   1.3556101e+02   2.7253451e+02   1.4695336e+03   1.1576968e+03   1.7833698e+00   0.0000000e+00   0.0000000e+00
   1.3611281e+02   2.7254398e+02   1.4691917e+03   1.1578703e+03   1.7843176e+00   0.0000000e+00   0.0000000e+00
   1.3666462e+02   2.7255347e+02   1.4688499e+03   1.1580435e+03   1.7852644e+00   0.0000000e+00   0.0000000e+00
   1.3721643e+02   2.7256296e+02   1.4685083e+03   1.1582166e+03   1.7862103e+00   0.0000000e+00   0.0000000e+00
   1.3776824e+02   2.7257247e+02   1.4681668e+03   1.1583894e+03   1.7871553e+00   0.0000000e+00   0.0000000e+00
   1.3832005e+02   2.7258200e+02   1.4678254e+03   1.1585621e+03   1.7880993e+00   0.0000000e+00   0.0000000e+00
   1.3887186e+02   2.7259153e+02   1.4674841e+03   1.1587347e+03   1.7890423e+00   0.0000000e+00   0.0000000e+00
   1.3942367e+02   2.7260108e+02   1.4671430e+03   1.1589070e+03   1.7899844e+00   0.0000000e+00   0.0000000e+00
   1.3997548e+02   2.7261064e+02   1.4668020e+03   1.1590791e+03   1.7909256e+00   0.0000000e+00   0.0000000e+00
   1.4052728e+02   2.7262021e+02   1.4664612e+03   1.1592511e+03   1.7918657e+00   0.0000000e+00   0.0000000e+00
   1.4107909e+02   2.7262980e+02   1.4661204e+03   1.1594229e+03   1.7928049e+00   0.0000000e+00   0.0000000e+00
   1.4163090e+02   2.7263940e+02   1.4657798e+03   1.1595945e+03   1.7937431e+00   0.0000000e+00   0.0000000e+00
   1.4218271e+02   2.7264901e+02   1.4654393e+03   1.1597660e+03   1.7946803e+00   0.0000000e+00   0.0000000e+00
   1.4273452e+02   2.7265864e+02   1.4650990e+03   1.1599372e+03   1.7956165e+00   0.0000000e+00   0.0000000e+00
   1.4328633e+02   2.7266827e+02   1.4647588e+03   1.1601083e+03   1.7965516e+00   0.0000000e+00   0.0000000e+00
   1.4383814e+02   2.7267792e+02   1.4644187e+03   1.1602792e+03   1.7974858e+00   0.0000000e+00   0.0000000e+00
   1.4438995e+02   2.7268759e+02   1.4640787e+03   1.1604499e+03   1.7984189e+00   0.0000000e+00   0.0000000e+00
   1.4494175e+02   2.7269726e+02   1.4637388e+03   1.1606204e+03   1.7993510e+00   0.0000000e+00   0.0000000e+00
   1.4549356e+02   2.7270695e+02   1.4633991e+03   1.1607908e+03   1.8002820e+00   0.0000000e+00   0.0000000e+00
   1.4604537e+02   2.7271664e+02   1.4630595e+03   1.1609610e+03   1.8012120e+00   0.0000000e+00   0.0000000e+00
   1.4659718e+02   2.7272636e+02   1.4627201e+03   1.1611310e+03   1.8021410e+00   0.0000000e+00   0.0000000e+00
   1.4714899e+02   2.7273608e+02   1.4623808e+03   1.1613009e+03   1.8030689e+00   0.0000000e+00   0.0000000e+00
   1.4770080e+02   2.7274581e+02   1.4620415e+03   1.1614705e+03   1.8039957e+00   0.0000000e+00   0.0000000e+00
   1.4825261e+02   2.7275556e+02   1.4617025e+03   1.1616400e+03   1.8049214e+00   0.0000000e+00   0.0000000e+00
   1.4880442e+02   2.7276532e+02   1.4613635e+03   1.1618093e+03   1.8058461e+00   0.0000000e+00   0.0000000e+00
   1.4935622e+02   2.7277509e+02   1.4610247e+03   1.1619785e+03   1.8067697e+00   0.0000000e+00   0.0000000e+00
   1.4990803e+02   2.7278487e+02   1.4606860e+03   1.1621474e+03   1.8076921e+00   0.0000000e+00   0.0000000e+00
   1.5045984e+02   2.7279467e+02   1.4603474e+03   1.1623162e+03   1.8086135e+00   0.0000000e+00   0.0000000e+00
   1.5101165e+02   2.7280447e+02   1.4600090e+03   1.1624849e+03   1.8095337e+00   0.0000000e+00   0.0000000e+00
   1.5156346e+02   2.7281429e+02   1.4596706e+03   1.1626533e+03   1.8104529e+00   0.0000000e+00   0.0000000e+00
   1.5211527e+02   2.7282412e+02   1.4593325e+03   1.1628216e+03   1.8113710e+00   0.0000000e+00   0.0000000e+00
   1.5266708e+02   2.7283396e+02   1.4589944e+03   1.1629897e+03   1.8122880e+00   0.0000000e+00   0.0000000e+00
   1.5321888e+02   2.7284382e+02   1.4586564e+03   1.1631577e+03   1.8132039e+00   0.0000000e+00   0.0000000e+00
   1.5377069e+02   2.7285368e+02   1.4583186e+03   1.1633254e+03   1.8141187e+00   0.0000000e+00   0.0000000e+00
   1.5432250e+02   2.7286356e+02   1.4579809e+03   1.1634931e+03   1.8150324e+00   0.0000000e+00   0.0000000e+00
   1.5487431e+02   2.7287344e+02   1.4576434e+03   1.1636605e+03   1.8159451e+00   0.0000000e+00   0.0000000e+00
   1.5542612e+02   2.7288334e+02   1.4573059e+03   1.1638278e+03   1.8168567e+00   0.0000000e+00   0.0000000e+00
   1.5597793e+02   2.7289325e+02   1.4569686e+03   1.1639949e+03   1.8177673e+00   0.0000000e+00   0.0000000e+00
   1.5652974e+02   2.7290317e+02   1.4566314e+03   1.1641618e+03   1.8186768e+00   0.0000000e+00   0.0000000e+00
   1.5708155e+02   2.7291310e+02   1.4562944e+03   1.1643286e+03   1.8195852e+00   0.0000000e+00   0.0000000e+00
   1.5763335e+02   2.7292305e+02   1.4559574e+03   1.1644952e+03   1.8204926e+00   0.0000000e+00   0.0000000e+00
   1.5818516e+02   2.7293300e+02   1.4556206e+03   1.1646616e+03   1.8213990e+00   0.0000000e+00   0.0000000e+00
   1.5873697e+02   2.7294297e+02   1.4552839e+03   1.1648279e+03   1.8223043e+00   0.0000000e+00   0.0000000e+00
   1.5928878e+02   2.7295294e+02   1.4549474e+03   1.1649940e+03   1.8232086e+00   0.0000000e+00   0.0000000e+00
   1.5984059e+02   2.7296293e+02   1.4546109e+03   1.1651599e+03   1.8241119e+00   0.0000000e+00   0.0000000e+00
   1.6039240e+02   2.7297293e+02   1.4542746e+03   1.1653257e+03   1.8250141e+00   0.0000000e+00   0.0000000e+00
   1.6094421e+02   2.7298294e+02   1.4539384e+03   1.1654913e+03   1.8259153e+00   0.0000000e+00   0.0000000e+00
   1.6149602e+02   2.7299296e+02   1.4536024e+03   1.1656567e+03   1.8268156e+00   0.0000000e+00   0.0000000e+00
   1.6204782e+02   2.7300299e+02   1.4532664e+03   1.1658220e+03   1.8277148e+00   0.0000000e+00   0.0000000e+00
   1.6259963e+02   2.7301304e+02   1.4529306e+03   1.1659871e+03   1.8286130e+00   0.0000000e+00   0.0000000e+00
   1.6315144e+02   2.7302309e+02   1.4525949e+03   1.1661521e+03   1.8295102e+00   0.0000000e+00   0.0000000e+00
   1.6370325e+02   2.7303315e+02   1.4522594e+03   1.1663169e+03   1.8304065e+00   0.0000000e+00   0.0000000e+00
   1.6425506e+02   2.7304323e+02   1.4519239e+03   1.1664815e+03   1.8313018e+00   0.0000000e+00   0.0000000e+00
   1.6480687e+02   2.7305331e+02   1.4515886e+03   1.1666460e+03   1.8321961e+00   0.0000000e+00   0.0000000e+00
   1.6535868e+02   2.7306341e+02   1.4512534e+03   1.1668103e+03   1.8330894e+00   0.0000000e+00   0.0000000e+00
   1.6591048e+02   2.7307351e+02   1.4509184e+03   1.1669745e+03   1.8339818e+00   0.0000000e+00   0.0000000e+00
   1.6646229e+02   2.7308363e+02   1.4505834e+03   1.1671385e+03   1.8348732e+00   0.0000000e+00   0.0000000e+00
   1.6701410e+02   2.7309376e+02   1.4502486e+03   1.1673023e+03   1.8357637e+00   0.0000000e+00   0.0000000e+00
   1.6756591e+02   2.7310389e+02   1.4499139e+03   1.1674660e+03   1.8366532e+00   0.0000000e+00   0.0000000e+00
   1.6811772e+02   2.7311404e+02   1.4495793e+03   1.1676295e+03   1.8375418e+00   0.0000000e+00   0.0000000e+00
   1.6866953e+02   2.7312420e+02   1.4492449e+03   1.1677929e+03   1.8384295e+00   0.0000000e+00   0.0000000e+00
   1.6922134e+02   2.7313437e+02   1.4489106e+03   1.1679561e+03   1.8393162e+00   0.0000000e+00   0.0000000e+00
   1.6977315e+02   2.7314455e+02   1.4485764e+03   1.1681191e+03   1.8402021e+00   0.0000000e+00   0.0000000e+00
   1.7032495e+02   2.7315473e+02   1.4482423e+03   1.1682820e+03   1.8410870e+00   0.0000000e+00   0.0000000e+00
   1.7087676e+02   2.7316493e+02   1.4479083e+03   1.1684448e+03   1.8419710e+00   0.0000000e+00   0.0000000e+00
   1.7142857e+02   2.7317514e+02   1.4475745e+03   1.1686074e+03   1.8428541e+00   0.0000000e+00   0.0000000e+00
   1.7198038e+02   2.7318536e+02   1.4472408e+03   1.1687698e+03   1.8437363e+00   0.0000000e+00   0.0000000e+00
   1.7253219e+02   2.7319559e+02   1.4469072e+03   1.1689321e+03   1.8446176e+00   0.0000000e+00   0.0000000e+00
   1.7308400e+02   2.7320583e+02   1.4465737e+03   1.1690942e+03   1.8454980e+00   0.0000000e+00   0.0000000e+00
   1.7363581e+02   2.7321608e+02   1.4462404e+03   1.1692561e+03   1.8463775e+00   0.0000000e+00   0.0000000e+00
   1.7418762e+02   2.7322634e+02   1.4459072e+03   1.1694180e+03   1.8472561e+00   0.0000000e+00   0.0000000e+00
   1.7473942e+02   2.7323661e+02   1.4455741e+03   1.1695796e+03   1.8481338e+00   0.0000000e+00   0.0000000e+00
   1.7529123e+02   2.7324689e+02   1.4452411e+03   1.1697411e+03   1.8490105e+00   0.0000000e+00   0.0000000e+00
   1.7584304e+02   2.7325718e+02   1.4449083e+03   1.1699025e+03   1.8498864e+00   0.0000000e+00   0.0000000e+00
   1.7639485e+02   2.7326748e+02   1.4445755e+03   1.1700637e+03   1.8507614e+00   0.0000000e+00   0.0000000e+00
   1.7694666e+02   2.7327778e+02   1.4442429e+03   1.1702247e+03   1.8516354e+00   0.0000000e+00   0.0000000e+00
   1.7749847e+02   2.7328810e+02   1.4439104e+03   1.1703856e+03   1.8525085e+00   0.0000000e+00   0.0000000e+00
   1.7805028e+02   2.7329843e+02   1.4435781e+03   1.1705463e+03   1.8533807e+00   0.0000000e+00   0.0000000e+00
   1.7860209e+02   2.7330877e+02   1.4432459e+03   1.1707069e+03   1.8542521e+00   0.0000000e+00   0.0000000e+00
   1.7915389e+02   2.7331912e+02   1.4429137e+03   1.1708674e+03   1.8551225e+00   0.0000000e+00   0.0000000e+00
   1.7970570e+02   2.7332947e+02   1.4425817e+03   1.1710277e+03   1.8559920e+00   0.0000000e+00   0.0000000e+00
   1.8025751e+02   2.7333984e+02   1.4422499e+03   1.1711878e+03   1.8568605e+00   0.0000000e+00   0.0000000e+00
   1.8080932e+02   2.7335022e+02   1.4419181e+03   1.1713478e+03   1.8577282e+00   0.0000000e+00   0.0000000e+00
   1.8136113e+02   2.7336060e+02   1.4415865e+03   1.1715076e+03   1.8585950e+00   0.0000000e+00   0.0000000e+00
   1.8191294e+02   2.7337100e+02   1.4412550e+03   1.1716673e+03   1.8594609e+00   0.0000000e+00   0.0000000e+00
   1.8246475e+02   2.7338140e+02   1.4409236e+03   1.1718269e+03   1.8603258e+00   0.0000000e+00   0.0000000e+00
   1.8301655e+02   2.7339182e+02   1.4405923e+03   1.1719862e+03   1.8611899e+00   0.0000000e+00   0.0000000e+00
   1.8356836e+02   2.7340224e+02   1.4402612e+03   1.1721455e+03   1.8620530e+00   0.0000000e+00   0.0000000e+00
   1.8412017e+02   2.7341267e+02   1.4399302e+03   1.1723046e+03   1.8629153e+00   0.0000000e+00   0.0000000e+00
   1.8467198e+02   2.7342312e+02   1.4395993e+03   1.1724635e+03   1.8637766e+00   0.0000000e+00   0.0000000e+00
   1.8522379e+02   2.7343357e+02   1.4392685e+03   1.1726223e+03   1.8646371e+00   0.0000000e+00   0.0000000e+00
   1.8577560e+02   2.7344403e+02   1.4389379e+03   1.1727810e+03   1.8654966e+00   0.0000000e+00   0.0000000e+00
   1.8632741e+02   2.7345450e+02   1.4386073e+03   1.1729395e+03   1.8663553e+00   0.0000000e+00   0.0000000e+00
   1.8687922e+02   2.7346498e+02   1.4382769e+03   1.1730979e+03   1.8672131e+00   0.0000000e+00   0.0000000e+00
   1.8743102e+02   2.7347546e+02   1.4379466e+03   1.1732561e+03   1.8680700e+00   0.0000000e+00   0.0000000e+00
   1.8798283e+02   2.7348596e+02   1.4376164e+03   1.1734142e+03   1.8689259e+00   0.0000000e+00   0.0000000e+00
   1.8853464e+02   2.7349647e+02   1.4372864e+03   1.1735721e+03   1.8697811e+00   0.0000000e+00   0.0000000e+00
   1.8908645e+02   2.7350698e+02   1.4369565e+03   1.1737299e+03   1.8706353e+00   0.0000000e+00   0.0000000e+00
   1.8963826e+02   2.7351751e+02   1.4366266e+03   1.1738875e+03   1.8714886e+00   0.0000000e+00   0.0000000e+00
   1.9019007e+02   2.7352804e+02   1.4362970e+03   1.1740450e+03   1.8723410e+00   0.0000000e+00   0.0000000e+00
   1.9074188e+02   2.7353858e+02   1.4359674e+03   1.1742023e+03   1.8731926e+00   0.0000000e+00   0.0000000e+00
   1.9129369e+02   2.7354913e+02   1.4356379e+03   1.1743595e+03   1.8740433e+00   0.0000000e+00   0.0000000e+00
   1.9184549e+02   2.7355969e+02   1.4353086e+03   1.1745166e+03   1.8748931e+00   0.0000000e+00   0.0000000e+00
   1.9239730e+02   2.7357026e+02   1.4349794e+03   1.1746735e+03   1.8757421e+00   0.0000000e+00   0.0000000e+00
   1.9294911e+02   2.7358084e+02   1.4346503e+03   1.1748303e+03   1.8765901e+00   0.0000000e+00   0.0000000e+00
   1.9350092e+02   2.7359143e+02   1.4343213e+03   1.1749869e+03   1.8774374e+00   0.0000000e+00   0.0000000e+00
   1.9405273e+02   2.7360202e+02   1.4339925e+03   1.1751434e+03   1.8782838e+00   0.0000000e+00   0.0000000e+00
   1.9460454e+02   2.7361263e+02   1.4336638e+03   1.1752998e+03   1.8791293e+00   0.0000000e+00   0.0000000e+00
   1.9515635e+02   2.7362324e+02   1.4333352e+03   1.1754560e+03   1.8799740e+00   0.0000000e+00   0.0000000e+00
   1.9570815e+02   2.7363386e+02   1.4330067e+03   1.1756121e+03   1.8808179e+00   0.0000000e+00   0.0000000e+00
   1.9625996e+02   2.7364449e+02   1.4326783e+03   1.1757680e+03   1.8816610e+00   0.0000000e+00   0.0000000e+00
   1.9681177e+02   2.7365513e+02   1.4323500e+03   1.1759238e+03   1.8825032e+00   0.0000000e+00   0.0000000e+00
   1.9736358e+02   2.7366578e+02   1.4320219e+03   1.1760794e+03   1.8833446e+00   0.0000000e+00   0.0000000e+00
   1.9791539e+02   2.7367643e+02   1.4316939e+03   1.1762350e+03   1.8841852e+00   0.0000000e+00   0.0000000e+00
   1.9846720e+02   2.7368710e+02   1.4313660e+03   1.1763903e+03   1.8850250e+00   0.0000000e+00   0.0000000e+00
   1.9901901e+02   2.7369777e+02   1.4310382e+03   1.1765456e+03   1.8858641e+00   0.0000000e+00   0.0000000e+00
   1.9957082e+02   2.7370845e+02   1.4307106e+03   1.1767007e+03   1.8867023e+00   0.0000000e+00   0.0000000e+00
   2.0012262e+02   2.7371914e+02   1.4303831e+03   1.1768556e+03   1.8875397e+00   0.0000000e+00   0.0000000e+00
   2.0067443e+02   2.7372984e+02   1.4300556e+03   1.1770104e+03   1.8883763e+00   0.0000000e+00   0.0000000e+00
   2.0122624e+02   2.7374054e+02   1.4297283e+03   1.1771651e+03   1.8892122e+00   0.0000000e+00   0.0000000e+00
   2.0177805e+02   2.7375126e+02   1.4294012e+03   1.1773197e+03   1.8900473e+00   0.0000000e+00   0.0000000e+00
   2.0232986e+02   2.7376198e+02   1.4290741e+03   1.1774741e+03   1.8908817e+00   0.0000000e+00   0.0000000e+00
   2.0288167e+02   2.7377271e+02   1.4287472e+03   1.1776283e+03   1.8917152e+00   0.0000000e+00   0.0000000e+00
   2.0343348e+02   2.7378345e+02   1.4284204e+03   1.1777825e+03   1.8925481e+00   0.0000000e+00   0.0000000e+00
   2.0398529e+02   2.7379420e+02   1.4280937e+03   1.1779365e+03   1.8933801e+00   0.0000000e+00   0.0000000e+00
   2.0453709e+02   2.7380496e+02   1.4277671e+03   1.1780903e+03   1.8942115e+00   0.0000000e+00   0.0000000e+00
   2.0508890e+02   2.7381572e+02   1.4274406e+03   1.1782441e+03   1.8950421e+00   0.0000000e+00   0.0000000e+00
   2.0564071e+02   2.7382649e+02   1.4271143e+03   1.1783977e+03   1.8958719e+00   0.0000000e+00   0.0000000e+00
   2.0619252e+02   2.7383727e+02   1.4267880e+03   1.1785511e+03   1.8967011e+00   0.0000000e+00   0.0000000e+00
   2.0674433e+02   2.7384806e+02   1.4264619e+03   1.1787045e+03   1.8975295e+00   0.0000000e+00   0.0000000e+00
   2.0729614e+02   2.7385886e+02   1.4261359e+03   1.1788577e+03   1.8983572e+00   0.0000000e+00   0.0000000e+00
   2.0784795e+02   2.7386966e+02   1.4258101e+03   1.1790107e+03   1.8991842e+00   0.0000000e+00   0.0000000e+00
   2.0839976e+02   2.7388047e+02   1.4254843e+03   1.1791636e+03   1.9000104e+00   0.0000000e+00   0.0000000e+00
   2.0895156e+02   2.7389129e+02   1.4251587e+03   1.1793164e+03   1.9008360e+00   0.0000000e+00   0.0000000e+00
   2.0950337e+02   2.7390212e+02   1.4248331e+03   1.1794691e+03   1.9016609e+00   0.0000000e+00   0.0000000e+00
   2.1005518e+02   2.7391296e+02   1.4245077e+03   1.1796216e+03   1.9024851e+00   0.0000000e+00   0.0000000e+00
   2.1060699e+02   2.7392380e+02   1.4241825e+03   1.1797740e+03   1.9033086e+00   0.0000000e+00   0.0000000e+00
   2.1115880e+02   2.7393465e+02   1.4238573e+03   1.1799263e+03   1.9041314e+00   0.0000000e+00   0.0000000e+00
   2.1171061e+02   2.7394551e+02   1.4235323e+03   1.1800784e+03   1.9049536e+00   0.0000000e+00   0.0000000e+00
   2.1226242e+02   2.7395638e+02   1.4232073e+03   1.1802305e+03   1.9057751e+00   0.0000000e+00   0.0000000e+00
   2.1281422e+02   2.7396726e+02   1.4228825e+03   1.1803823e+03   1.9065959e+00   0.0000000e+00   0.0000000e+00
   2.1336603e+02   2.7397814e+02   1.4225578e+03   1.1805341e+03   1.9074160e+00   0.0000000e+00   0.0000000e+00
   2.1391784e+02   2.7398903e+02   1.4222332e+03   1.1806857e+03   1.9082355e+00   0.0000000e+00   0.0000000e+00
   2.1446965e+02   2.7399993e+02   1.4219088e+03   1.1808372e+03   1.9090544e+00   0.0000000e+00   0.0000000e+00
   2.1502146e+02   2.7401083e+02   1.4215844e+03   1.1809885e+03   1.9098726e+00   0.0000000e+00   0.0000000e+00
   2.1557327e+02   2.7402175e+02   1.4212602e+03   1.1811398e+03   1.9106902e+00   0.0000000e+00   0.0000000e+00
   2.1612508e+02   2.7403267e+02   1.4209361e+03   1.1812909e+03   1.9115071e+00   0.0000000e+00   0.0000000e+00
   2.1667689e+02   2.7404360e+02   1.4206121e+03   1.1814418e+03   1.9123234e+00   0.0000000e+00   0.0000000e+00
   2.1722869e+02   2.7405454e+02   1.4202882e+03   1.1815927e+03   1.9131390e+00   0.0000000e+00   0.0000000e+00
   2.1778050e+02   2.7406548e+02   1.4199645e+03   1.1817434e+03   1.9139540e+00   0.0000000e+00   0.0000000e+00
   2.1833231e+02   2.7407643e+02   1.4196408e+03   1.1818940e+03   1.9147685e+00   0.0000000e+00   0.0000000e+00
   2.1888412e+02   2.7408739e+02   1.4193173e+03   1.1820444e+03   1.9155823e+00   0.0000000e+00   0.0000000e+00
   2.1943593e+02   2.7409836e+02   1.4189939e+03   1.1821947e+03   1.9163954e+00   0.0000000e+00   0.0000000e+00
   2.1943593e+02   2.7409836e+02   1.4189939e+03   3.4996475e+03   7.9192319e+00   4.5197313e+00   1.8775853e+12
   2.6909303e+02   2.8748940e+02   1.4091650e+03   3.4996475e+03   7.8595530e+00   4.4823714e+00   5.0382737e+11
   3.1844615e+02   3.0079592e+02   1.3993361e+03   3.4802132e+03   7.9559086e+00   4.5386696e+00   1.5302108e+11
   3.6722346e+02   3.1401803e+02   1.3895071e+03   3.5132337e+03   7.9550229e+00   4.5366248e+00   5.1696427e+10
   4.1616513e+02   3.2715586e+02   1.3796782e+03   3.5136004e+03   7.9540718e+00   4.5345359e+00   1.9195488e+10
   4.6480464e+02   3.4020953e+02   1.3698493e+03   3.5139580e+03   7.9529716e+00   4.5323667e+00   7.7344637e+09
   5.1314227e+02   3.5317919e+02   1.3600204e+03   3.5142855e+03   7.9517885e+00   4.5301578e+00   3.3491577e+09
   5.6117802e+02   3.6606496e+02   1.3501914e+03   3.5145946e+03   7.9505376e+00   4.5279152e+00   1.5457535e+09
   6.0891208e+02   3.7886698e+02   1.3403625e+03   3.5148891e+03   7.9492167e+00   4.5256374e+00   7.5508230e+08
   6.5634471e+02   3.9158541e+02   1.3305336e+03   3.5151675e+03   7.9478006e+00   4.5233132e+00   3.8804325e+08
   7.0347621e+02   4.0422038e+02   1.3207047e+03   3.5154260e+03   7.9463369e+00   4.5209685e+00   2.0870762e+08
   7.5030681e+02   4.1677205e+02   1.3108757e+03   3.5156734e+03   7.9448305e+00   4.5186058e+00   1.1695216e+08
   7.9683691e+02   4.2924058e+02   1.3010468e+03   3.5159094e+03   7.9432675e+00   4.5162178e+00   6.8011223e+07
   8.4306693e+02   4.4162613e+02   1.2912179e+03   3.5161327e+03   7.9416552e+00   4.5138086e+00   4.0903276e+07
   8.8899730e+02   4.5392887e+02   1.2813890e+03   3.5163437e+03   7.9400196e+00   4.5113917e+00   2.5364348e+07
   9.3462847e+02   4.6614897e+02   1.2715600e+03   3.5165484e+03   7.9383534e+00   4.5089661e+00   1.6173883e+07
   9.7996102e+02   4.7828661e+02   1.2617311e+03   3.5167439e+03   7.9366341e+00   4.5065186e+00   1.0580319e+07
   1.0249955e+03   4.9034196e+02   1.2519022e+03   3.5169265e+03   7.9349062e+00   4.5040710e+00   7.0853263e+06
   1.0697324e+03   5.0231523e+02   1.2420733e+03   3.5171049e+03   7.9331640e+00   4.5016230e+00   4.8481805e+06
   1.1141725e+03   5.1420660e+02   1.2322443e+03   3.5172777e+03   7.9313808e+00   4.4991609e+00   3.3839386e+06
   1.1583164e+03   5.2601628e+02   1.2224154e+03   3.5174401e+03   7.9295858e+00   4.4966991e+00   2.4056508e+06
   1.2021648e+03   5.3774448e+02   1.2125865e+03   3.5175971e+03   7.9277916e+00   4.4942429e+00   1.7394668e+06
   1.2457184e+03   5.4939140e+02   1.2027576e+03   3.5177518e+03   7.9259676e+00   4.4917794e+00   1.2777260e+06
   1.2889780e+03   5.6095728e+02   1.1929286e+03   3.5178976e+03   7.9241295e+00   4.4893172e+00   9.5238512e+05
   1.3319445e+03   5.7244234e+02   1.1830997e+03   3.5180381e+03   7.9223025e+00   4.4868650e+00   7.1961603e+05
   1.3746186e+03   5.8384681e+02   1.1732708e+03   3.5181769e+03   7.9204516e+00   4.4844090e+00   5.5068373e+05
   1.4170014e+03   5.9517095e+02   1.1634419e+03   3.5183092e+03   7.9185927e+00   4.4819576e+00   4.2643422e+05
   1.4590936e+03   6.0641501e+02   1.1536130e+03   3.5184368e+03   7.9167452e+00   4.4795180e+00   3.3390041e+05
   1.5008963e+03   6.1757924e+02   1.1437840e+03   3.5185638e+03   7.9148753e+00   4.4770755e+00   2.6417509e+05
   1.5424106e+03   6.2866393e+02   1.1339551e+03   3.5186833e+03   7.9130111e+00   4.4746430e+00   2.1105566e+05
   1.5836374e+03   6.3966934e+02   1.1241262e+03   3.5188015e+03   7.9111517e+00   4.4722210e+00   1.7016694e+05
   1.6245778e+03   6.5059577e+02   1.1142973e+03   3.5189170e+03   7.9092788e+00   4.4697998e+00   1.3838524e+05
   1.6652331e+03   6.6144353e+02   1.1044683e+03   3.5190274e+03   7.9074183e+00   4.4673922e+00   1.1345470e+05
   1.7056044e+03   6.7221291e+02   1.0946394e+03   3.5191364e+03   7.9055532e+00   4.4649915e+00   9.3728527e+04
   1.7456929e+03   6.8290426e+02   1.0848105e+03   3.5192427e+03   7.9036897e+00   4.4625987e+00   7.7992201e+04
   1.7855000e+03   6.9351789e+02   1.0749816e+03   3.5193458e+03   7.9018403e+00   4.4602209e+00   6.5341317e+04
   1.8250270e+03   7.0405417e+02   1.0651526e+03   3.5194482e+03   7.8999735e+00   4.4578443e+00   5.5096196e+04
   1.8642753e+03   7.1451344e+02   1.0553237e+03   3.5195449e+03   7.8981290e+00   4.4554843e+00   4.6741584e+04
   1.9032464e+03   7.2489608e+02   1.0454948e+03   3.5196427e+03   7.8962834e+00   4.4531335e+00   3.9883633e+04
   1.9419418e+03   7.3520248e+02   1.0356659e+03   3.5197371e+03   7.8944348e+00   4.4507903e+00   3.4218925e+04
   1.9803631e+03   7.4543304e+02   1.0258369e+03   3.5198282e+03   7.8926116e+00   4.4484662e+00   2.9511950e+04
   2.0185118e+03   7.5558818e+02   1.0160080e+03   3.5199216e+03   7.8907728e+00   4.4461439e+00   2.5578603e+04
   2.0563899e+03   7.6566834e+02   1.0061791e+03   3.5200091e+03   7.8889545e+00   4.4438392e+00   2.2273984e+04
   2.0939990e+03   7.7567396e+02   9.9635016e+02   3.5200970e+03   7.8871403e+00   4.4415441e+00   1.9483302e+04
   2.1313410e+03   7.8560552e+02   9.8652124e+02   3.5201833e+03   7.8853256e+00   4.4392597e+00   1.7115062e+04
   2.1684179e+03   7.9546351e+02   9.7669232e+02   3.5202662e+03   7.8835301e+00   4.4369906e+00   1.5095898e+04
   2.2052316e+03   8.0524842e+02   9.6686339e+02   3.5203500e+03   7.8817346e+00   4.4347300e+00   1.3366649e+04
   2.2417844e+03   8.1496080e+02   9.5703447e+02   3.5204312e+03   7.8799574e+00   4.4324867e+00   1.1879349e+04
   2.2780783e+03   8.2460119e+02   9.4720554e+02   3.5205130e+03   7.8781758e+00   4.4302505e+00   1.0594907e+04
   2.3141158e+03   8.3417018e+02   9.3737662e+02   3.5205910e+03   7.8764104e+00   4.4280306e+00   9.4813042e+03
   2.3498991e+03   8.4366834e+02   9.2754769e+02   3.5206696e+03   7.8746460e+00   4.4258191e+00   8.5121895e+03
   2.3854309e+03   8.5309632e+02   9.1771877e+02   3.5207451e+03   7.8729009e+00   4.4236235e+00   7.6657773e+03
   2.4207136e+03   8.6245476e+02   9.0788985e+02   3.5208216e+03   7.8711565e+00   4.4214390e+00   6.9239760e+03
   2.4557502e+03   8.7174435e+02   8.9806092e+02   3.5208957e+03   7.8694321e+00   4.4192694e+00   6.2716983e+03
   2.4905433e+03   8.8096578e+02   8.8823200e+02   3.5209713e+03   7.8677067e+00   4.4171095e+00   5.6963108e+03
   2.5250960e+03   8.9011981e+02   8.7840307e+02   3.5210431e+03   7.8659952e+00   4.4149634e+00   5.1871932e+03
   2.5594114e+03   8.9920721e+02   8.6857415e+02   3.5211157e+03   7.8642945e+00   4.4128304e+00   4.7353840e+03
   2.5934928e+03   9.0822880e+02   8.5874522e+02   3.5211874e+03   7.8625981e+00   4.4107079e+00   4.3332936e+03
   2.6273436e+03   9.1718541e+02   8.4891630e+02   3.5212576e+03   7.8609211e+00   4.4086017e+00   3.9744716e+03
   2.6609673e+03   9.2607794e+02   8.3908738e+02   3.5213291e+03   7.8592409e+00   4.4065026e+00   3.6534176e+03
   2.6943678e+03   9.3490732e+02   8.2925845e+02   3.5213967e+03   7.8575874e+00   4.4044212e+00   3.3654256e+03
   2.7275489e+03   9.4367452e+02   8.1942953e+02   3.5214677e+03   7.8559235e+00   4.4023467e+00   3.1064566e+03
   2.7605148e+03   9.5238057e+02   8.0960060e+02   3.5215337e+03   7.8542869e+00   4.4002892e+00   2.8730336e+03
   2.7932697e+03   9.6102653e+02   7.9977168e+02   3.5216034e+03   7.8526458e+00   4.3982391e+00   2.6621545e+03
   2.8258184e+03   9.6961354e+02   7.8994275e+02   3.5216689e+03   7.8510292e+00   4.3962048e+00   2.4712198e+03
   2.8581654e+03   9.7814278e+02   7.8011383e+02   3.5217368e+03   7.8494091e+00   4.3941786e+00   2.2979724e+03
   2.8903158e+03   9.8661549e+02   7.7028491e+02   3.5218026e+03   7.8478079e+00   4.3921670e+00   2.1404474e+03
   2.9222750e+03   9.9503297e+02   7.6045598e+02   3.5218695e+03   7.8462116e+00   4.3901638e+00   1.9969296e+03
   2.9540484e+03   1.0033966e+03   7.5062706e+02   3.5219349e+03   7.8446271e+00   4.3881737e+00   1.8659183e+03
   2.9856419e+03   1.0117079e+03   7.4079813e+02   3.5220009e+03   7.8430511e+00   4.3861927e+00   1.7460970e+03
   3.0170617e+03   1.0199682e+03   7.3096921e+02   3.5220659e+03   7.8414819e+00   4.3842225e+00   1.6363082e+03
   3.0483142e+03   1.0281793e+03   7.2114029e+02   3.5221306e+03   7.8399265e+00   4.3822639e+00   1.5355320e+03
   3.0794064e+03   1.0363429e+03   7.1131136e+02   3.5221962e+03   7.8383729e+00   4.3803126e+00   1.4428674e+03
   3.1103454e+03   1.0444607e+03   7.0148244e+02   3.5222602e+03   7.8368378e+00   4.3783732e+00   1.3575170e+03
   3.1411389e+03   1.0525346e+03   6.9165351e+02   3.5223268e+03   7.8352987e+00   4.3764397e+00   1.2787736e+03
   3.1717949e+03   1.0605666e+03   6.8182459e+02   3.5223893e+03   7.8337837e+00   4.3745195e+00   1.2060086e+03
   3.2023222e+03   1.0685589e+03   6.7199566e+02   3.5224561e+03   7.8322563e+00   4.3726004e+00   1.1386621e+03
   3.2327296e+03   1.0765137e+03   6.6216674e+02   3.5225189e+03   7.8307599e+00   4.3706981e+00   1.0762347e+03
   3.2630268e+03   1.0844334e+03   6.5233782e+02   3.5225863e+03   7.8292449e+00   4.3687935e+00   1.0182797e+03
   3.2932241e+03   1.0923206e+03   6.4250889e+02   3.5226487e+03   7.8277596e+00   4.3669033e+00   9.6439737e+02
   3.3233322e+03   1.1001778e+03   6.3267997e+02   3.5227166e+03   7.8262620e+00   4.3650135e+00   9.1422869e+02
   3.3533626e+03   1.1080080e+03   6.2285104e+02   3.5227797e+03   7.8247870e+00   4.3631338e+00   8.6745122e+02
   3.3833276e+03   1.1158142e+03   6.1302212e+02   3.5228467e+03   7.8233043e+00   4.3612549e+00   8.2377455e+02
   3.4132402e+03   1.1235997e+03   6.0319319e+02   3.5229115e+03   7.8218354e+00   4.3593826e+00   7.8293680e+02
   3.4431143e+03   1.1313678e+03   5.9336427e+02   3.5229792e+03   7.8203656e+00   4.3575128e+00   7.4470140e+02
   3.4729647e+03   1.1391224e+03   5.8353535e+02   3.5230456e+03   7.8189015e+00   4.3556449e+00   7.0885429e+02
   3.5028072e+03   1.1468673e+03   5.7370642e+02   3.5231131e+03   7.8174430e+00   4.3537801e+00   6.7520148e+02
   3.5326588e+03   1.1546067e+03   5.6387750e+02   3.5231817e+03   7.8159818e+00   4.3519130e+00   6.4356691e+02
   3.5625376e+03   1.1623451e+03   5.5404857e+02   3.5232497e+03   7.8145275e+00   4.3500480e+00   6.1379052e+02
   3.5924629e+03   1.1700875e+03   5.4421965e+02   3.5233191e+03   7.8130701e+00   4.3481792e+00   5.8572657e+02
   3.6224557e+03   1.1778389e+03   5.3439072e+02   3.5233886e+03   7.8116134e+00   4.3463089e+00   5.5924221e+02
   3.6525382e+03   1.1856050e+03   5.2456180e+02   3.5234590e+03   7.8101592e+00   4.3444347e+00   5.3421612e+02
   3.6827346e+03   1.1933918e+03   5.1473288e+02   3.5235313e+03   7.8086947e+00   4.3425527e+00   5.1053734e+02
   3.7130708e+03   1.2012057e+03   5.0490395e+02   3.5236024e+03   7.8072403e+00   4.3406667e+00   4.8810430e+02
   3.7435747e+03   1.2090538e+03   4.9507503e+02   3.5236773e+03   7.8057662e+00   4.3387678e+00   4.6682380e+02
   3.7742766e+03   1.2169436e+03   4.8524610e+02   3.5237505e+03   7.8043055e+00   4.3368642e+00   4.4661032e+02
   3.8052091e+03   1.2248833e+03   4.7541718e+02   3.5238293e+03   7.8028156e+00   4.3349406e+00   4.2738515e+02
   3.8364077e+03   1.2328817e+03   4.6558826e+02   3.5239039e+03   7.8013413e+00   4.3330103e+00   4.0907585e+02
   3.8679108e+03   1.2409486e+03   4.5575933e+02   3.5239858e+03   7.7998324e+00   4.3310549e+00   3.9161561e+02
   3.8997603e+03   1.2490943e+03   4.4593041e+02   3.5240634e+03   7.7983343e+00   4.3290870e+00   3.7494274e+02
   3.8997603e+03   1.2490943e+03   4.4593041e+02   8.0000000e+03   5.9989391e+00   3.2461423e+00   1.0000000e+04
   4.2687187e+03   1.2504822e+03   3.9638258e+02   8.0106787e+03   5.9949393e+00   3.2439780e+00   1.0000000e+04
   4.5871980e+03   1.2518701e+03   3.4683476e+02   8.0205258e+03   6.0206190e+00   3.2561445e+00   1.0000000e+04
   4.8516200e+03   1.2532580e+03   2.9728694e+02   8.0297646e+03   6.0423692e+00   3.2664357e+00   1.0000000e+04
   5.0560352e+03   1.2546458e+03   2.4773911e+02   8.0385751e+03   6.0599008e+00   3.2747056e+00   1.0000000e+04
   5.1894875e+03   1.2560337e+03   1.9819129e+02   8.0471199e+03   6.0727387e+00   3.2807185e+00   1.0000000e+04
   5.2289940e+03   1.2574216e+03   1.4864347e+02   8.0555781e+03   6.0800036e+00   3.2840442e+00   1.0000000e+04
   5.1164263e+03   1.2588095e+03   9.9095646e+01   8.0642220e+03   6.0798337e+00   3.2837758e+00   1.0000000e+04
   4.6511329e+03   1.2601974e+03   4.9547823e+01   8.0737704e+03   6.0674353e+00   3.2775824e+00   1.0000000e+04
   2.4750066e+03   1.2615852e+03   0.0000000e+00   8.0919686e+03   6.0241299e+00   3.2562841e+00   1.0000000e+04
