   0.0000000e+00   1.0200000e+02   1.5610000e+03   9.3215811e+02   3.9792509e+00   1.9652120e+00   7.2886017e+04
   1.2624923e+00   1.2227774e+02   1.5599695e+03   9.3215811e+02   3.9807157e+00   1.9659354e+00   1.0339419e+04
   2.5249847e+00   1.4658673e+02   1.5589397e+03   9.3216035e+02   3.9831856e+00   1.9671551e+00   2.0276799e+03
   3.7874770e+00   1.7572838e+02   1.5579106e+03   9.3215118e+02   3.9873341e+00   1.9692039e+00   5.2098990e+02
   5.0499694e+00   2.1066343e+02   1.5568822e+03   9.3212950e+02   3.9941716e+00   1.9725807e+00   1.6769850e+02
   6.3124617e+00   2.5254362e+02   1.5558546e+03   9.3209403e+02   4.0047140e+00   1.9777873e+00   6.5143172e+01
   7.5749541e+00   2.5254924e+02   1.5548276e+03   9.3204341e+02   4.0044153e+00   1.9776398e+00   6.5136283e+01
   8.8374464e+00   2.5255504e+02   1.5538013e+03   9.3197612e+02   4.0041167e+00   1.9774923e+00   6.5129162e+01
   1.0099939e+01   2.5256105e+02   1.5527757e+03   9.3189048e+02   4.0038182e+00   1.9773449e+00   6.5121800e+01
   1.1362431e+01   2.5256725e+02   1.5517507e+03   9.3178465e+02   4.0035199e+00   1.9771975e+00   6.5114190e+01
   1.2624923e+01   2.5257367e+02   1.5507263e+03   9.3165660e+02   4.0032217e+00   1.9770503e+00   6.5106323e+01
   1.3887416e+01   2.5258030e+02   1.5497026e+03   9.3150413e+02   4.0029237e+00   1.9769031e+00   6.5098190e+01
   1.5149908e+01   2.5258716e+02   1.5486794e+03   9.3132481e+02   4.0026260e+00   1.9767561e+00   6.5089783e+01
   1.6412401e+01   2.5259426e+02   1.5476567e+03   9.3111604e+02   4.0023284e+00   1.9766091e+00   6.5081092e+01
   1.7674893e+01   2.5260159e+02   1.5466345e+03   9.3087499e+02   4.0020311e+00   1.9764623e+00   6.5072109e+01
   1.8937385e+01   2.5260917e+02   1.5456128e+03   9.3059866e+02   4.0017341e+00   1.9763156e+00   6.5062822e+01
   2.0199878e+01   2.5261701e+02   1.5445915e+03   9.3028384e+02   4.0014373e+00   1.9761690e+00   6.5053222e+01
   2.1462370e+01   2.5262511e+02   1.5435707e+03   9.2992719e+02   4.0011408e+00   1.9760226e+00   6.5043299e+01
   2.2724862e+01   2.5263349e+02   1.5425501e+03   9.2952527e+02   4.0008446e+00   1.9758763e+00   6.5033041e+01
   2.3987355e+01   2.5264216e+02   1.5415299e+03   9.2907459e+02   4.0005487e+00   1.9757302e+00   6.5022437e+01
   2.5249847e+01   2.5265112e+02   1.5405099e+03   9.2857173e+02   4.0002532e+00   1.9755842e+00   6.5011477e+01
   2.6512339e+01   2.5266038e+02   1.5394902e+03   9.2801344e+02   3.9999580e+00   1.9754385e+00   6.5000147e+01
   2.7774832e+01   2.5266995e+02   1.5384705e+03   9.2739683e+02   3.9996632e+00   1.9752929e+00   6.4988436e+01
   2.9037324e+01   2.5267986e+02   1.5374509e+03   9.2671952e+02   3.9993689e+00   1.9751475e+00   6.4976331e+01
   3.0299816e+01   2.5269009e+02   1.5364313e+03   9.2597990e+02   3.9990749e+00   1.9750023e+00   6.4963819e+01
   3.1562309e+01   2.5270068e+02   1.5354117e+03   9.2517738e+02   3.9987813e+00   1.9748573e+00   6.4950886e+01
   3.2824801e+01   2.5271162e+02   1.5343919e+03   9.2431267e+02   3.9984882e+00   1.9747126e+00   6.4937518e+01
   3.4087293e+01   2.5272293e+02   1.5333719e+03   9.2338806e+02   3.9981955e+00   1.9745680e+00   6.4923701e+01
   3.5349786e+01   2.5273463e+02   1.5323516e+03   9.2240771e+02   3.9979033e+00   1.9744237e+00   6.4909419e+01
   3.6612278e+01   2.6980000e+02   1.5313310e+03   9.2137780e+02   4.0024352e+00   1.9766618e+00   4.8056063e+01
   3.6612278e+01   2.6980489e+02   1.5313310e+03   1.1233228e+03   1.5955926e+00   0.0000000e+00   0.0000000e+00
   3.7139054e+01   2.6980981e+02   1.5309817e+03   1.1235296e+03   1.5966299e+00   0.0000000e+00   0.0000000e+00
   3.7665829e+01   2.6981475e+02   1.5306325e+03   1.1237361e+03   1.5976668e+00   0.0000000e+00   0.0000000e+00
   3.8192604e+01   2.6981973e+02   1.5302834e+03   1.1239423e+03   1.5987034e+00   0.0000000e+00   0.0000000e+00
   3.8719380e+01   2.6982474e+02   1.5299345e+03   1.1241483e+03   1.5997396e+00   0.0000000e+00   0.0000000e+00
   3.9246155e+01   2.6982978e+02   1.5295857e+03   1.1243540e+03   1.6007755e+00   0.0000000e+00   0.0000000e+00
   3.9772931e+01   2.6983484e+02   1.5292370e+03   1.1245595e+03   1.6018110e+00   0.0000000e+00   0.0000000e+00
   4.0299706e+01   2.6983994e+02   1.5288885e+03   1.1247647e+03   1.6028461e+00   0.0000000e+00   0.0000000e+00
   4.0826482e+01   2.6984506e+02   1.5285401e+03   1.1249696e+03   1.6038808e+00   0.0000000e+00   0.0000000e+00
   4.1353257e+01   2.6985022e+02   1.5281919e+03   1.1251743e+03   1.6049152e+00   0.0000000e+00   0.0000000e+00
   4.1880033e+01   2.6985540e+02   1.5278437e+03   1.1253787e+03   1.6059490e+00   0.0000000e+00   0.0000000e+00
   4.2406808e+01   2.6986061e+02   1.5274958e+03   1.1255828e+03   1.6069825e+00   0.0000000e+00   0.0000000e+00
   4.2933583e+01   2.6986585e+02   1.5271479e+03   1.1257867e+03   1.6080155e+00   0.0000000e+00   0.0000000e+00
   4.3460359e+01   2.6987112e+02   1.5268002e+03   1.1259903e+03   1.6090481e+00   0.0000000e+00   0.0000000e+00
   4.3987134e+01   2.6987642e+02   1.5264527e+03   1.1261936e+03   1.6100802e+00   0.0000000e+00   0.0000000e+00
   4.4513910e+01   2.6988175e+02   1.5261052e+03   1.1263967e+03   1.6111119e+00   0.0000000e+00   0.0000000e+00
   4.5040685e+01   2.6988710e+02   1.5257579e+03   1.1265995e+03   1.6121431e+00   0.0000000e+00   0.0000000e+00
   4.5567461e+01   2.6989248e+02   1.5254108e+03   1.1268021e+03   1.6131738e+00   0.0000000e+00   0.0000000e+00
   4.6094236e+01   2.6989789e+02   1.5250638e+03   1.1270044e+03   1.6142040e+00   0.0000000e+00   0.0000000e+00
   4.6621012e+01   2.6990333e+02   1.5247169e+03   1.1272064e+03   1.6152337e+00   0.0000000e+00   0.0000000e+00
   4.7147787e+01   2.6990879e+02   1.5243701e+03   1.1274082e+03   1.6162628e+00   0.0000000e+00   0.0000000e+00
   4.7674562e+01   2.6991429e+02   1.5240235e+03   1.1276098e+03   1.6172915e+00   0.0000000e+00   0.0000000e+00
   4.8201338e+01   2.6991981e+02   1.5236770e+03   1.1278110e+03   1.6183196e+00   0.0000000e+00   0.0000000e+00
   4.8728113e+01   2.6992535e+02   1.5233307e+03   1.1280121e+03   1.6193471e+00   0.0000000e+00   0.0000000e+00
   4.9254889e+01   2.6993093e+02   1.5229845e+03   1.1282128e+03   1.6203741e+00   0.0000000e+00   0.0000000e+00
   4.9781664e+01   2.6993653e+02   1.5226384e+03   1.1284133e+03   1.6214005e+00   0.0000000e+00   0.0000000e+00
   5.0308440e+01   2.6994216e+02   1.5222924e+03   1.1286136e+03   1.6224264e+00   0.0000000e+00   0.0000000e+00
   5.0835215e+01   2.6994781e+02   1.5219466e+03   1.1288136e+03   1.6234517e+00   0.0000000e+00   0.0000000e+00
   5.1361991e+01   2.6995349e+02   1.5216010e+03   1.1290133e+03   1.6244763e+00   0.0000000e+00   0.0000000e+00
   5.1888766e+01   2.6995920e+02   1.5212554e+03   1.1292128e+03   1.6255004e+00   0.0000000e+00   0.0000000e+00
   5.2415541e+01   2.6996493e+02   1.5209100e+03   1.1294121e+03   1.6265239e+00   0.0000000e+00   0.0000000e+00
   5.2942317e+01   2.6997069e+02   1.5205647e+03   1.1296110e+03   1.6275468e+00   0.0000000e+00   0.0000000e+00
   5.3469092e+01   2.6997648e+02   1.5202196e+03   1.1298098e+03   1.6285691e+00   0.0000000e+00   0.0000000e+00
   5.3995868e+01   2.6998229e+02   1.5198746e+03   1.1300083e+03   1.6295908e+00   0.0000000e+00   0.0000000e+00
   5.4522643e+01   2.6998813e+02   1.5195297e+03   1.1302065e+03   1.6306120e+00   0.0000000e+00   0.0000000e+00
   5.5049419e+01   2.6999399e+02   1.5191850e+03   1.1304045e+03   1.6316325e+00   0.0000000e+00   0.0000000e+00
   5.5576194e+01   2.6999988e+02   1.5188404e+03   1.1306022e+03   1.6326524e+00   0.0000000e+00   0.0000000e+00
   5.6102970e+01   2.7000580e+02   1.5184959e+03   1.1307997e+03   1.6336717e+00   0.0000000e+00   0.0000000e+00
   5.6629745e+01   2.7001174e+02   1.5181516e+03   1.1309970e+03   1.6346905e+00   0.0000000e+00   0.0000000e+00
   5.7156520e+01   2.7001770e+02   1.5178074e+03   1.1311940e+03   1.6357086e+00   0.0000000e+00   0.0000000e+00
   5.7683296e+01   2.7002369e+02   1.5174633e+03   1.1313907e+03   1.6367261e+00   0.0000000e+00   0.0000000e+00
   5.8210071e+01   2.7002971e+02   1.5171194e+03   1.1315872e+03   1.6377431e+00   0.0000000e+00   0.0000000e+00
   5.8736847e+01   2.7003575e+02   1.5167756e+03   1.1317835e+03   1.6387594e+00   0.0000000e+00   0.0000000e+00
   5.9263622e+01   2.7004181e+02   1.5164319e+03   1.1319795e+03   1.6397751e+00   0.0000000e+00   0.0000000e+00
   5.9790398e+01   2.7004790e+02   1.5160884e+03   1.1321753e+03   1.6407902e+00   0.0000000e+00   0.0000000e+00
   6.0317173e+01   2.7005402e+02   1.5157450e+03   1.1323708e+03   1.6418047e+00   0.0000000e+00   0.0000000e+00
   6.0843949e+01   2.7006015e+02   1.5154017e+03   1.1325661e+03   1.6428186e+00   0.0000000e+00   0.0000000e+00
   6.1370724e+01   2.7006632e+02   1.5150585e+03   1.1327612e+03   1.6438320e+00   0.0000000e+00   0.0000000e+00
   6.1897499e+01   2.7007250e+02   1.5147155e+03   1.1329560e+03   1.6448447e+00   0.0000000e+00   0.0000000e+00
   6.2424275e+01   2.7007871e+02   1.5143727e+03   1.1331505e+03   1.6458568e+00   0.0000000e+00   0.0000000e+00
   6.2951050e+01   2.7008495e+02   1.5140299e+03   1.1333448e+03   1.6468683e+00   0.0000000e+00   0.0000000e+00
   6.3477826e+01   2.7009121e+02   1.5136873e+03   1.1335389e+03   1.6478792e+00   0.0000000e+00   0.0000000e+00
   6.4004601e+01   2.7009749e+02   1.5133448e+03   1.1337328e+03   1.6488895e+00   0.0000000e+00   0.0000000e+00
   6.4531377e+01   2.7010379e+02   1.5130025e+03   1.1339264e+03   1.6498992e+00   0.0000000e+00   0.0000000e+00
   6.5058152e+01   2.7011012e+02   1.5126602e+03   1.1341198e+03   1.6509084e+00   0.0000000e+00   0.0000000e+00
   6.5584928e+01   2.7011647e+02   1.5123181e+03   1.1343129e+03   1.6519169e+00   0.0000000e+00   0.0000000e+00
   6.6111703e+01   2.7012285e+02   1.5119762e+03   1.1345058e+03   1.6529249e+00   0.0000000e+00   0.0000000e+00
   6.6638478e+01   2.7012925e+02   1.5116344e+03   1.1346984e+03   1.6539323e+00   0.0000000e+00   0.0000000e+00
   6.7165254e+01   2.7013567e+02   1.5112927e+03   1.1348909e+03   1.6549391e+00   0.0000000e+00   0.0000000e+00
   6.7692029e+01   2.7014212e+02   1.5109511e+03   1.1350831e+03   1.6559453e+00   0.0000000e+00   0.0000000e+00
   6.8218805e+01   2.7014858e+02   1.5106096e+03   1.1352750e+03   1.6569509e+00   0.0000000e+00   0.0000000e+00
   6.8745580e+01   2.7015507e+02   1.5102683e+03   1.1354667e+03   1.6579560e+00   0.0000000e+00   0.0000000e+00
   6.9272356e+01   2.7016159e+02   1.5099272e+03   1.1356582e+03   1.6589605e+00   0.0000000e+00   0.0000000e+00
   6.9799131e+01   2.7016812e+02   1.5095861e+03   1.1358495e+03   1.6599644e+00   0.0000000e+00   0.0000000e+00
   7.0325907e+01   2.7017468e+02   1.5092452e+03   1.1360405e+03   1.6609678e+00   0.0000000e+00   0.0000000e+00
   7.0852682e+01   2.7018126e+02   1.5089044e+03   1.1362313e+03   1.6619706e+00   0.0000000e+00   0.0000000e+00
   7.1379457e+01   2.7018786e+02   1.5085637e+03   1.1364219e+03   1.6629728e+00   0.0000000e+00   0.0000000e+00
   7.1906233e+01   2.7019448e+02   1.5082232e+03   1.1366122e+03   1.6639744e+00   0.0000000e+00   0.0000000e+00
   7.2433008e+01   2.7020113e+02   1.5078828e+03   1.1368023e+03   1.6649755e+00   0.0000000e+00   0.0000000e+00
   7.2959784e+01   2.7020780e+02   1.5075426e+03   1.1369922e+03   1.6659760e+00   0.0000000e+00   0.0000000e+00
   7.3486559e+01   2.7021449e+02   1.5072024e+03   1.1371818e+03   1.6669759e+00   0.0000000e+00   0.0000000e+00
   7.4013335e+01   2.7022120e+02   1.5068624e+03   1.1373712e+03   1.6679753e+00   0.0000000e+00   0.0000000e+00
   7.4540110e+01   2.7022793e+02   1.5065225e+03   1.1375604e+03   1.6689741e+00   0.0000000e+00   0.0000000e+00
   7.5066886e+01   2.7023468e+02   1.5061828e+03   1.1377494e+03   1.6699722e+00   0.0000000e+00   0.0000000e+00
   7.5593661e+01   2.7024146e+02   1.5058431e+03   1.1379382e+03   1.6709698e+00   0.0000000e+00   0.0000000e+00
   7.6120436e+01   2.7024825e+02   1.5055036e+03   1.1381267e+03   1.6719669e+00   0.0000000e+00   0.0000000e+00
   7.6647212e+01   2.7025507e+02   1.5051643e+03   1.1383150e+03   1.6729633e+00   0.0000000e+00   0.0000000e+00
   7.7173987e+01   2.7026191e+02   1.5048250e+03   1.1385030e+03   1.6739591e+00   0.0000000e+00   0.0000000e+00
   7.7700763e+01   2.7026877e+02   1.5044859e+03   1.1386909e+03   1.6749544e+00   0.0000000e+00   0.0000000e+00
   7.8227538e+01   2.7027565e+02   1.5041469e+03   1.1388785e+03   1.6759490e+00   0.0000000e+00   0.0000000e+00
   7.8754314e+01   2.7028255e+02   1.5038081e+03   1.1390659e+03   1.6769431e+00   0.0000000e+00   0.0000000e+00
   7.9281089e+01   2.7028947e+02   1.5034694e+03   1.1392531e+03   1.6779366e+00   0.0000000e+00   0.0000000e+00
   7.9807864e+01   2.7029641e+02   1.5031308e+03   1.1394400e+03   1.6789294e+00   0.0000000e+00   0.0000000e+00
   8.0334640e+01   2.7030338e+02   1.5027923e+03   1.1396268e+03   1.6799217e+00   0.0000000e+00   0.0000000e+00
   8.0861415e+01   2.7031036e+02   1.5024540e+03   1.1398133e+03   1.6809134e+00   0.0000000e+00   0.0000000e+00
   8.1388191e+01   2.7031736e+02   1.5021157e+03   1.1399996e+03   1.6819044e+00   0.0000000e+00   0.0000000e+00
   8.1914966e+01   2.7032438e+02   1.5017776e+03   1.1401857e+03   1.6828949e+00   0.0000000e+00   0.0000000e+00
   8.2441742e+01   2.7033143e+02   1.5014397e+03   1.1403715e+03   1.6838847e+00   0.0000000e+00   0.0000000e+00
   8.2968517e+01   2.7033849e+02   1.5011019e+03   1.1405572e+03   1.6848739e+00   0.0000000e+00   0.0000000e+00
   8.3495293e+01   2.7034557e+02   1.5007641e+03   1.1407426e+03   1.6858625e+00   0.0000000e+00   0.0000000e+00
   8.4022068e+01   2.7035268e+02   1.5004266e+03   1.1409278e+03   1.6868504e+00   0.0000000e+00   0.0000000e+00
   8.4548843e+01   2.7035980e+02   1.5000891e+03   1.1411128e+03   1.6878377e+00   0.0000000e+00   0.0000000e+00
   8.5075619e+01   2.7036694e+02   1.4997518e+03   1.1412976e+03   1.6888243e+00   0.0000000e+00   0.0000000e+00
   8.5602394e+01   2.7037410e+02   1.4994146e+03   1.1414822e+03   1.6898103e+00   0.0000000e+00   0.0000000e+00
   8.6129170e+01   2.7038128e+02   1.4990775e+03   1.1416665e+03   1.6907957e+00   0.0000000e+00   0.0000000e+00
   8.6655945e+01   2.7038848e+02   1.4987406e+03   1.1418507e+03   1.6917804e+00   0.0000000e+00   0.0000000e+00
   8.7182721e+01   2.7039570e+02   1.4984038e+03   1.1420346e+03   1.6927644e+00   0.0000000e+00   0.0000000e+00
   8.7709496e+01   2.7040294e+02   1.4980671e+03   1.1422183e+03   1.6937477e+00   0.0000000e+00   0.0000000e+00
   8.8236272e+01   2.7041020e+02   1.4977305e+03   1.1424018e+03   1.6947303e+00   0.0000000e+00   0.0000000e+00
   8.8763047e+01   2.7041747e+02   1.4973941e+03   1.1425851e+03   1.6957123e+00   0.0000000e+00   0.0000000e+00
   8.9289822e+01   2.7042477e+02   1.4970577e+03   1.1427682e+03   1.6966936e+00   0.0000000e+00   0.0000000e+00
   8.9816598e+01   2.7043208e+02   1.4967215e+03   1.1429510e+03   1.6976742e+00   0.0000000e+00   0.0000000e+00
   9.0343373e+01   2.7043942e+02   1.4963855e+03   1.1431337e+03   1.6986540e+00   0.0000000e+00   0.0000000e+00
   9.0870149e+01   2.7044677e+02   1.4960495e+03   1.1433162e+03   1.6996332e+00   0.0000000e+00   0.0000000e+00
   9.1396924e+01   2.7045414e+02   1.4957137e+03   1.1434984e+03   1.7006117e+00   0.0000000e+00   0.0000000e+00
   9.1923700e+01   2.7046153e+02   1.4953780e+03   1.1436804e+03   1.7015894e+00   0.0000000e+00   0.0000000e+00
   9.2450475e+01   2.7046893e+02   1.4950425e+03   1.1438622e+03   1.7025664e+00   0.0000000e+00   0.0000000e+00
   9.2977251e+01   2.7047636e+02   1.4947070e+03   1.1440439e+03   1.7035427e+00   0.0000000e+00   0.0000000e+00
   9.3504026e+01   2.7048380e+02   1.4943717e+03   1.1442253e+03   1.7045182e+00   0.0000000e+00   0.0000000e+00
   9.4030801e+01   2.7049126e+02   1.4940365e+03   1.1444065e+03   1.7054930e+00   0.0000000e+00   0.0000000e+00
   9.4557577e+01   2.7049874e+02   1.4937015e+03   1.1445875e+03   1.7064670e+00   0.0000000e+00   0.0000000e+00
   9.5084352e+01   2.7050624e+02   1.4933665e+03   1.1447683e+03   1.7074403e+00   0.0000000e+00   0.0000000e+00
   9.5611128e+01   2.7051375e+02   1.4930317e+03   1.1449488e+03   1.7084129e+00   0.0000000e+00   0.0000000e+00
   9.6137903e+01   2.7052129e+02   1.4926970e+03   1.1451292e+03   1.7093846e+00   0.0000000e+00   0.0000000e+00
   9.6664679e+01   2.7052884e+02   1.4923625e+03   1.1453094e+03   1.7103556e+00   0.0000000e+00   0.0000000e+00
   9.7191454e+01   2.7053640e+02   1.4920280e+03   1.1454894e+03   1.7113258e+00   0.0000000e+00   0.0000000e+00
   9.7718230e+01   2.7054399e+02   1.4916937e+03   1.1456691e+03   1.7122952e+00   0.0000000e+00   0.0000000e+00
   9.8245005e+01   2.7055159e+02   1.4913595e+03   1.1458487e+03   1.7132639e+00   0.0000000e+00   0.0000000e+00
   9.8771780e+01   2.7055921e+02   1.4910255e+03   1.1460281e+03   1.7142317e+00   0.0000000e+00   0.0000000e+00
   9.9298556e+01   2.7056685e+02   1.4906915e+03   1.1462072e+03   1.7151987e+00   0.0000000e+00   0.0000000e+00
   9.9825331e+01   2.7057451e+02   1.4903577e+03   1.1463862e+03   1.7161649e+00   0.0000000e+00   0.0000000e+00
   1.0035211e+02   2.7058218e+02   1.4900240e+03   1.1465649e+03   1.7171303e+00   0.0000000e+00   0.0000000e+00
   1.0087888e+02   2.7058987e+02   1.4896904e+03   1.1467435e+03   1.7180949e+00   0.0000000e+00   0.0000000e+00
   1.0140566e+02   2.7059757e+02   1.4893570e+03   1.1469219e+03   1.7190586e+00   0.0000000e+00   0.0000000e+00
   1.0193243e+02   2.7060530e+02   1.4890237e+03   1.1471000e+03   1.7200216e+00   0.0000000e+00   0.0000000e+00
   1.0245921e+02   2.7061304e+02   1.4886905e+03   1.1472780e+03   1.7209837e+00   0.0000000e+00   0.0000000e+00
   1.0298598e+02   2.7062079e+02   1.4883574e+03   1.1474557e+03   1.7219450e+00   0.0000000e+00   0.0000000e+00
   1.0351276e+02   2.7062857e+02   1.4880244e+03   1.1476333e+03   1.7229054e+00   0.0000000e+00   0.0000000e+00
   1.0403953e+02   2.7063636e+02   1.4876916e+03   1.1478107e+03   1.7238651e+00   0.0000000e+00   0.0000000e+00
   1.0456631e+02   2.7064416e+02   1.4873589e+03   1.1479878e+03   1.7248239e+00   0.0000000e+00   0.0000000e+00
   1.0509309e+02   2.7065198e+02   1.4870263e+03   1.1481648e+03   1.7257819e+00   0.0000000e+00   0.0000000e+00
   1.0561986e+02   2.7065982e+02   1.4866938e+03   1.1483416e+03   1.7267391e+00   0.0000000e+00   0.0000000e+00
   1.0614664e+02   2.7066768e+02   1.4863615e+03   1.1485182e+03   1.7276954e+00   0.0000000e+00   0.0000000e+00
   1.0667341e+02   2.7067555e+02   1.4860293e+03   1.1486945e+03   1.7286510e+00   0.0000000e+00   0.0000000e+00
   1.0720019e+02   2.7068344e+02   1.4856972e+03   1.1488707e+03   1.7296057e+00   0.0000000e+00   0.0000000e+00
   1.0772696e+02   2.7069134e+02   1.4853652e+03   1.1490467e+03   1.7305595e+00   0.0000000e+00   0.0000000e+00
   1.0825374e+02   2.7069926e+02   1.4850334e+03   1.1492225e+03   1.7315126e+00   0.0000000e+00   0.0000000e+00
   1.0878051e+02   2.7070720e+02   1.4847016e+03   1.1493981e+03   1.7324648e+00   0.0000000e+00   0.0000000e+00
   1.0930729e+02   2.7071515e+02   1.4843700e+03   1.1495735e+03   1.7334162e+00   0.0000000e+00   0.0000000e+00
   1.0983406e+02   2.7072312e+02   1.4840385e+03   1.1497488e+03   1.7343668e+00   0.0000000e+00   0.0000000e+00
   1.1036084e+02   2.7073110e+02   1.4837072e+03   1.1499238e+03   1.7353165e+00   0.0000000e+00   0.0000000e+00
   1.1088762e+02   2.7073910e+02   1.4833759e+03   1.1500986e+03   1.7362654e+00   0.0000000e+00   0.0000000e+00
   1.1141439e+02   2.7074711e+02   1.4830448e+03   1.1502733e+03   1.7372135e+00   0.0000000e+00   0.0000000e+00
   1.1194117e+02   2.7075514e+02   1.4827138e+03   1.1504477e+03   1.7381608e+00   0.0000000e+00   0.0000000e+00
   1.1246794e+02   2.7076319e+02   1.4823829e+03   1.1506220e+03   1.7391073e+00   0.0000000e+00   0.0000000e+00
   1.1299472e+02   2.7077125e+02   1.4820522e+03   1.1507961e+03   1.7400529e+00   0.0000000e+00   0.0000000e+00
   1.1352149e+02   2.7077932e+02   1.4817216e+03   1.1509699e+03   1.7409977e+00   0.0000000e+00   0.0000000e+00
   1.1404827e+02   2.7078741e+02   1.4813910e+03   1.1511436e+03   1.7419417e+00   0.0000000e+00   0.0000000e+00
   1.1457504e+02   2.7079552e+02   1.4810607e+03   1.1513172e+03   1.7428849e+00   0.0000000e+00   0.0000000e+00
   1.1510182e+02   2.7080364e+02   1.4807304e+03   1.1514905e+03   1.7438273e+00   0.0000000e+00   0.0000000e+00
   1.1562859e+02   2.7081178e+02   1.4804002e+03   1.1516636e+03   1.7447689e+00   0.0000000e+00   0.0000000e+00
   1.1615537e+02   2.7081993e+02   1.4800702e+03   1.1518366e+03   1.7457096e+00   0.0000000e+00   0.0000000e+00
   1.1668215e+02   2.7082809e+02   1.4797403e+03   1.1520093e+03   1.7466496e+00   0.0000000e+00   0.0000000e+00
   1.1720892e+02   2.7083627e+02   1.4794105e+03   1.1521819e+03   1.7475887e+00   0.0000000e+00   0.0000000e+00
   1.1773570e+02   2.7084447e+02   1.4790808e+03   1.1523543e+03   1.7485271e+00   0.0000000e+00   0.0000000e+00
   1.1826247e+02   2.7085268e+02   1.4787513e+03   1.1525265e+03   1.7494647e+00   0.0000000e+00   0.0000000e+00
   1.1878925e+02   2.7086090e+02   1.4784219e+03   1.1526985e+03   1.7504014e+00   0.0000000e+00   0.0000000e+00
   1.1931602e+02   2.7086914e+02   1.4780926e+03   1.1528703e+03   1.7513374e+00   0.0000000e+00   0.0000000e+00
   1.1984280e+02   2.7087740e+02   1.4777634e+03   1.1530420e+03   1.7522726e+00   0.0000000e+00   0.0000000e+00
   1.2036957e+02   2.7088566e+02   1.4774343e+03   1.1532135e+03   1.7532070e+00   0.0000000e+00   0.0000000e+00
   1.2089635e+02   2.7089395e+02   1.4771054e+03   1.1533848e+03   1.7541406e+00   0.0000000e+00   0.0000000e+00
   1.2142312e+02   2.7090224e+02   1.4767765e+03   1.1535559e+03   1.7550734e+00   0.0000000e+00   0.0000000e+00
   1.2194990e+02   2.7091056e+02   1.4764478e+03   1.1537268e+03   1.7560054e+00   0.0000000e+00   0.0000000e+00
   1.2247668e+02   2.7091888e+02   1.4761193e+03   1.1538975e+03   1.7569366e+00   0.0000000e+00   0.0000000e+00
   1.2300345e+02   2.7092722e+02   1.4757908e+03   1.1540681e+03   1.7578671e+00   0.0000000e+00   0.0000000e+00
   1.2353023e+02   2.7093557e+02   1.4754624e+03   1.1542385e+03   1.7587967e+00   0.0000000e+00   0.0000000e+00
   1.2405700e+02   2.7094394e+02   1.4751342e+03   1.1544087e+03   1.7597256e+00   0.0000000e+00   0.0000000e+00
   1.2458378e+02   2.7095232e+02   1.4748061e+03   1.1545787e+03   1.7606536e+00   0.0000000e+00   0.0000000e+00
   1.2511055e+02   2.7096072e+02   1.4744781e+03   1.1547485e+03   1.7615809e+00   0.0000000e+00   0.0000000e+00
   1.2563733e+02   2.7096913e+02   1.4741502e+03   1.1549182e+03   1.7625074e+00   0.0000000e+00   0.0000000e+00
   1.2616410e+02   2.7097755e+02   1.4738225e+03   1.1550877e+03   1.7634330e+00   0.0000000e+00   0.0000000e+00
   1.2669088e+02   2.7098599e+02   1.4734949e+03   1.1552570e+03   1.7643579e+00   0.0000000e+00   0.0000000e+00
   1.2721765e+02   2.7099444e+02   1.4731673e+03   1.1554261e+03   1.7652820e+00   0.0000000e+00   0.0000000e+00
   1.2774443e+02   2.7100290e+02   1.4728400e+03   1.1555951e+03   1.7662052e+00   0.0000000e+00   0.0000000e+00
   1.2827121e+02   2.7101138e+02   1.4725127e+03   1.1557639e+03   1.7671277e+00   0.0000000e+00   0.0000000e+00
   1.2879798e+02   2.7101987e+02   1.4721855e+03   1.1559325e+03   1.7680494e+00   0.0000000e+00   0.0000000e+00
   1.2932476e+02   2.7102837e+02   1.4718585e+03   1.1561009e+03   1.7689703e+00   0.0000000e+00   0.0000000e+00
   1.2985153e+02   2.7103689e+02   1.4715316e+03   1.1562692e+03   1.7698903e+00   0.0000000e+00   0.0000000e+00
   1.3037831e+02   2.7104542e+02   1.4712048e+03   1.1564372e+03   1.7708096e+00   0.0000000e+00   0.0000000e+00
   1.3090508e+02   2.7105396e+02   1.4708781e+03   1.1566051e+03   1.7717280e+00   0.0000000e+00   0.0000000e+00
   1.3143186e+02   2.7106252e+02   1.4705515e+03   1.1567729e+03   1.7726457e+00   0.0000000e+00   0.0000000e+00
   1.3195863e+02   2.7107109e+02   1.4702251e+03   1.1569404e+03   1.7735625e+00   0.0000000e+00   0.0000000e+00
   1.3248541e+02   2.7107967e+02   1.4698987e+03   1.1571078e+03   1.7744785e+00   0.0000000e+00   0.0000000e+00
   1.3301218e+02   2.7108827e+02   1.4695725e+03   1.1572750e+03   1.7753937e+00   0.0000000e+00   0.0000000e+00
   1.3353896e+02   2.7109688e+02   1.4692464e+03   1.1574421e+03   1.7763080e+00   0.0000000e+00   0.0000000e+00
   1.3406574e+02   2.7110550e+02   1.4689205e+03   1.1576089e+03   1.7772215e+00   0.0000000e+00   0.0000000e+00
   1.3459251e+02   2.7111413e+02   1.4685946e+03   1.1577756e+03   1.7781342e+00   0.0000000e+00   0.0000000e+00
   1.3511929e+02   2.7112278e+02   1.4682689e+03   1.1579422e+03   1.7790460e+00   0.0000000e+00   0.0000000e+00
   1.3564606e+02   2.7113144e+02   1.4679432e+03   1.1581085e+03   1.7799569e+00   0.0000000e+00   0.0000000e+00
   1.3617284e+02   2.7114012e+02   1.4676177e+03   1.1582747e+03   1.7808670e+00   0.0000000e+00   0.0000000e+00
   1.3669961e+02   2.7114880e+02   1.4672924e+03   1.1584407e+03   1.7817762e+00   0.0000000e+00   0.0000000e+00
   1.3722639e+02   2.7115750e+02   1.4669671e+03   1.1586066e+03   1.7826846e+00   0.0000000e+00   0.0000000e+00
   1.3775316e+02   2.7116621e+02   1.4666419e+03   1.1587722e+03   1.7835921e+00   0.0000000e+00   0.0000000e+00
   1.3827994e+02   2.7117493e+02   1.4663169e+03   1.1589378e+03   1.7844986e+00   0.0000000e+00   0.0000000e+00
   1.3880671e+02   2.7118367e+02   1.4659920e+03   1.1591031e+03   1.7854044e+00   0.0000000e+00   0.0000000e+00
   1.3933349e+02   2.7119242e+02   1.4656672e+03   1.1592683e+03   1.7863092e+00   0.0000000e+00   0.0000000e+00
   1.3986027e+02   2.7120118e+02   1.4653425e+03   1.1594333e+03   1.7872131e+00   0.0000000e+00   0.0000000e+00
   1.4038704e+02   2.7120995e+02   1.4650179e+03   1.1595981e+03   1.7881161e+00   0.0000000e+00   0.0000000e+00
   1.4091382e+02   2.7121873e+02   1.4646935e+03   1.1597628e+03   1.7890182e+00   0.0000000e+00   0.0000000e+00
   1.4144059e+02   2.7122753e+02   1.4643691e+03   1.1599273e+03   1.7899193e+00   0.0000000e+00   0.0000000e+00
   1.4196737e+02   2.7123634e+02   1.4640449e+03   1.1600917e+03   1.7908196e+00   0.0000000e+00   0.0000000e+00
   1.4249414e+02   2.7124516e+02   1.4637208e+03   1.1602558e+03   1.7917189e+00   0.0000000e+00   0.0000000e+00
   1.4302092e+02   2.7125399e+02   1.4633968e+03   1.1604199e+03   1.7926173e+00   0.0000000e+00   0.0000000e+00
   1.4354769e+02   2.7126284e+02   1.4630730e+03   1.1605837e+03   1.7935148e+00   0.0000000e+00   0.0000000e+00
   1.4407447e+02   2.7127169e+02   1.4627492e+03   1.1607474e+03   1.7944113e+00   0.0000000e+00   0.0000000e+00
   1.4460124e+02   2.7128056e+02   1.4624256e+03   1.1609109e+03   1.7953069e+00   0.0000000e+00   0.0000000e+00
   1.4512802e+02   2.7128944e+02   1.4621020e+03   1.1610743e+03   1.7962015e+00   0.0000000e+00   0.0000000e+00
   1.4565479e+02   2.7129833e+02   1.4617786e+03   1.1612375e+03   1.7970951e+00   0.0000000e+00   0.0000000e+00
   1.4618157e+02   2.7130724e+02   1.4614554e+03   1.1614005e+03   1.7979878e+00   0.0000000e+00   0.0000000e+00
   1.4670835e+02   2.7131615e+02   1.4611322e+03   1.1615634e+03   1.7988796e+00   0.0000000e+00   0.0000000e+00
   1.4723512e+02   2.7132508e+02   1.4608091e+03   1.1617261e+03   1.7997703e+00   0.0000000e+00   0.0000000e+00
   1.4776190e+02   2.7133402e+02   1.4604862e+03   1.1618886e+03   1.8006601e+00   0.0000000e+00   0.0000000e+00
   1.4828867e+02   2.7134297e+02   1.4601634e+03   1.1620510e+03   1.8015489e+00   0.0000000e+00   0.0000000e+00
   1.4881545e+02   2.7135193e+02   1.4598406e+03   1.1622133e+03   1.8024367e+00   0.0000000e+00   0.0000000e+00
   1.4934222e+02   2.7136090e+02   1.4595180e+03   1.1623753e+03   1.8033235e+00   0.0000000e+00   0.0000000e+00
   1.4986900e+02   2.7136988e+02   1.4591956e+03   1.1625372e+03   1.8042093e+00   0.0000000e+00   0.0000000e+00
   1.5039577e+02   2.7137888e+02   1.4588732e+03   1.1626990e+03   1.8050941e+00   0.0000000e+00   0.0000000e+00
   1.5092255e+02   2.7138789e+02   1.4585510e+03   1.1628606e+03   1.8059778e+00   0.0000000e+00   0.0000000e+00
   1.5144932e+02   2.7139690e+02   1.4582288e+03   1.1630220e+03   1.8068606e+00   0.0000000e+00   0.0000000e+00
   1.5197610e+02   2.7140593e+02   1.4579068e+03   1.1631833e+03   1.8077424e+00   0.0000000e+00   0.0000000e+00
   1.5250288e+02   2.7141497e+02   1.4575849e+03   1.1633444e+03   1.8086232e+00   0.0000000e+00   0.0000000e+00
   1.5302965e+02   2.7142402e+02   1.4572631e+03   1.1635054e+03   1.8095030e+00   0.0000000e+00   0.0000000e+00
   1.5355643e+02   2.7143309e+02   1.4569414e+03   1.1636662e+03   1.8103818e+00   0.0000000e+00   0.0000000e+00
   1.5408320e+02   2.7144216e+02   1.4566199e+03   1.1638269e+03   1.8112596e+00   0.0000000e+00   0.0000000e+00
   1.5460998e+02   2.7145124e+02   1.4562984e+03   1.1639874e+03   1.8121364e+00   0.0000000e+00   0.0000000e+00
   1.5513675e+02   2.7146034e+02   1.4559771e+03   1.1641477e+03   1.8130122e+00   0.0000000e+00   0.0000000e+00
   1.5566353e+02   2.7146945e+02   1.4556559e+03   1.1643079e+03   1.8138871e+00   0.0000000e+00   0.0000000e+00
   1.5619030e+02   2.7147856e+02   1.4553348e+03   1.1644679e+03   1.8147610e+00   0.0000000e+00   0.0000000e+00
   1.5671708e+02   2.7148769e+02   1.4550138e+03   1.1646278e+03   1.8156339e+00   0.0000000e+00   0.0000000e+00
   1.5724385e+02   2.7149683e+02   1.4546929e+03   1.1647875e+03   1.8165058e+00   0.0000000e+00   0.0000000e+00
   1.5777063e+02   2.7150598e+02   1.4543721e+03   1.1649471e+03   1.8173768e+00   0.0000000e+00   0.0000000e+00
   1.5829741e+02   2.7151514e+02   1.4540515e+03   1.1651065e+03   1.8182468e+00   0.0000000e+00   0.0000000e+00
   1.5882418e+02   2.7152431e+02   1.4537310e+03   1.1652658e+03   1.8191159e+00   0.0000000e+00   0.0000000e+00
   1.5935096e+02   2.7153349e+02   1.4534106e+03   1.1654249e+03   1.8199840e+00   0.0000000e+00   0.0000000e+00
   1.5987773e+02   2.7154268e+02   1.4530902e+03   1.1655838e+03   1.8208511e+00   0.0000000e+00   0.0000000e+00
   1.6040451e+02   2.7155188e+02   1.4527701e+03   1.1657426e+03   1.8217173e+00   0.0000000e+00   0.0000000e+00
   1.6093128e+02   2.7156109e+02   1.4524500e+03   1.1659013e+03   1.8225826e+00   0.0000000e+00   0.0000000e+00
   1.6145806e+02   2.7157031e+02   1.4521300e+03   1.1660598e+03   1.8234469e+00   0.0000000e+00   0.0000000e+00
   1.6198483e+02   2.7157955e+02   1.4518102e+03   1.1662182e+03   1.8243103e+00   0.0000000e+00   0.0000000e+00
   1.6251161e+02   2.7158879e+02   1.4514904e+03   1.1663764e+03   1.8251727e+00   0.0000000e+00   0.0000000e+00
   1.6303838e+02   2.7159804e+02   1.4511708e+03   1.1665344e+03   1.8260343e+00   0.0000000e+00   0.0000000e+00
   1.6356516e+02   2.7160731e+02   1.4508513e+03   1.1666924e+03   1.8268949e+00   0.0000000e+00   0.0000000e+00
   1.6409194e+02   2.7161658e+02   1.4505319e+03   1.1668501e+03   1.8277546e+00   0.0000000e+00   0.0000000e+00
   1.6461871e+02   2.7162587e+02   1.4502126e+03   1.1670077e+03   1.8286134e+00   0.0000000e+00   0.0000000e+00
   1.6514549e+02   2.7163516e+02   1.4498934e+03   1.1671652e+03   1.8294713e+00   0.0000000e+00   0.0000000e+00
   1.6567226e+02   2.7164446e+02   1.4495744e+03   1.1673225e+03   1.8303283e+00   0.0000000e+00   0.0000000e+00
   1.6619904e+02   2.7165378e+02   1.4492554e+03   1.1674797e+03   1.8311844e+00   0.0000000e+00   0.0000000e+00
   1.6672581e+02   2.7166310e+02   1.4489366e+03   1.1676367e+03   1.8320396e+00   0.0000000e+00   0.0000000e+00
   1.6725259e+02   2.7167244e+02   1.4486179e+03   1.1677936e+03   1.8328939e+00   0.0000000e+00   0.0000000e+00
   1.6777936e+02   2.7168178e+02   1.4482993e+03   1.1679503e+03   1.8337473e+00   0.0000000e+00   0.0000000e+00
   1.6830614e+02   2.7169114e+02   1.4479808e+03   1.1681069e+03   1.8345999e+00   0.0000000e+00   0.0000000e+00
   1.6883291e+02   2.7170050e+02   1.4476624e+03   1.1682634e+03   1.8354516e+00   0.0000000e+00   0.0000000e+00
   1.6935969e+02   2.7170988e+02   1.4473441e+03   1.1684197e+03   1.8363024e+00   0.0000000e+00   0.0000000e+00
   1.6988647e+02   2.7171926e+02   1.4470260e+03   1.1685758e+03   1.8371524e+00   0.0000000e+00   0.0000000e+00
   1.7041324e+02   2.7172865e+02   1.4467079e+03   1.1687319e+03   1.8380015e+00   0.0000000e+00   0.0000000e+00
   1.7094002e+02   2.7173806e+02   1.4463900e+03   1.1688877e+03   1.8388498e+00   0.0000000e+00   0.0000000e+00
   1.7146679e+02   2.7174747e+02   1.4460722e+03   1.1690434e+03   1.8396972e+00   0.0000000e+00   0.0000000e+00
   1.7199357e+02   2.7175689e+02   1.4457545e+03   1.1691990e+03   1.8405438e+00   0.0000000e+00   0.0000000e+00
   1.7252034e+02   2.7176632e+02   1.4454369e+03   1.1693545e+03   1.8413895e+00   0.0000000e+00   0.0000000e+00
   1.7304712e+02   2.7177577e+02   1.4451194e+03   1.1695098e+03   1.8422344e+00   0.0000000e+00   0.0000000e+00
   1.7357389e+02   2.7178522e+02   1.4448020e+03   1.1696649e+03   1.8430785e+00   0.0000000e+00   0.0000000e+00
   1.7410067e+02   2.7179468e+02   1.4444848e+03   1.1698199e+03   1.8439216e+00   0.0000000e+00   0.0000000e+00
   1.7462744e+02   2.7180415e+02   1.4441676e+03   1.1699748e+03   1.8447640e+00   0.0000000e+00   0.0000000e+00
   1.7515422e+02   2.7181363e+02   1.4438506e+03   1.1701295e+03   1.8456055e+00   0.0000000e+00   0.0000000e+00
   1.7568100e+02   2.7182312e+02   1.4435337e+03   1.1702841e+03   1.8464461e+00   0.0000000e+00   0.0000000e+00
   1.7620777e+02   2.7183262e+02   1.4432169e+03   1.1704386e+03   1.8472859e+00   0.0000000e+00   0.0000000e+00
   1.7673455e+02   2.7184212e+02   1.4429002e+03   1.1705929e+03   1.8481248e+00   0.0000000e+00   0.0000000e+00
   1.7726132e+02   2.7185164e+02   1.4425836e+03   1.1707471e+03   1.8489630e+00   0.0000000e+00   0.0000000e+00
   1.7778810e+02   2.7186117e+02   1.4422671e+03   1.1709011e+03   1.8498002e+00   0.0000000e+00   0.0000000e+00
   1.7831487e+02   2.7187071e+02   1.4419507e+03   1.1710550e+03   1.8506366e+00   0.0000000e+00   0.0000000e+00
   1.7884165e+02   2.7188025e+02   1.4416345e+03   1.1712087e+03   1.8514722e+00   0.0000000e+00   0.0000000e+00
   1.7936842e+02   2.7188980e+02   1.4413183e+03   1.1713624e+03   1.8523069e+00   0.0000000e+00   0.0000000e+00
   1.7989520e+02   2.7189937e+02   1.4410023e+03   1.1715158e+03   1.8531408e+00   0.0000000e+00   0.0000000e+00
   1.8042197e+02   2.7190894e+02   1.4406864e+03   1.1716692e+03   1.8539738e+00   0.0000000e+00   0.0000000e+00
   1.8094875e+02   2.7191852e+02   1.4403706e+03   1.1718224e+03   1.8548060e+00   0.0000000e+00   0.0000000e+00
   1.8147553e+02   2.7192811e+02   1.4400549e+03   1.1719754e+03   1.8556374e+00   0.0000000e+00   0.0000000e+00
   1.8200230e+02   2.7193771e+02   1.4397393e+03   1.1721284e+03   1.8564679e+00   0.0000000e+00   0.0000000e+00
   1.8252908e+02   2.7194732e+02   1.4394238e+03   1.1722811e+03   1.8572975e+00   0.0000000e+00   0.0000000e+00
   1.8305585e+02   2.7195694e+02   1.4391084e+03   1.1724338e+03   1.8581264e+00   0.0000000e+00   0.0000000e+00
   1.8358263e+02   2.7196657e+02   1.4387932e+03   1.1725863e+03   1.8589544e+00   0.0000000e+00   0.0000000e+00
   1.8410940e+02   2.7197620e+02   1.4384780e+03   1.1727387e+03   1.8597815e+00   0.0000000e+00   0.0000000e+00
   1.8463618e+02   2.7198585e+02   1.4381630e+03   1.1728909e+03   1.8606079e+00   0.0000000e+00   0.0000000e+00
   1.8516295e+02   2.7199550e+02   1.4378481e+03   1.1730430e+03   1.8614334e+00   0.0000000e+00   0.0000000e+00
   1.8568973e+02   2.7200516e+02   1.4375332e+03   1.1731950e+03   1.8622580e+00   0.0000000e+00   0.0000000e+00
   1.8621650e+02   2.7201483e+02   1.4372185e+03   1.1733468e+03   1.8630819e+00   0.0000000e+00   0.0000000e+00
   1.8674328e+02   2.7202451e+02   1.4369039e+03   1.1734985e+03   1.8639049e+00   0.0000000e+00   0.0000000e+00
   1.8727006e+02   2.7203420e+02   1.4365894e+03   1.1736501e+03   1.8647271e+00   0.0000000e+00   0.0000000e+00
   1.8779683e+02   2.7204390e+02   1.4362751e+03   1.1738016e+03   1.8655484e+00   0.0000000e+00   0.0000000e+00
   1.8832361e+02   2.7205361e+02   1.4359608e+03   1.1739529e+03   1.8663690e+00   0.0000000e+00   0.0000000e+00
   1.8885038e+02   2.7206332e+02   1.4356466e+03   1.1741040e+03   1.8671887e+00   0.0000000e+00   0.0000000e+00
   1.8937716e+02   2.7207304e+02   1.4353326e+03   1.1742551e+03   1.8680076e+00   0.0000000e+00   0.0000000e+00
   1.8990393e+02   2.7208277e+02   1.4350187e+03   1.1744060e+03   1.8688256e+00   0.0000000e+00   0.0000000e+00
   1.9043071e+02   2.7209251e+02   1.4347048e+03   1.1745567e+03   1.8696429e+00   0.0000000e+00   0.0000000e+00
   1.9095748e+02   2.7210226e+02   1.4343911e+03   1.1747074e+03   1.8704593e+00   0.0000000e+00   0.0000000e+00
   1.9148426e+02   2.7211202e+02   1.4340775e+03   1.1748579e+03   1.8712750e+00   0.0000000e+00   0.0000000e+00
   1.9201103e+02   2.7212179e+02   1.4337640e+03   1.1750083e+03   1.8720898e+00   0.0000000e+00   0.0000000e+00
   1.9253781e+02   2.7213156e+02   1.4334506e+03   1.1751585e+03   1.8729038e+00   0.0000000e+00   0.0000000e+00
   1.9306458e+02   2.7214134e+02   1.4331373e+03   1.1753086e+03   1.8737170e+00   0.0000000e+00   0.0000000e+00
   1.9359136e+02   2.7215113e+02   1.4328242e+03   1.1754586e+03   1.8745295e+00   0.0000000e+00   0.0000000e+00
   1.9411814e+02   2.7216093e+02   1.4325111e+03   1.1756084e+03   1.8753411e+00   0.0000000e+00   0.0000000e+00
   1.9464491e+02   2.7217074e+02   1.4321982e+03   1.1757582e+03   1.8761520e+00   0.0000000e+00   0.0000000e+00
   1.9517169e+02   2.7218055e+02   1.4318853e+03   1.1759078e+03   1.8769621e+00   0.0000000e+00   0.0000000e+00
   1.9569846e+02   2.7219038e+02   1.4315726e+03   1.1760572e+03   1.8777714e+00   0.0000000e+00   0.0000000e+00
   1.9622524e+02   2.7220021e+02   1.4312600e+03   1.1762066e+03   1.8785799e+00   0.0000000e+00   0.0000000e+00
   1.9675201e+02   2.7221005e+02   1.4309475e+03   1.1763558e+03   1.8793877e+00   0.0000000e+00   0.0000000e+00
   1.9727879e+02   2.7221990e+02   1.4306350e+03   1.1765048e+03   1.8801947e+00   0.0000000e+00   0.0000000e+00
   1.9780556e+02   2.7222975e+02   1.4303227e+03   1.1766538e+03   1.8810010e+00   0.0000000e+00   0.0000000e+00
   1.9833234e+02   2.7223962e+02   1.4300106e+03   1.1768026e+03   1.8818065e+00   0.0000000e+00   0.0000000e+00
   1.9885911e+02   2.7224949e+02   1.4296985e+03   1.1769513e+03   1.8826113e+00   0.0000000e+00   0.0000000e+00
   1.9938589e+02   2.7225937e+02   1.4293865e+03   1.1770999e+03   1.8834153e+00   0.0000000e+00   0.0000000e+00
   1.9991267e+02   2.7226926e+02   1.4290746e+03   1.1772483e+03   1.8842186e+00   0.0000000e+00   0.0000000e+00
   2.0043944e+02   2.7227916e+02   1.4287629e+03   1.1773966e+03   1.8850212e+00   0.0000000e+00   0.0000000e+00
   2.0096622e+02   2.7228906e+02   1.4284512e+03   1.1775448e+03   1.8858230e+00   0.0000000e+00   0.0000000e+00
   2.0149299e+02   2.7229897e+02   1.4281397e+03   1.1776929e+03   1.8866242e+00   0.0000000e+00   0.0000000e+00
   2.0201977e+02   2.7230889e+02   1.4278283e+03   1.1778408e+03   1.8874246e+00   0.0000000e+00   0.0000000e+00
   2.0254654e+02   2.7231882e+02   1.4275170e+03   1.1779886e+03   1.8882242e+00   0.0000000e+00   0.0000000e+00
   2.0307332e+02   2.7232876e+02   1.4272057e+03   1.1781363e+03   1.8890232e+00   0.0000000e+00   0.0000000e+00
   2.0360009e+02   2.7233870e+02   1.4268946e+03   1.1782839e+03   1.8898215e+00   0.0000000e+00   0.0000000e+00
   2.0412687e+02   2.7234865e+02   1.4265836e+03   1.1784313e+03   1.8906191e+00   0.0000000e+00   0.0000000e+00
   2.0465364e+02   2.7235861e+02   1.4262727e+03   1.1785786e+03   1.8914160e+00   0.0000000e+00   0.0000000e+00
   2.0518042e+02   2.7236858e+02   1.4259620e+03   1.1787258e+03   1.8922121e+00   0.0000000e+00   0.0000000e+00
   2.0570720e+02   2.7237856e+02   1.4256513e+03   1.1788728e+03   1.8930076e+00   0.0000000e+00   0.0000000e+00
   2.0623397e+02   2.7238854e+02   1.4253407e+03   1.1790198e+03   1.8938025e+00   0.0000000e+00   0.0000000e+00
   2.0676075e+02   2.7239853e+02   1.4250303e+03   1.1791666e+03   1.8945966e+00   0.0000000e+00   0.0000000e+00
   2.0728752e+02   2.7240853e+02   1.4247199e+03   1.1793133e+03   1.8953901e+00   0.0000000e+00   0.0000000e+00
   2.0781430e+02   2.7241853e+02   1.4244097e+03   1.1794599e+03   1.8961829e+00   0.0000000e+00   0.0000000e+00
   2.0834107e+02   2.7242855e+02   1.4240995e+03   1.1796063e+03   1.8969750e+00   0.0000000e+00   0.0000000e+00
   2.0886785e+02   2.7243857e+02   1.4237895e+03   1.1797526e+03   1.8977665e+00   0.0000000e+00   0.0000000e+00
   2.0939462e+02   2.7244859e+02   1.4234796e+03   1.1798988e+03   1.8985573e+00   0.0000000e+00   0.0000000e+00
   2.0992140e+02   2.7245863e+02   1.4231698e+03   1.1800449e+03   1.8993475e+00   0.0000000e+00   0.0000000e+00
   2.1044817e+02   2.7246867e+02   1.4228601e+03   1.1801909e+03   1.9001371e+00   0.0000000e+00   0.0000000e+00
   2.1097495e+02   2.7247872e+02   1.4225505e+03   1.1803367e+03   1.9009260e+00   0.0000000e+00   0.0000000e+00
   2.1150173e+02   2.7248878e+02   1.4222410e+03   1.1804824e+03   1.9017142e+00   0.0000000e+00   0.0000000e+00
   2.1202850e+02   2.7249885e+02   1.4219316e+03   1.1806281e+03   1.9025019e+00   0.0000000e+00   0.0000000e+00
   2.1255528e+02   2.7250892e+02   1.4216223e+03   1.1807735e+03   1.9032889e+00   0.0000000e+00   0.0000000e+00
   2.1308205e+02   2.7251900e+02   1.4213131e+03   1.1809189e+03   1.9040752e+00   0.0000000e+00   0.0000000e+00
   2.1360883e+02   2.7252909e+02   1.4210041e+03   1.1810641e+03   1.9048610e+00   0.0000000e+00   0.0000000e+00
   2.1413560e+02   2.7253918e+02   1.4206951e+03   1.1812093e+03   1.9056461e+00   0.0000000e+00   0.0000000e+00
   2.1466238e+02   2.7254928e+02   1.4203863e+03   1.1813543e+03   1.9064306e+00   0.0000000e+00   0.0000000e+00
   2.1518915e+02   2.7255939e+02   1.4200775e+03   1.1814991e+03   1.9072146e+00   0.0000000e+00   0.0000000e+00
   2.1571593e+02   2.7256951e+02   1.4197689e+03   1.1816439e+03   1.9079979e+00   0.0000000e+00   0.0000000e+00
   2.1571593e+02   2.7256951e+02   1.4197689e+03   3.4997686e+03   7.9198059e+00   4.5201971e+00   2.2121637e+12
   2.6539506e+02   2.8594607e+02   1.4099436e+03   3.4997686e+03   7.8429741e+00   4.4725369e+00   5.8588549e+11
   3.1477054e+02   2.9923832e+02   1.4001183e+03   3.4745605e+03   7.9562125e+00   4.5389659e+00   1.7592869e+11
   3.6348948e+02   3.1244638e+02   1.3902929e+03   3.5132482e+03   7.9553481e+00   4.5369357e+00   5.8833649e+10
   4.1245444e+02   3.2557038e+02   1.3804676e+03   3.5136180e+03   7.9544028e+00   4.5348504e+00   2.1654706e+10
   4.6111770e+02   3.3861045e+02   1.3706423e+03   3.5139768e+03   7.9533293e+00   4.5326966e+00   8.6577337e+09
   5.0947951e+02   3.5156671e+02   1.3608170e+03   3.5143092e+03   7.9521714e+00   4.5305023e+00   3.7230456e+09
   5.5753992e+02   3.6443931e+02   1.3509916e+03   3.5146230e+03   7.9509473e+00   4.5282742e+00   1.7076798e+09
   6.0529913e+02   3.7722839e+02   1.3411663e+03   3.5149227e+03   7.9496309e+00   4.5259995e+00   8.2953532e+08
   6.5275740e+02   3.8993408e+02   1.3313410e+03   3.5152020e+03   7.9482403e+00   4.5236890e+00   4.2415997e+08
   6.9991497e+02   4.0255654e+02   1.3215157e+03   3.5154655e+03   7.9467953e+00   4.5213558e+00   2.2709154e+08
   7.4677213e+02   4.1509593e+02   1.3116904e+03   3.5157164e+03   7.9453126e+00   4.5190053e+00   1.2672511e+08
   7.9332927e+02   4.2755240e+02   1.3018650e+03   3.5159569e+03   7.9437537e+00   4.5166204e+00   7.3414835e+07
   8.3958682e+02   4.3992610e+02   1.2920397e+03   3.5161811e+03   7.9421639e+00   4.5142230e+00   4.3999606e+07
   8.8554515e+02   4.5221722e+02   1.2822144e+03   3.5163964e+03   7.9405441e+00   4.5118157e+00   2.7197233e+07
   9.3120479e+02   4.6442592e+02   1.2723891e+03   3.5166040e+03   7.9388853e+00   4.5093940e+00   1.7291592e+07
   9.7656627e+02   4.7655239e+02   1.2625638e+03   3.5168011e+03   7.9371838e+00   4.5069563e+00   1.1280719e+07
   1.0216301e+03   4.8859680e+02   1.2527384e+03   3.5169872e+03   7.9354755e+00   4.5045188e+00   7.5353369e+06
   1.0663969e+03   5.0055934e+02   1.2429131e+03   3.5171695e+03   7.9337439e+00   4.5020767e+00   5.1440488e+06
   1.1108674e+03   5.1244021e+02   1.2330878e+03   3.5173444e+03   7.9319712e+00   4.4996208e+00   3.5826402e+06
   1.1550421e+03   5.2423962e+02   1.2232625e+03   3.5175090e+03   7.9301951e+00   4.4971685e+00   2.5417442e+06
   1.1989218e+03   5.3595776e+02   1.2134372e+03   3.5176697e+03   7.9284133e+00   4.4947191e+00   1.8343918e+06
   1.2425073e+03   5.4759487e+02   1.2036118e+03   3.5178270e+03   7.9265965e+00   4.4922601e+00   1.3450648e+06
   1.2857992e+03   5.5915115e+02   1.1937865e+03   3.5179741e+03   7.9247760e+00   4.4898065e+00   1.0009118e+06
   1.3287985e+03   5.7062684e+02   1.1839612e+03   3.5181182e+03   7.9229601e+00   4.4873603e+00   7.5510218e+05
   1.3715060e+03   5.8202217e+02   1.1741359e+03   3.5182593e+03   7.9211187e+00   4.4849093e+00   5.7699108e+05
   1.4139225e+03   5.9333740e+02   1.1643106e+03   3.5183936e+03   7.9192727e+00   4.4824651e+00   4.4618791e+05
   1.4560491e+03   6.0457277e+02   1.1544852e+03   3.5185237e+03   7.9174330e+00   4.4800294e+00   3.4891170e+05
   1.4978866e+03   6.1572855e+02   1.1446599e+03   3.5186525e+03   7.9155775e+00   4.4775940e+00   2.7571128e+05
   1.5394362e+03   6.2680501e+02   1.1348346e+03   3.5187750e+03   7.9137249e+00   4.4751678e+00   2.2001515e+05
   1.5806988e+03   6.3780243e+02   1.1250093e+03   3.5188955e+03   7.9118712e+00   4.4727489e+00   1.7719455e+05
   1.6216757e+03   6.4872110e+02   1.1151840e+03   3.5190124e+03   7.9100142e+00   4.4703353e+00   1.4394917e+05
   1.6623678e+03   6.5956133e+02   1.1053586e+03   3.5191259e+03   7.9081663e+00   4.4679340e+00   1.1789870e+05
   1.7027765e+03   6.7032342e+02   1.0955333e+03   3.5192376e+03   7.9063048e+00   4.4655357e+00   9.7307573e+04
   1.7429030e+03   6.8100770e+02   1.0857080e+03   3.5193447e+03   7.9044569e+00   4.4631500e+00   8.0897316e+04
   1.7827486e+03   6.9161450e+02   1.0758827e+03   3.5194512e+03   7.9026128e+00   4.4607753e+00   6.7716935e+04
   1.8223146e+03   7.0214418e+02   1.0660574e+03   3.5195549e+03   7.9007558e+00   4.4584039e+00   5.7052497e+04
   1.8616025e+03   7.1259708e+02   1.0562320e+03   3.5196536e+03   7.8989264e+00   4.4560504e+00   4.8363319e+04
   1.9006137e+03   7.2297360e+02   1.0464067e+03   3.5197547e+03   7.8970845e+00   4.4537019e+00   4.1236518e+04
   1.9393497e+03   7.3327411e+02   1.0365814e+03   3.5198499e+03   7.8952504e+00   4.4513652e+00   3.5354301e+04
   1.9778122e+03   7.4349902e+02   1.0267561e+03   3.5199442e+03   7.8934300e+00   4.4490430e+00   3.0470216e+04
   2.0160028e+03   7.5364874e+02   1.0169308e+03   3.5200382e+03   7.8916026e+00   4.4467261e+00   2.6391769e+04
   2.0539233e+03   7.6372372e+02   1.0071054e+03   3.5201283e+03   7.8897984e+00   4.4444276e+00   2.2967577e+04
   2.0915753e+03   7.7372440e+02   9.9728011e+02   3.5202192e+03   7.8879882e+00   4.4421346e+00   2.0077809e+04
   2.1289609e+03   7.8365126e+02   9.8745479e+02   3.5203065e+03   7.8861869e+00   4.4398559e+00   1.7627022e+04
   2.1660819e+03   7.9350478e+02   9.7762947e+02   3.5203923e+03   7.8843936e+00   4.4375885e+00   1.5538739e+04
   2.2029404e+03   8.0328547e+02   9.6780415e+02   3.5204769e+03   7.8826091e+00   4.4353329e+00   1.3751332e+04
   2.2395385e+03   8.1299387e+02   9.5797883e+02   3.5205603e+03   7.8808367e+00   4.4330917e+00   1.2214870e+04
   2.2758784e+03   8.2263052e+02   9.4815351e+02   3.5206436e+03   7.8790684e+00   4.4308609e+00   1.0888685e+04
   2.3119624e+03   8.3219600e+02   9.3832819e+02   3.5207244e+03   7.8773131e+00   4.4286455e+00   9.7394863e+03
   2.3477930e+03   8.4169091e+02   9.2850287e+02   3.5208053e+03   7.8755546e+00   4.4264365e+00   8.7398945e+03
   2.3833726e+03   8.5111588e+02   9.1867755e+02   3.5208824e+03   7.8738203e+00   4.4242456e+00   7.8672851e+03
   2.4187039e+03   8.6047155e+02   9.0885222e+02   3.5209612e+03   7.8720773e+00   4.4220621e+00   7.1028804e+03
   2.4537896e+03   8.6975861e+02   8.9902690e+02   3.5210359e+03   7.8703656e+00   4.4198975e+00   6.4310295e+03
   2.4886325e+03   8.7897777e+02   8.8920158e+02   3.5211145e+03   7.8686431e+00   4.4177389e+00   5.8386338e+03
   2.5232358e+03   8.8812977e+02   8.7937626e+02   3.5211871e+03   7.8669439e+00   4.4155976e+00   5.3146875e+03
   2.5576023e+03   8.9721539e+02   8.6955094e+02   3.5212625e+03   7.8652460e+00   4.4134659e+00   4.8499080e+03
   2.5917356e+03   9.0623543e+02   8.5972562e+02   3.5213352e+03   7.8635617e+00   4.4113480e+00   4.4364376e+03
   2.6256389e+03   9.1519075e+02   8.4990030e+02   3.5214082e+03   7.8618873e+00   4.4092428e+00   4.0676013e+03
   2.6593160e+03   9.2408224e+02   8.4007498e+02   3.5214806e+03   7.8602191e+00   4.4071484e+00   3.7377092e+03
   2.6927704e+03   9.3291082e+02   8.3024966e+02   3.5215510e+03   7.8585680e+00   4.4050678e+00   3.4418956e+03
   2.7260063e+03   9.4167747e+02   8.2042434e+02   3.5216227e+03   7.8569161e+00   4.4029976e+00   3.1759860e+03
   2.7590276e+03   9.5038322e+02   8.1059902e+02   3.5216916e+03   7.8552829e+00   4.4009413e+00   2.9363882e+03
   2.7918388e+03   9.5902913e+02   8.0077370e+02   3.5217623e+03   7.8536517e+00   4.3988949e+00   2.7200018e+03
   2.8244444e+03   9.6761634e+02   7.9094838e+02   3.5218303e+03   7.8520375e+00   4.3968614e+00   2.5241434e+03
   2.8568492e+03   9.7614602e+02   7.8112306e+02   3.5218991e+03   7.8504274e+00   4.3948386e+00   2.3464836e+03
   2.8890582e+03   9.8461943e+02   7.7129774e+02   3.5219672e+03   7.8488284e+00   4.3928278e+00   2.1849956e+03
   2.9210767e+03   9.9303786e+02   7.6147242e+02   3.5220352e+03   7.8472421e+00   4.3908280e+00   2.0379106e+03
   2.9529103e+03   1.0014027e+03   7.5164710e+02   3.5221028e+03   7.8456602e+00   4.3888386e+00   1.9036814e+03
   2.9845647e+03   1.0097154e+03   7.4182178e+02   3.5221699e+03   7.8440946e+00   4.3868611e+00   1.7809514e+03
   3.0160463e+03   1.0179774e+03   7.3199645e+02   3.5222374e+03   7.8425282e+00   4.3848913e+00   1.6685283e+03
   3.0473615e+03   1.0261905e+03   7.2217113e+02   3.5223033e+03   7.8409829e+00   4.3829361e+00   1.5653614e+03
   3.0785171e+03   1.0343562e+03   7.1234581e+02   3.5223714e+03   7.8394323e+00   4.3809854e+00   1.4705233e+03
   3.1095205e+03   1.0424764e+03   7.0252049e+02   3.5224364e+03   7.8379077e+00   4.3790493e+00   1.3831932e+03
   3.1403792e+03   1.0505530e+03   6.9269517e+02   3.5225057e+03   7.8363716e+00   4.3771163e+00   1.3026433e+03
   3.1711015e+03   1.0585879e+03   6.8286985e+02   3.5225695e+03   7.8348654e+00   4.3751986e+00   1.2282272e+03
   3.2016957e+03   1.0665834e+03   6.7304453e+02   3.5226383e+03   7.8333431e+00   4.3732807e+00   1.1593689e+03
   3.2321711e+03   1.0745416e+03   6.6321921e+02   3.5227028e+03   7.8318486e+00   4.3713782e+00   1.0955551e+03
   3.2625373e+03   1.0824649e+03   6.5339389e+02   3.5227712e+03   7.8303437e+00   4.3694766e+00   1.0363267e+03
   3.2928043e+03   1.0903558e+03   6.4356857e+02   3.5228362e+03   7.8288604e+00   4.3675864e+00   9.8127270e+02
   3.3229832e+03   1.0982171e+03   6.3374325e+02   3.5229050e+03   7.8273724e+00   4.3656992e+00   9.3002453e+02
   3.3530854e+03   1.1060516e+03   6.2391793e+02   3.5229708e+03   7.8258994e+00   4.3638195e+00   8.8225096e+02
   3.3831231e+03   1.1138623e+03   6.1409261e+02   3.5230388e+03   7.8244266e+00   4.3619433e+00   8.3765379e+02
   3.4131094e+03   1.1216525e+03   6.0426729e+02   3.5231061e+03   7.8229598e+00   4.3600708e+00   7.9596422e+02
   3.4430581e+03   1.1294256e+03   5.9444197e+02   3.5231748e+03   7.8214996e+00   4.3582035e+00   7.5693945e+02
   3.4729842e+03   1.1371852e+03   5.8461665e+02   3.5232439e+03   7.8200376e+00   4.3563353e+00   7.2035986e+02
   3.5029034e+03   1.1449354e+03   5.7479133e+02   3.5233124e+03   7.8185835e+00   4.3544711e+00   6.8602645e+02
   3.5328326e+03   1.1526803e+03   5.6496600e+02   3.5233825e+03   7.8171293e+00   4.3526055e+00   6.5375865e+02
   3.5627900e+03   1.1604244e+03   5.5514068e+02   3.5234527e+03   7.8156770e+00   4.3507401e+00   6.2339237e+02
   3.5927949e+03   1.1681725e+03   5.4531536e+02   3.5235231e+03   7.8142293e+00   4.3488735e+00   5.9477822e+02
   3.6228682e+03   1.1759299e+03   5.3549004e+02   3.5235953e+03   7.8127745e+00   4.3470027e+00   5.6778004e+02
   3.6530323e+03   1.1837020e+03   5.2566472e+02   3.5236667e+03   7.8113304e+00   4.3451310e+00   5.4227354e+02
   3.6833111e+03   1.1914949e+03   5.1583940e+02   3.5237418e+03   7.8098676e+00   4.3432484e+00   5.1814507e+02
   3.7137307e+03   1.1993151e+03   5.0601408e+02   3.5238139e+03   7.8084231e+00   4.3413648e+00   4.9529059e+02
   3.7443189e+03   1.2071694e+03   4.9618876e+02   3.5238916e+03   7.8069519e+00   4.3394656e+00   4.7361472e+02
   3.7751059e+03   1.2150655e+03   4.8636344e+02   3.5239661e+03   7.8054990e+00   4.3375634e+00   4.5302988e+02
   3.8061243e+03   1.2230115e+03   4.7653812e+02   3.5240472e+03   7.8040152e+00   4.3356407e+00   4.3345556e+02
   3.8374096e+03   1.2310161e+03   4.6671280e+02   3.5241239e+03   7.8025433e+00   4.3337099e+00   4.1481763e+02
   3.8690000e+03   1.2390891e+03   4.5688748e+02   3.5242069e+03   7.8010446e+00   4.3317569e+00   3.9704777e+02
   3.9009374e+03   1.2472409e+03   4.4706216e+02   3.5242875e+03   7.7995489e+00   4.3297887e+00   3.8008290e+02
   3.9009374e+03   1.2472409e+03   4.4706216e+02   8.0000000e+03   5.9990331e+00   3.2461877e+00   1.0000000e+04
   4.2719581e+03   1.2486267e+03   3.9738859e+02   8.0106702e+03   5.9950364e+00   3.2440250e+00   1.0000000e+04
   4.5922930e+03   1.2500125e+03   3.4771501e+02   8.0205055e+03   6.0208838e+00   3.2562726e+00   1.0000000e+04
   4.8583686e+03   1.2513984e+03   2.9804144e+02   8.0297302e+03   6.0427847e+00   3.2666370e+00   1.0000000e+04
   5.0642452e+03   1.2527842e+03   2.4836787e+02   8.0385246e+03   6.0604509e+00   3.2749722e+00   1.0000000e+04
   5.1989859e+03   1.2541700e+03   1.9869429e+02   8.0470519e+03   6.0734083e+00   3.2810434e+00   1.0000000e+04
   5.2396497e+03   1.2555558e+03   1.4902072e+02   8.0554906e+03   6.0807800e+00   3.2844210e+00   1.0000000e+04
   5.1282155e+03   1.2569416e+03   9.9347146e+01   8.0641121e+03   6.0807083e+00   3.2842006e+00   1.0000000e+04
   4.6644049e+03   1.2583275e+03   4.9673573e+01   8.0736301e+03   6.0684105e+00   3.2780564e+00   1.0000000e+04
   2.4926440e+03   1.2597133e+03   0.0000000e+00   8.0916924e+03   6.0252763e+00   3.2568433e+00   1.0000000e+04
