   0.0000000e+00   1.0200000e+02   1.5610000e+03   9.3210971e+02   3.9792509e+00   1.9652120e+00   7.2886017e+03
   8.3088441e-01   1.1636782e+02   1.5603217e+03   9.3210971e+02   3.9802571e+00   1.9657089e+00   1.7028152e+03
   1.6617688e+00   1.3275950e+02   1.5596438e+03   9.3206344e+02   3.9817197e+00   1.9664312e+00   4.7605660e+02
   2.4926532e+00   1.5146012e+02   1.5589661e+03   9.3200566e+02   3.9838462e+00   1.9674814e+00   1.5577252e+02
   3.3235376e+00   1.7279494e+02   1.5582887e+03   9.3193524e+02   3.9869355e+00   1.9690071e+00   5.8509487e+01
   4.1544220e+00   1.9713500e+02   1.5576116e+03   9.3185090e+02   3.9913857e+00   1.9712049e+00   2.4800972e+01
   4.9853065e+00   2.2490362e+02   1.5569347e+03   9.3175126e+02   3.9976390e+00   1.9742932e+00   1.1687863e+01
   5.8161909e+00   2.5658375e+02   1.5562581e+03   9.3163479e+02   4.0059659e+00   1.9784055e+00   6.0442580e+00
   6.6470753e+00   2.5658996e+02   1.5555817e+03   9.3149978e+02   4.0057699e+00   1.9783087e+00   6.0435736e+00
   7.4779597e+00   2.5659638e+02   1.5549055e+03   9.3134437e+02   4.0055740e+00   1.9782120e+00   6.0428660e+00
   8.3088441e+00   2.5660301e+02   1.5542296e+03   9.3116652e+02   4.0053782e+00   1.9781153e+00   6.0421344e+00
   9.1397285e+00   2.5660988e+02   1.5535538e+03   9.3096397e+02   4.0051825e+00   1.9780187e+00   6.0413778e+00
   9.9706129e+00   2.5661698e+02   1.5528782e+03   9.3073429e+02   4.0049869e+00   1.9779221e+00   6.0405956e+00
   1.0801497e+01   2.5662432e+02   1.5522027e+03   9.3047483e+02   4.0047914e+00   1.9778255e+00   6.0397869e+00
   1.1632382e+01   2.5663191e+02   1.5515274e+03   9.3018272e+02   4.0045960e+00   1.9777290e+00   6.0389507e+00
   1.2463266e+01   2.5663976e+02   1.5508522e+03   9.2985492e+02   4.0044008e+00   1.9776326e+00   6.0380861e+00
   1.3294151e+01   2.5664788e+02   1.5501770e+03   9.2948818e+02   4.0042057e+00   1.9775362e+00   6.0371922e+00
   1.4125035e+01   2.5665627e+02   1.5495019e+03   9.2907911e+02   4.0040107e+00   1.9774399e+00   6.0362680e+00
   1.4955919e+01   2.5666495e+02   1.5488269e+03   9.2862424e+02   4.0038159e+00   1.9773437e+00   6.0353124e+00
   1.5786804e+01   2.5667393e+02   1.5481518e+03   9.2812005e+02   4.0036212e+00   1.9772476e+00   6.0343245e+00
   1.6617688e+01   2.5668322e+02   1.5474767e+03   9.2756310e+02   4.0034266e+00   1.9771515e+00   6.0333031e+00
   1.7448573e+01   2.5669282e+02   1.5468015e+03   9.2695013e+02   4.0032323e+00   1.9770555e+00   6.0322471e+00
   1.8279457e+01   2.5670275e+02   1.5461261e+03   9.2627827e+02   4.0030381e+00   1.9769596e+00   6.0311553e+00
   1.9110341e+01   2.5671302e+02   1.5454506e+03   9.2554519e+02   4.0028440e+00   1.9768638e+00   6.0300265e+00
   1.9941226e+01   2.5672364e+02   1.5447749e+03   9.2474937e+02   4.0026502e+00   1.9767680e+00   6.0288595e+00
   2.0772110e+01   2.5673462e+02   1.5440990e+03   9.2389035e+02   4.0024566e+00   1.9766724e+00   6.0276531e+00
   2.1602995e+01   2.5674597e+02   1.5434227e+03   9.2296903e+02   4.0022631e+00   1.9765769e+00   6.0264058e+00
   2.2433879e+01   2.5675772e+02   1.5427461e+03   9.2198795e+02   4.0020699e+00   1.9764814e+00   6.0251164e+00
   2.3264763e+01   2.7049598e+02   1.5420691e+03   9.2095157e+02   4.0057745e+00   1.9783110e+00   4.7508704e+00
   2.4095648e+01   2.7100000e+02   1.5413916e+03   9.1986644e+02   4.0057219e+00   1.9782850e+00   4.7117940e+00
   2.4095648e+01   2.7100493e+02   1.5413916e+03   1.1181479e+03   1.5760758e+00   0.0000000e+00   0.0000000e+00
   2.4647457e+01   2.7100989e+02   1.5410213e+03   1.1183700e+03   1.5771600e+00   0.0000000e+00   0.0000000e+00
   2.5199265e+01   2.7101489e+02   1.5406512e+03   1.1185917e+03   1.5782441e+00   0.0000000e+00   0.0000000e+00
   2.5751074e+01   2.7101993e+02   1.5402812e+03   1.1188131e+03   1.5793280e+00   0.0000000e+00   0.0000000e+00
   2.6302883e+01   2.7102500e+02   1.5399114e+03   1.1190342e+03   1.5804119e+00   0.0000000e+00   0.0000000e+00
   2.6854691e+01   2.7103010e+02   1.5395417e+03   1.1192550e+03   1.5814956e+00   0.0000000e+00   0.0000000e+00
   2.7406500e+01   2.7103524e+02   1.5391721e+03   1.1194755e+03   1.5825792e+00   0.0000000e+00   0.0000000e+00
   2.7958309e+01   2.7104041e+02   1.5388028e+03   1.1196957e+03   1.5836626e+00   0.0000000e+00   0.0000000e+00
   2.8510118e+01   2.7104562e+02   1.5384335e+03   1.1199156e+03   1.5847459e+00   0.0000000e+00   0.0000000e+00
   2.9061926e+01   2.7105086e+02   1.5380645e+03   1.1201352e+03   1.5858290e+00   0.0000000e+00   0.0000000e+00
   2.9613735e+01   2.7105614e+02   1.5376955e+03   1.1203545e+03   1.5869120e+00   0.0000000e+00   0.0000000e+00
   3.0165544e+01   2.7106144e+02   1.5373268e+03   1.1205735e+03   1.5879948e+00   0.0000000e+00   0.0000000e+00
   3.0717352e+01   2.7106679e+02   1.5369582e+03   1.1207922e+03   1.5890773e+00   0.0000000e+00   0.0000000e+00
   3.1269161e+01   2.7107216e+02   1.5365897e+03   1.1210106e+03   1.5901597e+00   0.0000000e+00   0.0000000e+00
   3.1820970e+01   2.7107757e+02   1.5362214e+03   1.1212287e+03   1.5912419e+00   0.0000000e+00   0.0000000e+00
   3.2372778e+01   2.7108301e+02   1.5358533e+03   1.1214465e+03   1.5923238e+00   0.0000000e+00   0.0000000e+00
   3.2924587e+01   2.7108848e+02   1.5354853e+03   1.1216641e+03   1.5934054e+00   0.0000000e+00   0.0000000e+00
   3.3476396e+01   2.7109399e+02   1.5351174e+03   1.1218813e+03   1.5944868e+00   0.0000000e+00   0.0000000e+00
   3.4028205e+01   2.7109953e+02   1.5347497e+03   1.1220982e+03   1.5955679e+00   0.0000000e+00   0.0000000e+00
   3.4580013e+01   2.7110510e+02   1.5343822e+03   1.1223149e+03   1.5966487e+00   0.0000000e+00   0.0000000e+00
   3.5131822e+01   2.7111071e+02   1.5340148e+03   1.1225312e+03   1.5977292e+00   0.0000000e+00   0.0000000e+00
   3.5683631e+01   2.7111634e+02   1.5336475e+03   1.1227473e+03   1.5988093e+00   0.0000000e+00   0.0000000e+00
   3.6235439e+01   2.7112201e+02   1.5332805e+03   1.1229630e+03   1.5998891e+00   0.0000000e+00   0.0000000e+00
   3.6787248e+01   2.7112771e+02   1.5329135e+03   1.1231785e+03   1.6009685e+00   0.0000000e+00   0.0000000e+00
   3.7339057e+01   2.7113344e+02   1.5325467e+03   1.1233937e+03   1.6020475e+00   0.0000000e+00   0.0000000e+00
   3.7890865e+01   2.7113921e+02   1.5321801e+03   1.1236086e+03   1.6031261e+00   0.0000000e+00   0.0000000e+00
   3.8442674e+01   2.7114500e+02   1.5318136e+03   1.1238232e+03   1.6042043e+00   0.0000000e+00   0.0000000e+00
   3.8994483e+01   2.7115083e+02   1.5314473e+03   1.1240375e+03   1.6052820e+00   0.0000000e+00   0.0000000e+00
   3.9546292e+01   2.7115668e+02   1.5310811e+03   1.1242516e+03   1.6063593e+00   0.0000000e+00   0.0000000e+00
   4.0098100e+01   2.7116257e+02   1.5307151e+03   1.1244653e+03   1.6074361e+00   0.0000000e+00   0.0000000e+00
   4.0649909e+01   2.7116849e+02   1.5303492e+03   1.1246788e+03   1.6085125e+00   0.0000000e+00   0.0000000e+00
   4.1201718e+01   2.7117443e+02   1.5299835e+03   1.1248920e+03   1.6095883e+00   0.0000000e+00   0.0000000e+00
   4.1753526e+01   2.7118041e+02   1.5296179e+03   1.1251048e+03   1.6106636e+00   0.0000000e+00   0.0000000e+00
   4.2305335e+01   2.7118642e+02   1.5292524e+03   1.1253175e+03   1.6117384e+00   0.0000000e+00   0.0000000e+00
   4.2857144e+01   2.7119246e+02   1.5288872e+03   1.1255298e+03   1.6128127e+00   0.0000000e+00   0.0000000e+00
   4.3408953e+01   2.7119853e+02   1.5285220e+03   1.1257418e+03   1.6138863e+00   0.0000000e+00   0.0000000e+00
   4.3960761e+01   2.7120463e+02   1.5281570e+03   1.1259536e+03   1.6149595e+00   0.0000000e+00   0.0000000e+00
   4.4512570e+01   2.7121076e+02   1.5277922e+03   1.1261651e+03   1.6160320e+00   0.0000000e+00   0.0000000e+00
   4.5064379e+01   2.7121691e+02   1.5274275e+03   1.1263763e+03   1.6171039e+00   0.0000000e+00   0.0000000e+00
   4.5616187e+01   2.7122310e+02   1.5270630e+03   1.1265872e+03   1.6181753e+00   0.0000000e+00   0.0000000e+00
   4.6167996e+01   2.7122932e+02   1.5266986e+03   1.1267978e+03   1.6192460e+00   0.0000000e+00   0.0000000e+00
   4.6719805e+01   2.7123556e+02   1.5263344e+03   1.1270082e+03   1.6203160e+00   0.0000000e+00   0.0000000e+00
   4.7271613e+01   2.7124184e+02   1.5259703e+03   1.1272183e+03   1.6213854e+00   0.0000000e+00   0.0000000e+00
   4.7823422e+01   2.7124814e+02   1.5256063e+03   1.1274281e+03   1.6224541e+00   0.0000000e+00   0.0000000e+00
   4.8375231e+01   2.7125447e+02   1.5252425e+03   1.1276376e+03   1.6235222e+00   0.0000000e+00   0.0000000e+00
   4.8927040e+01   2.7126083e+02   1.5248789e+03   1.1278468e+03   1.6245895e+00   0.0000000e+00   0.0000000e+00
   4.9478848e+01   2.7126722e+02   1.5245154e+03   1.1280558e+03   1.6256561e+00   0.0000000e+00   0.0000000e+00
   5.0030657e+01   2.7127364e+02   1.5241520e+03   1.1282645e+03   1.6267220e+00   0.0000000e+00   0.0000000e+00
   5.0582466e+01   2.7128008e+02   1.5237888e+03   1.1284729e+03   1.6277872e+00   0.0000000e+00   0.0000000e+00
   5.1134274e+01   2.7128655e+02   1.5234258e+03   1.1286811e+03   1.6288516e+00   0.0000000e+00   0.0000000e+00
   5.1686083e+01   2.7129305e+02   1.5230629e+03   1.1288890e+03   1.6299153e+00   0.0000000e+00   0.0000000e+00
   5.2237892e+01   2.7129958e+02   1.5227001e+03   1.1290966e+03   1.6309782e+00   0.0000000e+00   0.0000000e+00
   5.2789701e+01   2.7130613e+02   1.5223375e+03   1.1293039e+03   1.6320404e+00   0.0000000e+00   0.0000000e+00
   5.3341509e+01   2.7131272e+02   1.5219750e+03   1.1295110e+03   1.6331019e+00   0.0000000e+00   0.0000000e+00
   5.3893318e+01   2.7131933e+02   1.5216127e+03   1.1297178e+03   1.6341627e+00   0.0000000e+00   0.0000000e+00
   5.4445127e+01   2.7132596e+02   1.5212505e+03   1.1299243e+03   1.6352227e+00   0.0000000e+00   0.0000000e+00
   5.4996935e+01   2.7133263e+02   1.5208885e+03   1.1301306e+03   1.6362820e+00   0.0000000e+00   0.0000000e+00
   5.5548744e+01   2.7133932e+02   1.5205266e+03   1.1303366e+03   1.6373406e+00   0.0000000e+00   0.0000000e+00
   5.6100553e+01   2.7134603e+02   1.5201649e+03   1.1305423e+03   1.6383985e+00   0.0000000e+00   0.0000000e+00
   5.6652361e+01   2.7135278e+02   1.5198033e+03   1.1307477e+03   1.6394556e+00   0.0000000e+00   0.0000000e+00
   5.7204170e+01   2.7135955e+02   1.5194419e+03   1.1309529e+03   1.6405121e+00   0.0000000e+00   0.0000000e+00
   5.7755979e+01   2.7136634e+02   1.5190806e+03   1.1311579e+03   1.6415678e+00   0.0000000e+00   0.0000000e+00
   5.8307788e+01   2.7137316e+02   1.5187194e+03   1.1313625e+03   1.6426229e+00   0.0000000e+00   0.0000000e+00
   5.8859596e+01   2.7138001e+02   1.5183584e+03   1.1315669e+03   1.6436773e+00   0.0000000e+00   0.0000000e+00
   5.9411405e+01   2.7138688e+02   1.5179975e+03   1.1317710e+03   1.6447309e+00   0.0000000e+00   0.0000000e+00
   5.9963214e+01   2.7139378e+02   1.5176368e+03   1.1319749e+03   1.6457839e+00   0.0000000e+00   0.0000000e+00
   6.0515022e+01   2.7140071e+02   1.5172762e+03   1.1321785e+03   1.6468362e+00   0.0000000e+00   0.0000000e+00
   6.1066831e+01   2.7140766e+02   1.5169158e+03   1.1323819e+03   1.6478878e+00   0.0000000e+00   0.0000000e+00
   6.1618640e+01   2.7141463e+02   1.5165555e+03   1.1325850e+03   1.6489387e+00   0.0000000e+00   0.0000000e+00
   6.2170448e+01   2.7142164e+02   1.5161954e+03   1.1327878e+03   1.6499890e+00   0.0000000e+00   0.0000000e+00
   6.2722257e+01   2.7142866e+02   1.5158354e+03   1.1329903e+03   1.6510386e+00   0.0000000e+00   0.0000000e+00
   6.3274066e+01   2.7143571e+02   1.5154755e+03   1.1331927e+03   1.6520876e+00   0.0000000e+00   0.0000000e+00
   6.3825875e+01   2.7144279e+02   1.5151158e+03   1.1333947e+03   1.6531359e+00   0.0000000e+00   0.0000000e+00
   6.4377683e+01   2.7144989e+02   1.5147563e+03   1.1335965e+03   1.6541835e+00   0.0000000e+00   0.0000000e+00
   6.4929492e+01   2.7145701e+02   1.5143969e+03   1.1337980e+03   1.6552306e+00   0.0000000e+00   0.0000000e+00
   6.5481301e+01   2.7146416e+02   1.5140376e+03   1.1339993e+03   1.6562769e+00   0.0000000e+00   0.0000000e+00
   6.6033109e+01   2.7147134e+02   1.5136784e+03   1.1342003e+03   1.6573227e+00   0.0000000e+00   0.0000000e+00
   6.6584918e+01   2.7147853e+02   1.5133195e+03   1.1344011e+03   1.6583679e+00   0.0000000e+00   0.0000000e+00
   6.7136727e+01   2.7148575e+02   1.5129606e+03   1.1346016e+03   1.6594124e+00   0.0000000e+00   0.0000000e+00
   6.7688536e+01   2.7149300e+02   1.5126019e+03   1.1348019e+03   1.6604564e+00   0.0000000e+00   0.0000000e+00
   6.8240344e+01   2.7150027e+02   1.5122434e+03   1.1350019e+03   1.6614997e+00   0.0000000e+00   0.0000000e+00
   6.8792153e+01   2.7150756e+02   1.5118849e+03   1.1352016e+03   1.6625425e+00   0.0000000e+00   0.0000000e+00
   6.9343962e+01   2.7151488e+02   1.5115267e+03   1.1354011e+03   1.6635846e+00   0.0000000e+00   0.0000000e+00
   6.9895770e+01   2.7152222e+02   1.5111685e+03   1.1356004e+03   1.6646262e+00   0.0000000e+00   0.0000000e+00
   7.0447579e+01   2.7152958e+02   1.5108106e+03   1.1357994e+03   1.6656673e+00   0.0000000e+00   0.0000000e+00
   7.0999388e+01   2.7153697e+02   1.5104527e+03   1.1359982e+03   1.6667078e+00   0.0000000e+00   0.0000000e+00
   7.1551196e+01   2.7154438e+02   1.5100950e+03   1.1361967e+03   1.6677477e+00   0.0000000e+00   0.0000000e+00
   7.2103005e+01   2.7155181e+02   1.5097374e+03   1.1363949e+03   1.6687870e+00   0.0000000e+00   0.0000000e+00
   7.2654814e+01   2.7155927e+02   1.5093800e+03   1.1365929e+03   1.6698257e+00   0.0000000e+00   0.0000000e+00
   7.3206623e+01   2.7156675e+02   1.5090227e+03   1.1367907e+03   1.6708639e+00   0.0000000e+00   0.0000000e+00
   7.3758431e+01   2.7157425e+02   1.5086656e+03   1.1369882e+03   1.6719015e+00   0.0000000e+00   0.0000000e+00
   7.4310240e+01   2.7158177e+02   1.5083086e+03   1.1371855e+03   1.6729386e+00   0.0000000e+00   0.0000000e+00
   7.4862049e+01   2.7158932e+02   1.5079518e+03   1.1373825e+03   1.6739750e+00   0.0000000e+00   0.0000000e+00
   7.5413857e+01   2.7159688e+02   1.5075950e+03   1.1375793e+03   1.6750109e+00   0.0000000e+00   0.0000000e+00
   7.5965666e+01   2.7160447e+02   1.5072385e+03   1.1377759e+03   1.6760462e+00   0.0000000e+00   0.0000000e+00
   7.6517475e+01   2.7161209e+02   1.5068820e+03   1.1379722e+03   1.6770809e+00   0.0000000e+00   0.0000000e+00
   7.7069283e+01   2.7161972e+02   1.5065258e+03   1.1381682e+03   1.6781150e+00   0.0000000e+00   0.0000000e+00
   7.7621092e+01   2.7162738e+02   1.5061696e+03   1.1383640e+03   1.6791485e+00   0.0000000e+00   0.0000000e+00
   7.8172901e+01   2.7163506e+02   1.5058136e+03   1.1385596e+03   1.6801814e+00   0.0000000e+00   0.0000000e+00
   7.8724710e+01   2.7164275e+02   1.5054577e+03   1.1387549e+03   1.6812138e+00   0.0000000e+00   0.0000000e+00
   7.9276518e+01   2.7165048e+02   1.5051020e+03   1.1389500e+03   1.6822455e+00   0.0000000e+00   0.0000000e+00
   7.9828327e+01   2.7165822e+02   1.5047464e+03   1.1391449e+03   1.6832767e+00   0.0000000e+00   0.0000000e+00
   8.0380136e+01   2.7166598e+02   1.5043910e+03   1.1393395e+03   1.6843072e+00   0.0000000e+00   0.0000000e+00
   8.0931944e+01   2.7167377e+02   1.5040357e+03   1.1395339e+03   1.6853372e+00   0.0000000e+00   0.0000000e+00
   8.1483753e+01   2.7168157e+02   1.5036805e+03   1.1397281e+03   1.6863666e+00   0.0000000e+00   0.0000000e+00
   8.2035562e+01   2.7168940e+02   1.5033255e+03   1.1399220e+03   1.6873953e+00   0.0000000e+00   0.0000000e+00
   8.2587371e+01   2.7169725e+02   1.5029706e+03   1.1401156e+03   1.6884234e+00   0.0000000e+00   0.0000000e+00
   8.3139179e+01   2.7170512e+02   1.5026158e+03   1.1403091e+03   1.6894509e+00   0.0000000e+00   0.0000000e+00
   8.3690988e+01   2.7171301e+02   1.5022612e+03   1.1405023e+03   1.6904777e+00   0.0000000e+00   0.0000000e+00
   8.4242797e+01   2.7172092e+02   1.5019068e+03   1.1406953e+03   1.6915039e+00   0.0000000e+00   0.0000000e+00
   8.4794605e+01   2.7172885e+02   1.5015524e+03   1.1408880e+03   1.6925294e+00   0.0000000e+00   0.0000000e+00
   8.5346414e+01   2.7173680e+02   1.5011982e+03   1.1410805e+03   1.6935542e+00   0.0000000e+00   0.0000000e+00
   8.5898223e+01   2.7174477e+02   1.5008442e+03   1.1412728e+03   1.6945784e+00   0.0000000e+00   0.0000000e+00
   8.6450031e+01   2.7175276e+02   1.5004903e+03   1.1414648e+03   1.6956019e+00   0.0000000e+00   0.0000000e+00
   8.7001840e+01   2.7176078e+02   1.5001365e+03   1.1416567e+03   1.6966247e+00   0.0000000e+00   0.0000000e+00
   8.7553649e+01   2.7176881e+02   1.4997829e+03   1.1418482e+03   1.6976468e+00   0.0000000e+00   0.0000000e+00
   8.8105458e+01   2.7177686e+02   1.4994294e+03   1.1420396e+03   1.6986682e+00   0.0000000e+00   0.0000000e+00
   8.8657266e+01   2.7178493e+02   1.4990760e+03   1.1422307e+03   1.6996889e+00   0.0000000e+00   0.0000000e+00
   8.9209075e+01   2.7179302e+02   1.4987228e+03   1.1424216e+03   1.7007088e+00   0.0000000e+00   0.0000000e+00
   8.9760884e+01   2.7180113e+02   1.4983697e+03   1.1426123e+03   1.7017280e+00   0.0000000e+00   0.0000000e+00
   9.0312692e+01   2.7180927e+02   1.4980168e+03   1.1428028e+03   1.7027465e+00   0.0000000e+00   0.0000000e+00
   9.0864501e+01   2.7181742e+02   1.4976639e+03   1.1429930e+03   1.7037642e+00   0.0000000e+00   0.0000000e+00
   9.1416310e+01   2.7182558e+02   1.4973113e+03   1.1431830e+03   1.7047812e+00   0.0000000e+00   0.0000000e+00
   9.1968119e+01   2.7183377e+02   1.4969587e+03   1.1433727e+03   1.7057974e+00   0.0000000e+00   0.0000000e+00
   9.2519927e+01   2.7184198e+02   1.4966064e+03   1.1435623e+03   1.7068128e+00   0.0000000e+00   0.0000000e+00
   9.3071736e+01   2.7185021e+02   1.4962541e+03   1.1437516e+03   1.7078275e+00   0.0000000e+00   0.0000000e+00
   9.3623545e+01   2.7185846e+02   1.4959020e+03   1.1439407e+03   1.7088413e+00   0.0000000e+00   0.0000000e+00
   9.4175353e+01   2.7186672e+02   1.4955500e+03   1.1441296e+03   1.7098543e+00   0.0000000e+00   0.0000000e+00
   9.4727162e+01   2.7187500e+02   1.4951981e+03   1.1443182e+03   1.7108666e+00   0.0000000e+00   0.0000000e+00
   9.5278971e+01   2.7188331e+02   1.4948464e+03   1.1445066e+03   1.7118780e+00   0.0000000e+00   0.0000000e+00
   9.5830779e+01   2.7189163e+02   1.4944949e+03   1.1446948e+03   1.7128886e+00   0.0000000e+00   0.0000000e+00
   9.6382588e+01   2.7189997e+02   1.4941434e+03   1.1448828e+03   1.7138983e+00   0.0000000e+00   0.0000000e+00
   9.6934397e+01   2.7190833e+02   1.4937921e+03   1.1450706e+03   1.7149073e+00   0.0000000e+00   0.0000000e+00
   9.7486206e+01   2.7191670e+02   1.4934410e+03   1.1452581e+03   1.7159153e+00   0.0000000e+00   0.0000000e+00
   9.8038014e+01   2.7192510e+02   1.4930899e+03   1.1454454e+03   1.7169225e+00   0.0000000e+00   0.0000000e+00
   9.8589823e+01   2.7193351e+02   1.4927390e+03   1.1456325e+03   1.7179288e+00   0.0000000e+00   0.0000000e+00
   9.9141632e+01   2.7194194e+02   1.4923883e+03   1.1458194e+03   1.7189343e+00   0.0000000e+00   0.0000000e+00
   9.9693440e+01   2.7195039e+02   1.4920377e+03   1.1460061e+03   1.7199388e+00   0.0000000e+00   0.0000000e+00
   1.0024525e+02   2.7195886e+02   1.4916872e+03   1.1461925e+03   1.7209425e+00   0.0000000e+00   0.0000000e+00
   1.0079706e+02   2.7196735e+02   1.4913368e+03   1.1463788e+03   1.7219453e+00   0.0000000e+00   0.0000000e+00
   1.0134887e+02   2.7197585e+02   1.4909866e+03   1.1465648e+03   1.7229471e+00   0.0000000e+00   0.0000000e+00
   1.0190068e+02   2.7198437e+02   1.4906365e+03   1.1467506e+03   1.7239481e+00   0.0000000e+00   0.0000000e+00
   1.0245248e+02   2.7199291e+02   1.4902866e+03   1.1469362e+03   1.7249482e+00   0.0000000e+00   0.0000000e+00
   1.0300429e+02   2.7200146e+02   1.4899368e+03   1.1471215e+03   1.7259473e+00   0.0000000e+00   0.0000000e+00
   1.0355610e+02   2.7201004e+02   1.4895871e+03   1.1473067e+03   1.7269456e+00   0.0000000e+00   0.0000000e+00
   1.0410791e+02   2.7201863e+02   1.4892376e+03   1.1474916e+03   1.7279430e+00   0.0000000e+00   0.0000000e+00
   1.0465972e+02   2.7202724e+02   1.4888882e+03   1.1476764e+03   1.7289394e+00   0.0000000e+00   0.0000000e+00
   1.0521153e+02   2.7203586e+02   1.4885389e+03   1.1478609e+03   1.7299350e+00   0.0000000e+00   0.0000000e+00
   1.0576334e+02   2.7204450e+02   1.4881898e+03   1.1480452e+03   1.7309297e+00   0.0000000e+00   0.0000000e+00
   1.0631514e+02   2.7205316e+02   1.4878408e+03   1.1482293e+03   1.7319235e+00   0.0000000e+00   0.0000000e+00
   1.0686695e+02   2.7206184e+02   1.4874919e+03   1.1484131e+03   1.7329164e+00   0.0000000e+00   0.0000000e+00
   1.0741876e+02   2.7207053e+02   1.4871432e+03   1.1485968e+03   1.7339084e+00   0.0000000e+00   0.0000000e+00
   1.0797057e+02   2.7207924e+02   1.4867946e+03   1.1487803e+03   1.7348995e+00   0.0000000e+00   0.0000000e+00
   1.0852238e+02   2.7208797e+02   1.4864461e+03   1.1489635e+03   1.7358897e+00   0.0000000e+00   0.0000000e+00
   1.0907419e+02   2.7209671e+02   1.4860978e+03   1.1491466e+03   1.7368791e+00   0.0000000e+00   0.0000000e+00
   1.0962600e+02   2.7210547e+02   1.4857496e+03   1.1493294e+03   1.7378675e+00   0.0000000e+00   0.0000000e+00
   1.1017781e+02   2.7211425e+02   1.4854015e+03   1.1495120e+03   1.7388551e+00   0.0000000e+00   0.0000000e+00
   1.1072961e+02   2.7212304e+02   1.4850536e+03   1.1496944e+03   1.7398418e+00   0.0000000e+00   0.0000000e+00
   1.1128142e+02   2.7213185e+02   1.4847058e+03   1.1498766e+03   1.7408276e+00   0.0000000e+00   0.0000000e+00
   1.1183323e+02   2.7214068e+02   1.4843582e+03   1.1500586e+03   1.7418125e+00   0.0000000e+00   0.0000000e+00
   1.1238504e+02   2.7214952e+02   1.4840106e+03   1.1502404e+03   1.7427966e+00   0.0000000e+00   0.0000000e+00
   1.1293685e+02   2.7215838e+02   1.4836633e+03   1.1504220e+03   1.7437798e+00   0.0000000e+00   0.0000000e+00
   1.1348866e+02   2.7216725e+02   1.4833160e+03   1.1506034e+03   1.7447621e+00   0.0000000e+00   0.0000000e+00
   1.1404047e+02   2.7217614e+02   1.4829689e+03   1.1507846e+03   1.7457435e+00   0.0000000e+00   0.0000000e+00
   1.1459228e+02   2.7218505e+02   1.4826219e+03   1.1509656e+03   1.7467241e+00   0.0000000e+00   0.0000000e+00
   1.1514408e+02   2.7219397e+02   1.4822750e+03   1.1511463e+03   1.7477039e+00   0.0000000e+00   0.0000000e+00
   1.1569589e+02   2.7220290e+02   1.4819283e+03   1.1513269e+03   1.7486828e+00   0.0000000e+00   0.0000000e+00
   1.1624770e+02   2.7221186e+02   1.4815817e+03   1.1515073e+03   1.7496608e+00   0.0000000e+00   0.0000000e+00
   1.1679951e+02   2.7222083e+02   1.4812352e+03   1.1516874e+03   1.7506380e+00   0.0000000e+00   0.0000000e+00
   1.1735132e+02   2.7222981e+02   1.4808889e+03   1.1518674e+03   1.7516144e+00   0.0000000e+00   0.0000000e+00
   1.1790313e+02   2.7223881e+02   1.4805427e+03   1.1520472e+03   1.7525899e+00   0.0000000e+00   0.0000000e+00
   1.1845494e+02   2.7224782e+02   1.4801966e+03   1.1522267e+03   1.7535646e+00   0.0000000e+00   0.0000000e+00
   1.1900675e+02   2.7225685e+02   1.4798507e+03   1.1524061e+03   1.7545385e+00   0.0000000e+00   0.0000000e+00
   1.1955855e+02   2.7226590e+02   1.4795049e+03   1.1525853e+03   1.7555115e+00   0.0000000e+00   0.0000000e+00
   1.2011036e+02   2.7227496e+02   1.4791592e+03   1.1527642e+03   1.7564838e+00   0.0000000e+00   0.0000000e+00
   1.2066217e+02   2.7228403e+02   1.4788137e+03   1.1529430e+03   1.7574552e+00   0.0000000e+00   0.0000000e+00
   1.2121398e+02   2.7229312e+02   1.4784683e+03   1.1531216e+03   1.7584258e+00   0.0000000e+00   0.0000000e+00
   1.2176579e+02   2.7230223e+02   1.4781230e+03   1.1533000e+03   1.7593956e+00   0.0000000e+00   0.0000000e+00
   1.2231760e+02   2.7231135e+02   1.4777779e+03   1.1534781e+03   1.7603645e+00   0.0000000e+00   0.0000000e+00
   1.2286941e+02   2.7232048e+02   1.4774328e+03   1.1536561e+03   1.7613327e+00   0.0000000e+00   0.0000000e+00
   1.2342121e+02   2.7232963e+02   1.4770880e+03   1.1538339e+03   1.7623000e+00   0.0000000e+00   0.0000000e+00
   1.2397302e+02   2.7233880e+02   1.4767432e+03   1.1540115e+03   1.7632665e+00   0.0000000e+00   0.0000000e+00
   1.2452483e+02   2.7234798e+02   1.4763986e+03   1.1541889e+03   1.7642322e+00   0.0000000e+00   0.0000000e+00
   1.2507664e+02   2.7235717e+02   1.4760541e+03   1.1543661e+03   1.7651970e+00   0.0000000e+00   0.0000000e+00
   1.2562845e+02   2.7236638e+02   1.4757097e+03   1.1545431e+03   1.7661610e+00   0.0000000e+00   0.0000000e+00
   1.2618026e+02   2.7237560e+02   1.4753655e+03   1.1547199e+03   1.7671242e+00   0.0000000e+00   0.0000000e+00
   1.2673207e+02   2.7238484e+02   1.4750214e+03   1.1548966e+03   1.7680866e+00   0.0000000e+00   0.0000000e+00
   1.2728388e+02   2.7239409e+02   1.4746775e+03   1.1550730e+03   1.7690481e+00   0.0000000e+00   0.0000000e+00
   1.2783568e+02   2.7240335e+02   1.4743336e+03   1.1552492e+03   1.7700088e+00   0.0000000e+00   0.0000000e+00
   1.2838749e+02   2.7241263e+02   1.4739899e+03   1.1554253e+03   1.7709687e+00   0.0000000e+00   0.0000000e+00
   1.2893930e+02   2.7242192e+02   1.4736463e+03   1.1556012e+03   1.7719278e+00   0.0000000e+00   0.0000000e+00
   1.2949111e+02   2.7243123e+02   1.4733029e+03   1.1557768e+03   1.7728860e+00   0.0000000e+00   0.0000000e+00
   1.3004292e+02   2.7244055e+02   1.4729596e+03   1.1559523e+03   1.7738434e+00   0.0000000e+00   0.0000000e+00
   1.3059473e+02   2.7244989e+02   1.4726164e+03   1.1561276e+03   1.7747999e+00   0.0000000e+00   0.0000000e+00
   1.3114654e+02   2.7245924e+02   1.4722733e+03   1.1563027e+03   1.7757556e+00   0.0000000e+00   0.0000000e+00
   1.3169835e+02   2.7246860e+02   1.4719304e+03   1.1564776e+03   1.7767104e+00   0.0000000e+00   0.0000000e+00
   1.3225015e+02   2.7247797e+02   1.4715876e+03   1.1566524e+03   1.7776644e+00   0.0000000e+00   0.0000000e+00
   1.3280196e+02   2.7248736e+02   1.4712449e+03   1.1568269e+03   1.7786175e+00   0.0000000e+00   0.0000000e+00
   1.3335377e+02   2.7249677e+02   1.4709024e+03   1.1570013e+03   1.7795698e+00   0.0000000e+00   0.0000000e+00
   1.3390558e+02   2.7250618e+02   1.4705600e+03   1.1571754e+03   1.7805211e+00   0.0000000e+00   0.0000000e+00
   1.3445739e+02   2.7251561e+02   1.4702177e+03   1.1573494e+03   1.7814716e+00   0.0000000e+00   0.0000000e+00
   1.3500920e+02   2.7252506e+02   1.4698756e+03   1.1575232e+03   1.7824212e+00   0.0000000e+00   0.0000000e+00
   1.3556101e+02   2.7253451e+02   1.4695336e+03   1.1576968e+03   1.7833698e+00   0.0000000e+00   0.0000000e+00
   1.3611281e+02   2.7254398e+02   1.4691917e+03   1.1578703e+03   1.7843176e+00   0.0000000e+00   0.0000000e+00
   1.3666462e+02   2.7255347e+02   1.4688499e+03   1.1580435e+03   1.7852644e+00   0.0000000e+00   0.0000000e+00
   1.3721643e+02   2.7256296e+02   1.4685083e+03   1.1582166e+03   1.7862103e+00   0.0000000e+00   0.0000000e+00
   1.3776824e+02   2.7257247e+02   1.4681668e+03   1.1583894e+03   1.7871553e+00   0.0000000e+00   0.0000000e+00
   1.3832005e+02   2.7258200e+02   1.4678254e+03   1.1585621e+03   1.7880993e+00   0.0000000e+00   0.0000000e+00
   1.3887186e+02   2.7259153e+02   1.4674841e+03   1.1587347e+03   1.7890423e+00   0.0000000e+00   0.0000000e+00
   1.3942367e+02   2.7260108e+02   1.4671430e+03   1.1589070e+03   1.7899844e+00   0.0000000e+00   0.0000000e+00
   1.3997548e+02   2.7261064e+02   1.4668020e+03   1.1590791e+03   1.7909256e+00   0.0000000e+00   0.0000000e+00
   1.4052728e+02   2.7262021e+02   1.4664612e+03   1.1592511e+03   1.7918657e+00   0.0000000e+00   0.0000000e+00
   1.4107909e+02   2.7262980e+02   1.4661204e+03   1.1594229e+03   1.7928049e+00   0.0000000e+00   0.0000000e+00
   1.4163090e+02   2.7263940e+02   1.4657798e+03   1.1595945e+03   1.7937431e+00   0.0000000e+00   0.0000000e+00
   1.4218271e+02   2.7264901e+02   1.4654393e+03   1.1597660e+03   1.7946803e+00   0.0000000e+00   0.0000000e+00
   1.4273452e+02   2.7265864e+02   1.4650990e+03   1.1599372e+03   1.7956165e+00   0.0000000e+00   0.0000000e+00
   1.4328633e+02   2.7266827e+02   1.4647588e+03   1.1601083e+03   1.7965516e+00   0.0000000e+00   0.0000000e+00
   1.4383814e+02   2.7267792e+02   1.4644187e+03   1.1602792e+03   1.7974858e+00   0.0000000e+00   0.0000000e+00
   1.4438995e+02   2.7268759e+02   1.4640787e+03   1.1604499e+03   1.7984189e+00   0.0000000e+00   0.0000000e+00
   1.4494175e+02   2.7269726e+02   1.4637388e+03   1.1606204e+03   1.7993510e+00   0.0000000e+00   0.0000000e+00
   1.4549356e+02   2.7270695e+02   1.4633991e+03   1.1607908e+03   1.8002820e+00   0.0000000e+00   0.0000000e+00
   1.4604537e+02   2.7271664e+02   1.4630595e+03   1.1609610e+03   1.8012120e+00   0.0000000e+00   0.0000000e+00
   1.4659718e+02   2.7272636e+02   1.4627201e+03   1.1611310e+03   1.8021410e+00   0.0000000e+00   0.0000000e+00
   1.4714899e+02   2.7273608e+02   1.4623808e+03   1.1613009e+03   1.8030689e+00   0.0000000e+00   0.0000000e+00
   1.4770080e+02   2.7274581e+02   1.4620415e+03   1.1614705e+03   1.8039957e+00   0.0000000e+00   0.0000000e+00
   1.4825261e+02   2.7275556e+02   1.4617025e+03   1.1616400e+03   1.8049214e+00   0.0000000e+00   0.0000000e+00
   1.4880442e+02   2.7276532e+02   1.4613635e+03   1.1618093e+03   1.8058461e+00   0.0000000e+00   0.0000000e+00
   1.4935622e+02   2.7277509e+02   1.4610247e+03   1.1619785e+03   1.8067697e+00   0.0000000e+00   0.0000000e+00
   1.4990803e+02   2.7278487e+02   1.4606860e+03   1.1621474e+03   1.8076921e+00   0.0000000e+00   0.0000000e+00
   1.5045984e+02   2.7279467e+02   1.4603474e+03   1.1623162e+03   1.8086135e+00   0.0000000e+00   0.0000000e+00
   1.5101165e+02   2.7280447e+02   1.4600090e+03   1.1624849e+03   1.8095337e+00   0.0000000e+00   0.0000000e+00
   1.5156346e+02   2.7281429e+02   1.4596706e+03   1.1626533e+03   1.8104529e+00   0.0000000e+00   0.0000000e+00
   1.5211527e+02   2.7282412e+02   1.4593325e+03   1.1628216e+03   1.8113710e+00   0.0000000e+00   0.0000000e+00
   1.5266708e+02   2.7283396e+02   1.4589944e+03   1.1629897e+03   1.8122880e+00   0.0000000e+00   0.0000000e+00
   1.5321888e+02   2.7284382e+02   1.4586564e+03   1.1631577e+03   1.8132039e+00   0.0000000e+00   0.0000000e+00
   1.5377069e+02   2.7285368e+02   1.4583186e+03   1.1633254e+03   1.8141187e+00   0.0000000e+00   0.0000000e+00
   1.5432250e+02   2.7286356e+02   1.4579809e+03   1.1634931e+03   1.8150324e+00   0.0000000e+00   0.0000000e+00
   1.5487431e+02   2.7287344e+02   1.4576434e+03   1.1636605e+03   1.8159451e+00   0.0000000e+00   0.0000000e+00
   1.5542612e+02   2.7288334e+02   1.4573059e+03   1.1638278e+03   1.8168567e+00   0.0000000e+00   0.0000000e+00
   1.5597793e+02   2.7289325e+02   1.4569686e+03   1.1639949e+03   1.8177673e+00   0.0000000e+00   0.0000000e+00
   1.5652974e+02   2.7290317e+02   1.4566314e+03   1.1641618e+03   1.8186768e+00   0.0000000e+00   0.0000000e+00
   1.5708155e+02   2.7291310e+02   1.4562944e+03   1.1643286e+03   1.8195852e+00   0.0000000e+00   0.0000000e+00
   1.5763335e+02   2.7292305e+02   1.4559574e+03   1.1644952e+03   1.8204926e+00   0.0000000e+00   0.0000000e+00
   1.5818516e+02   2.7293300e+02   1.4556206e+03   1.1646616e+03   1.8213990e+00   0.0000000e+00   0.0000000e+00
   1.5873697e+02   2.7294297e+02   1.4552839e+03   1.1648279e+03   1.8223043e+00   0.0000000e+00   0.0000000e+00
   1.5928878e+02   2.7295294e+02   1.4549474e+03   1.1649940e+03   1.8232086e+00   0.0000000e+00   0.0000000e+00
   1.5984059e+02   2.7296293e+02   1.4546109e+03   1.1651599e+03   1.8241119e+00   0.0000000e+00   0.0000000e+00
   1.6039240e+02   2.7297293e+02   1.4542746e+03   1.1653257e+03   1.8250141e+00   0.0000000e+00   0.0000000e+00
   1.6094421e+02   2.7298294e+02   1.4539384e+03   1.1654913e+03   1.8259153e+00   0.0000000e+00   0.0000000e+00
   1.6149602e+02   2.7299296e+02   1.4536024e+03   1.1656567e+03   1.8268156e+00   0.0000000e+00   0.0000000e+00
   1.6204782e+02   2.7300299e+02   1.4532664e+03   1.1658220e+03   1.8277148e+00   0.0000000e+00   0.0000000e+00
   1.6259963e+02   2.7301304e+02   1.4529306e+03   1.1659871e+03   1.8286130e+00   0.0000000e+00   0.0000000e+00
   1.6315144e+02   2.7302309e+02   1.4525949e+03   1.1661521e+03   1.8295102e+00   0.0000000e+00   0.0000000e+00
   1.6370325e+02   2.7303315e+02   1.4522594e+03   1.1663169e+03   1.8304065e+00   0.0000000e+00   0.0000000e+00
   1.6425506e+02   2.7304323e+02   1.4519239e+03   1.1664815e+03   1.8313018e+00   0.0000000e+00   0.0000000e+00
   1.6480687e+02   2.7305331e+02   1.4515886e+03   1.1666460e+03   1.8321961e+00   0.0000000e+00   0.0000000e+00
   1.6535868e+02   2.7306341e+02   1.4512534e+03   1.1668103e+03   1.8330894e+00   0.0000000e+00   0.0000000e+00
   1.6591048e+02   2.7307351e+02   1.4509184e+03   1.1669745e+03   1.8339818e+00   0.0000000e+00   0.0000000e+00
   1.6646229e+02   2.7308363e+02   1.4505834e+03   1.1671385e+03   1.8348732e+00   0.0000000e+00   0.0000000e+00
   1.6701410e+02   2.7309376e+02   1.4502486e+03   1.1673023e+03   1.8357637e+00   0.0000000e+00   0.0000000e+00
   1.6756591e+02   2.7310389e+02   1.4499139e+03   1.1674660e+03   1.8366532e+00   0.0000000e+00   0.0000000e+00
   1.6811772e+02   2.7311404e+02   1.4495793e+03   1.1676295e+03   1.8375418e+00   0.0000000e+00   0.0000000e+00
   1.6866953e+02   2.7312420e+02   1.4492449e+03   1.1677929e+03   1.8384295e+00   0.0000000e+00   0.0000000e+00
   1.6922134e+02   2.7313437e+02   1.4489106e+03   1.1679561e+03   1.8393162e+00   0.0000000e+00   0.0000000e+00
   1.6977315e+02   2.7314455e+02   1.4485764e+03   1.1681191e+03   1.8402021e+00   0.0000000e+00   0.0000000e+00
   1.7032495e+02   2.7315473e+02   1.4482423e+03   1.1682820e+03   1.8410870e+00   0.0000000e+00   0.0000000e+00
   1.7087676e+02   2.7316493e+02   1.4479083e+03   1.1684448e+03   1.8419710e+00   0.0000000e+00   0.0000000e+00
   1.7142857e+02   2.7317514e+02   1.4475745e+03   1.1686074e+03   1.8428541e+00   0.0000000e+00   0.0000000e+00
   1.7198038e+02   2.7318536e+02   1.4472408e+03   1.1687698e+03   1.8437363e+00   0.0000000e+00   0.0000000e+00
   1.7253219e+02   2.7319559e+02   1.4469072e+03   1.1689321e+03   1.8446176e+00   0.0000000e+00   0.0000000e+00
   1.7308400e+02   2.7320583e+02   1.4465737e+03   1.1690942e+03   1.8454980e+00   0.0000000e+00   0.0000000e+00
   1.7363581e+02   2.7321608e+02   1.4462404e+03   1.1692561e+03   1.8463775e+00   0.0000000e+00   0.0000000e+00
   1.7418762e+02   2.7322634e+02   1.4459072e+03   1.1694180e+03   1.8472561e+00   0.0000000e+00   0.0000000e+00
   1.7473942e+02   2.7323661e+02   1.4455741e+03   1.1695796e+03   1.8481338e+00   0.0000000e+00   0.0000000e+00
   1.7529123e+02   2.7324689e+02   1.4452411e+03   1.1697411e+03   1.8490105e+00   0.0000000e+00   0.0000000e+00
   1.7584304e+02   2.7325718e+02   1.4449083e+03   1.1699025e+03   1.8498864e+00   0.0000000e+00   0.0000000e+00
   1.7639485e+02   2.7326748e+02   1.4445755e+03   1.1700637e+03   1.8507614e+00   0.0000000e+00   0.0000000e+00
   1.7694666e+02   2.7327778e+02   1.4442429e+03   1.1702247e+03   1.8516354e+00   0.0000000e+00   0.0000000e+00
   1.7749847e+02   2.7328810e+02   1.4439104e+03   1.1703856e+03   1.8525085e+00   0.0000000e+00   0.0000000e+00
   1.7805028e+02   2.7329843e+02   1.4435781e+03   1.1705463e+03   1.8533807e+00   0.0000000e+00   0.0000000e+00
   1.7860209e+02   2.7330877e+02   1.4432459e+03   1.1707069e+03   1.8542521e+00   0.0000000e+00   0.0000000e+00
   1.7915389e+02   2.7331912e+02   1.4429137e+03   1.1708674e+03   1.8551225e+00   0.0000000e+00   0.0000000e+00
   1.7970570e+02   2.7332947e+02   1.4425817e+03   1.1710277e+03   1.8559920e+00   0.0000000e+00   0.0000000e+00
   1.8025751e+02   2.7333984e+02   1.4422499e+03   1.1711878e+03   1.8568605e+00   0.0000000e+00   0.0000000e+00
   1.8080932e+02   2.7335022e+02   1.4419181e+03   1.1713478e+03   1.8577282e+00   0.0000000e+00   0.0000000e+00
   1.8136113e+02   2.7336060e+02   1.4415865e+03   1.1715076e+03   1.8585950e+00   0.0000000e+00   0.0000000e+00
   1.8191294e+02   2.7337100e+02   1.4412550e+03   1.1716673e+03   1.8594609e+00   0.0000000e+00   0.0000000e+00
   1.8246475e+02   2.7338140e+02   1.4409236e+03   1.1718269e+03   1.8603258e+00   0.0000000e+00   0.0000000e+00
   1.8301655e+02   2.7339182e+02   1.4405923e+03   1.1719862e+03   1.8611899e+00   0.0000000e+00   0.0000000e+00
   1.8356836e+02   2.7340224e+02   1.4402612e+03   1.1721455e+03   1.8620530e+00   0.0000000e+00   0.0000000e+00
   1.8412017e+02   2.7341267e+02   1.4399302e+03   1.1723046e+03   1.8629153e+00   0.0000000e+00   0.0000000e+00
   1.8467198e+02   2.7342312e+02   1.4395993e+03   1.1724635e+03   1.8637766e+00   0.0000000e+00   0.0000000e+00
   1.8522379e+02   2.7343357e+02   1.4392685e+03   1.1726223e+03   1.8646371e+00   0.0000000e+00   0.0000000e+00
   1.8577560e+02   2.7344403e+02   1.4389379e+03   1.1727810e+03   1.8654966e+00   0.0000000e+00   0.0000000e+00
   1.8632741e+02   2.7345450e+02   1.4386073e+03   1.1729395e+03   1.8663553e+00   0.0000000e+00   0.0000000e+00
   1.8687922e+02   2.7346498e+02   1.4382769e+03   1.1730979e+03   1.8672131e+00   0.0000000e+00   0.0000000e+00
   1.8743102e+02   2.7347546e+02   1.4379466e+03   1.1732561e+03   1.8680700e+00   0.0000000e+00   0.0000000e+00
   1.8798283e+02   2.7348596e+02   1.4376164e+03   1.1734142e+03   1.8689259e+00   0.0000000e+00   0.0000000e+00
   1.8853464e+02   2.7349647e+02   1.4372864e+03   1.1735721e+03   1.8697811e+00   0.0000000e+00   0.0000000e+00
   1.8908645e+02   2.7350698e+02   1.4369565e+03   1.1737299e+03   1.8706353e+00   0.0000000e+00   0.0000000e+00
   1.8963826e+02   2.7351751e+02   1.4366266e+03   1.1738875e+03   1.8714886e+00   0.0000000e+00   0.0000000e+00
   1.9019007e+02   2.7352804e+02   1.4362970e+03   1.1740450e+03   1.8723410e+00   0.0000000e+00   0.0000000e+00
   1.9074188e+02   2.7353858e+02   1.4359674e+03   1.1742023e+03   1.8731926e+00   0.0000000e+00   0.0000000e+00
   1.9129369e+02   2.7354913e+02   1.4356379e+03   1.1743595e+03   1.8740433e+00   0.0000000e+00   0.0000000e+00
   1.9184549e+02   2.7355969e+02   1.4353086e+03   1.1745166e+03   1.8748931e+00   0.0000000e+00   0.0000000e+00
   1.9239730e+02   2.7357026e+02   1.4349794e+03   1.1746735e+03   1.8757421e+00   0.0000000e+00   0.0000000e+00
   1.9294911e+02   2.7358084e+02   1.4346503e+03   1.1748303e+03   1.8765901e+00   0.0000000e+00   0.0000000e+00
   1.9350092e+02   2.7359143e+02   1.4343213e+03   1.1749869e+03   1.8774374e+00   0.0000000e+00   0.0000000e+00
   1.9405273e+02   2.7360202e+02   1.4339925e+03   1.1751434e+03   1.8782838e+00   0.0000000e+00   0.0000000e+00
   1.9460454e+02   2.7361263e+02   1.4336638e+03   1.1752998e+03   1.8791293e+00   0.0000000e+00   0.0000000e+00
   1.9515635e+02   2.7362324e+02   1.4333352e+03   1.1754560e+03   1.8799740e+00   0.0000000e+00   0.0000000e+00
   1.9570815e+02   2.7363386e+02   1.4330067e+03   1.1756121e+03   1.8808179e+00   0.0000000e+00   0.0000000e+00
   1.9625996e+02   2.7364449e+02   1.4326783e+03   1.1757680e+03   1.8816610e+00   0.0000000e+00   0.0000000e+00
   1.9681177e+02   2.7365513e+02   1.4323500e+03   1.1759238e+03   1.8825032e+00   0.0000000e+00   0.0000000e+00
   1.9736358e+02   2.7366578e+02   1.4320219e+03   1.1760794e+03   1.8833446e+00   0.0000000e+00   0.0000000e+00
   1.9791539e+02   2.7367643e+02   1.4316939e+03   1.1762350e+03   1.8841852e+00   0.0000000e+00   0.0000000e+00
   1.9846720e+02   2.7368710e+02   1.4313660e+03   1.1763903e+03   1.8850250e+00   0.0000000e+00   0.0000000e+00
   1.9901901e+02   2.7369777e+02   1.4310382e+03   1.1765456e+03   1.8858641e+00   0.0000000e+00   0.0000000e+00
   1.9957082e+02   2.7370845e+02   1.4307106e+03   1.1767007e+03   1.8867023e+00   0.0000000e+00   0.0000000e+00
   2.0012262e+02   2.7371914e+02   1.4303831e+03   1.1768556e+03   1.8875397e+00   0.0000000e+00   0.0000000e+00
   2.0067443e+02   2.7372984e+02   1.4300556e+03   1.1770104e+03   1.8883763e+00   0.0000000e+00   0.0000000e+00
   2.0122624e+02   2.7374054e+02   1.4297283e+03   1.1771651e+03   1.8892122e+00   0.0000000e+00   0.0000000e+00
   2.0177805e+02   2.7375126e+02   1.4294012e+03   1.1773197e+03   1.8900473e+00   0.0000000e+00   0.0000000e+00
   2.0232986e+02   2.7376198e+02   1.4290741e+03   1.1774741e+03   1.8908817e+00   0.0000000e+00   0.0000000e+00
   2.0288167e+02   2.7377271e+02   1.4287472e+03   1.1776283e+03   1.8917152e+00   0.0000000e+00   0.0000000e+00
   2.0343348e+02   2.7378345e+02   1.4284204e+03   1.1777825e+03   1.8925481e+00   0.0000000e+00   0.0000000e+00
   2.0398529e+02   2.7379420e+02   1.4280937e+03   1.1779365e+03   1.8933801e+00   0.0000000e+00   0.0000000e+00
   2.0453709e+02   2.7380496e+02   1.4277671e+03   1.1780903e+03   1.8942115e+00   0.0000000e+00   0.0000000e+00
   2.0508890e+02   2.7381572e+02   1.4274406e+03   1.1782441e+03   1.8950421e+00   0.0000000e+00   0.0000000e+00
   2.0564071e+02   2.7382649e+02   1.4271143e+03   1.1783977e+03   1.8958719e+00   0.0000000e+00   0.0000000e+00
   2.0619252e+02   2.7383727e+02   1.4267880e+03   1.1785511e+03   1.8967011e+00   0.0000000e+00   0.0000000e+00
   2.0674433e+02   2.7384806e+02   1.4264619e+03   1.1787045e+03   1.8975295e+00   0.0000000e+00   0.0000000e+00
   2.0729614e+02   2.7385886e+02   1.4261359e+03   1.1788577e+03   1.8983572e+00   0.0000000e+00   0.0000000e+00
   2.0784795e+02   2.7386966e+02   1.4258101e+03   1.1790107e+03   1.8991842e+00   0.0000000e+00   0.0000000e+00
   2.0839976e+02   2.7388047e+02   1.4254843e+03   1.1791636e+03   1.9000104e+00   0.0000000e+00   0.0000000e+00
   2.0895156e+02   2.7389129e+02   1.4251587e+03   1.1793164e+03   1.9008360e+00   0.0000000e+00   0.0000000e+00
   2.0950337e+02   2.7390212e+02   1.4248331e+03   1.1794691e+03   1.9016609e+00   0.0000000e+00   0.0000000e+00
   2.1005518e+02   2.7391296e+02   1.4245077e+03   1.1796216e+03   1.9024851e+00   0.0000000e+00   0.0000000e+00
   2.1060699e+02   2.7392380e+02   1.4241825e+03   1.1797740e+03   1.9033086e+00   0.0000000e+00   0.0000000e+00
   2.1115880e+02   2.7393465e+02   1.4238573e+03   1.1799263e+03   1.9041314e+00   0.0000000e+00   0.0000000e+00
   2.1171061e+02   2.7394551e+02   1.4235323e+03   1.1800784e+03   1.9049536e+00   0.0000000e+00   0.0000000e+00
   2.1226242e+02   2.7395638e+02   1.4232073e+03   1.1802305e+03   1.9057751e+00   0.0000000e+00   0.0000000e+00
   2.1281422e+02   2.7396726e+02   1.4228825e+03   1.1803823e+03   1.9065959e+00   0.0000000e+00   0.0000000e+00
   2.1336603e+02   2.7397814e+02   1.4225578e+03   1.1805341e+03   1.9074160e+00   0.0000000e+00   0.0000000e+00
   2.1391784e+02   2.7398903e+02   1.4222332e+03   1.1806857e+03   1.9082355e+00   0.0000000e+00   0.0000000e+00
   2.1446965e+02   2.7399993e+02   1.4219088e+03   1.1808372e+03   1.9090544e+00   0.0000000e+00   0.0000000e+00
   2.1502146e+02   2.7401083e+02   1.4215844e+03   1.1809885e+03   1.9098726e+00   0.0000000e+00   0.0000000e+00
   2.1557327e+02   2.7402175e+02   1.4212602e+03   1.1811398e+03   1.9106902e+00   0.0000000e+00   0.0000000e+00
   2.1612508e+02   2.7403267e+02   1.4209361e+03   1.1812909e+03   1.9115071e+00   0.0000000e+00   0.0000000e+00
   2.1667689e+02   2.7404360e+02   1.4206121e+03   1.1814418e+03   1.9123234e+00   0.0000000e+00   0.0000000e+00
   2.1722869e+02   2.7405454e+02   1.4202882e+03   1.1815927e+03   1.9131390e+00   0.0000000e+00   0.0000000e+00
   2.1778050e+02   2.7406548e+02   1.4199645e+03   1.1817434e+03   1.9139540e+00   0.0000000e+00   0.0000000e+00
   2.1833231e+02   2.7407643e+02   1.4196408e+03   1.1818940e+03   1.9147685e+00   0.0000000e+00   0.0000000e+00
   2.1888412e+02   2.7408739e+02   1.4193173e+03   1.1820444e+03   1.9155823e+00   0.0000000e+00   0.0000000e+00
   2.1943593e+02   2.7409836e+02   1.4189939e+03   1.1821947e+03   1.9163954e+00   0.0000000e+00   0.0000000e+00
   2.1943593e+02   2.7409836e+02   1.4189939e+03   3.4996475e+03   4.5252754e+00   2.5827036e+00   1.8775853e+12
   2.4413971e+02   2.8077081e+02   1.4141041e+03   3.4996475e+03   4.4950095e+00   2.5640989e+00   9.5961063e+11
   2.6876823e+02   2.8742232e+02   1.4092144e+03   3.4821516e+03   4.4903249e+00   2.5608518e+00   5.0689949e+11
   2.9319879e+02   2.9405292e+02   1.4043246e+03   3.4797117e+03   4.5464594e+00   2.5941071e+00   2.7599870e+11
   3.1753876e+02   3.0066260e+02   1.3994348e+03   3.5130332e+03   4.5462150e+00   2.5935304e+00   1.5461308e+11
   3.4203788e+02   3.0725140e+02   1.3945451e+03   3.5132182e+03   4.5459915e+00   2.5929613e+00   8.8994827e+10
   3.6646207e+02   3.1381932e+02   1.3896553e+03   3.5134121e+03   4.5457346e+00   2.5923748e+00   5.2507371e+10
   3.9081146e+02   3.2036639e+02   1.3847655e+03   3.5135944e+03   7.9545532e+00   4.5356124e+00   3.1703529e+10
   4.1508601e+02   3.2689261e+02   1.3798758e+03   3.5137704e+03   7.9540809e+00   4.5345749e+00   1.9560588e+10
   4.3928571e+02   3.3339800e+02   1.3749860e+03   3.5139481e+03   7.9535271e+00   4.5334933e+00   1.2315512e+10
   4.6341063e+02   3.3988258e+02   1.3700962e+03   3.5141096e+03   7.9529814e+00   4.5324159e+00   7.9027324e+09
   4.8746071e+02   3.4634636e+02   1.3652065e+03   3.5142722e+03   7.9524172e+00   4.5313310e+00   5.1624728e+09
   5.1143600e+02   3.5278937e+02   1.3603167e+03   3.5144304e+03   7.9517998e+00   4.5302177e+00   3.4295326e+09
   5.3533654e+02   3.5921161e+02   1.3554269e+03   3.5145782e+03   7.9511945e+00   4.5291110e+00   2.3146494e+09
   5.5916230e+02   3.6561311e+02   1.3505372e+03   3.5147281e+03   7.9505523e+00   4.5279863e+00   1.5856862e+09
   5.8291336e+02   3.7199388e+02   1.3456474e+03   3.5148701e+03   7.9498886e+00   4.5268495e+00   1.1017140e+09
   6.0658972e+02   3.7835394e+02   1.3407576e+03   3.5150075e+03   7.9492286e+00   4.5257168e+00   7.7571896e+08
   6.3019141e+02   3.8469331e+02   1.3358679e+03   3.5151446e+03   7.9485212e+00   4.5245603e+00   5.5311099e+08
   6.5371849e+02   3.9101200e+02   1.3309781e+03   3.5152729e+03   7.9478171e+00   4.5234044e+00   3.9911954e+08
   6.7717096e+02   3.9731004e+02   1.3260883e+03   3.5154008e+03   7.9471095e+00   4.5222502e+00   2.9127756e+08
   7.0054888e+02   4.0358744e+02   1.3211986e+03   3.5155275e+03   7.9463551e+00   4.5210707e+00   2.1486879e+08
   7.2385231e+02   4.0984423e+02   1.3163088e+03   3.5156452e+03   7.9456080e+00   4.5198964e+00   1.6012814e+08
   7.4708127e+02   4.1608041e+02   1.3114190e+03   3.5157630e+03   7.9448544e+00   4.5187201e+00   1.2049559e+08
   7.7023581e+02   4.2229602e+02   1.3065293e+03   3.5158791e+03   7.9440716e+00   4.5175286e+00   9.1512261e+07
   7.9331599e+02   4.2849106e+02   1.3016395e+03   3.5159893e+03   7.9432886e+00   4.5163404e+00   7.0113309e+07
   8.1632186e+02   4.3466557e+02   1.2967497e+03   3.5160986e+03   7.9424947e+00   4.5151462e+00   5.4169545e+07
   8.3925347e+02   4.4081956e+02   1.2918600e+03   3.5162049e+03   7.9416827e+00   4.5139434e+00   4.2186651e+07
   8.6211089e+02   4.4695304e+02   1.2869702e+03   3.5163076e+03   7.9408748e+00   4.5127450e+00   3.3105634e+07
   8.8489416e+02   4.5306606e+02   1.2820804e+03   3.5164104e+03   7.9400486e+00   4.5115375e+00   2.6168998e+07
   9.0760336e+02   4.5915861e+02   1.2771907e+03   3.5165093e+03   7.9392099e+00   4.5103257e+00   2.0830072e+07
   9.3023856e+02   4.6523073e+02   1.2723009e+03   3.5166047e+03   7.9383820e+00   4.5091205e+00   1.6690955e+07
   9.5279980e+02   4.7128244e+02   1.2674111e+03   3.5167017e+03   7.9375299e+00   4.5079038e+00   1.3459664e+07
   9.7528717e+02   4.7731376e+02   1.2625214e+03   3.5167935e+03   7.9366668e+00   4.5066845e+00   1.0920253e+07
   9.9770074e+02   4.8332471e+02   1.2576316e+03   3.5168820e+03   7.9358218e+00   4.5054736e+00   8.9118136e+06
   1.0200406e+03   4.8931532e+02   1.2527419e+03   3.5169738e+03   7.9349459e+00   4.5042491e+00   7.3135770e+06
   1.0423068e+03   4.9528560e+02   1.2478521e+03   3.5170588e+03   7.9340684e+00   4.5030264e+00   6.0342756e+06
   1.0644994e+03   5.0123559e+02   1.2429623e+03   3.5171425e+03   7.9332057e+00   4.5018114e+00   5.0044742e+06
   1.0866185e+03   5.0716531e+02   1.2380726e+03   3.5172288e+03   7.9323104e+00   4.5005823e+00   4.1710095e+06
   1.1086642e+03   5.1307478e+02   1.2331828e+03   3.5173082e+03   7.9314211e+00   4.4993579e+00   3.4929258e+06
   1.1306365e+03   5.1896402e+02   1.2282930e+03   3.5173880e+03   7.9305442e+00   4.4981401e+00   2.9384841e+06
   1.1525356e+03   5.2483307e+02   1.2234033e+03   3.5174692e+03   7.9296336e+00   4.4969082e+00   2.4829475e+06
   1.1743616e+03   5.3068194e+02   1.2185135e+03   3.5175434e+03   7.9287344e+00   4.4956827e+00   2.1069302e+06
   1.1961145e+03   5.3651067e+02   1.2136237e+03   3.5176193e+03   7.9278435e+00   4.4944628e+00   1.7951589e+06
   1.2177944e+03   5.4231928e+02   1.2087340e+03   3.5176961e+03   7.9269220e+00   4.4932314e+00   1.5355392e+06
   1.2394014e+03   5.4810779e+02   1.2038442e+03   3.5177657e+03   7.9260151e+00   4.4920067e+00   1.3184463e+06
   1.2609357e+03   5.5387624e+02   1.1989544e+03   3.5178379e+03   7.9251140e+00   4.4907867e+00   1.1361839e+06
   1.2823973e+03   5.5962466e+02   1.1940647e+03   3.5179106e+03   7.9241844e+00   4.4895560e+00   9.8257002e+05
   1.3037863e+03   5.6535306e+02   1.1891749e+03   3.5179771e+03   7.9232709e+00   4.4883329e+00   8.5261626e+05
   1.3251028e+03   5.7106148e+02   1.1842851e+03   3.5180455e+03   7.9223607e+00   4.4871141e+00   7.4228038e+05
   1.3463470e+03   5.7674996e+02   1.1793954e+03   3.5181136e+03   7.9214259e+00   4.4858862e+00   6.4827310e+05
   1.3675190e+03   5.8241851e+02   1.1745056e+03   3.5181768e+03   7.9205072e+00   4.4846656e+00   5.6790702e+05
   1.3886187e+03   5.8806717e+02   1.1696158e+03   3.5182426e+03   7.9195893e+00   4.4834488e+00   4.9897789e+05
   1.4096465e+03   5.9369597e+02   1.1647261e+03   3.5183074e+03   7.9186521e+00   4.4822247e+00   4.3967097e+05
   1.4306023e+03   5.9930494e+02   1.1598363e+03   3.5183680e+03   7.9177290e+00   4.4810071e+00   3.8848670e+05
   1.4514864e+03   6.0489412e+02   1.1549465e+03   3.5184308e+03   7.9168043e+00   4.4797929e+00   3.4418152e+05
   1.4722988e+03   6.1046353e+02   1.1500568e+03   3.5184923e+03   7.9158666e+00   4.4785745e+00   3.0572069e+05
   1.4930396e+03   6.1601321e+02   1.1451670e+03   3.5185506e+03   7.9149400e+00   4.4773610e+00   2.7224030e+05
   1.5137090e+03   6.2154319e+02   1.1402772e+03   3.5186103e+03   7.9140114e+00   4.4761501e+00   2.4301673e+05
   1.5343071e+03   6.2705351e+02   1.1353875e+03   3.5186688e+03   7.9130760e+00   4.4749375e+00   2.1744199e+05
   1.5548341e+03   6.3254420e+02   1.1304977e+03   3.5187256e+03   7.9121454e+00   4.4737281e+00   1.9500368e+05
   1.5752900e+03   6.3801529e+02   1.1256079e+03   3.5187826e+03   7.9112136e+00   4.4725221e+00   1.7526864e+05
   1.5956751e+03   6.4346683e+02   1.1207182e+03   3.5188381e+03   7.9102820e+00   4.4713170e+00   1.5786970e+05
   1.6159894e+03   6.4889885e+02   1.1158284e+03   3.5188929e+03   7.9093487e+00   4.4701120e+00   1.4249472e+05
   1.6362331e+03   6.5431138e+02   1.1109386e+03   3.5189473e+03   7.9084150e+00   4.4689103e+00   1.2887762e+05
   1.6564064e+03   6.5970446e+02   1.1060489e+03   3.5190004e+03   7.9074893e+00   4.4677132e+00   1.1679100e+05
   1.6765094e+03   6.6507814e+02   1.1011591e+03   3.5190540e+03   7.9065544e+00   4.4665141e+00   1.0604002e+05
   1.6965422e+03   6.7043244e+02   1.0962693e+03   3.5191057e+03   7.9056188e+00   4.4653182e+00   9.6457281e+04
   1.7165050e+03   6.7576742e+02   1.0913796e+03   3.5191564e+03   7.9047000e+00   4.4641300e+00   8.7898663e+04
   1.7363980e+03   6.8108311e+02   1.0864898e+03   3.5192098e+03   7.9037638e+00   4.4629361e+00   8.0239756e+04
   1.7562213e+03   6.8637955e+02   1.0816000e+03   3.5192588e+03   7.9028264e+00   4.4617456e+00   7.3372935e+04
   1.7759750e+03   6.9165679e+02   1.0767103e+03   3.5193067e+03   7.9019084e+00   4.4605639e+00   6.7204873e+04
   1.7956595e+03   6.9691487e+02   1.0718205e+03   3.5193576e+03   7.9009797e+00   4.4593797e+00   6.1654476e+04
   1.8152747e+03   7.0215382e+02   1.0669307e+03   3.5194059e+03   7.9000444e+00   4.4581960e+00   5.6651123e+04
   1.8348210e+03   7.0737370e+02   1.0620410e+03   3.5194523e+03   7.8991255e+00   4.4570199e+00   5.2133186e+04
   1.8542985e+03   7.1257456e+02   1.0571512e+03   3.5195011e+03   7.8982056e+00   4.4558455e+00   4.8046773e+04
   1.8737073e+03   7.1775643e+02   1.0522614e+03   3.5195489e+03   7.8972725e+00   4.4546690e+00   4.4344672e+04
   1.8930477e+03   7.2291936e+02   1.0473717e+03   3.5195929e+03   7.8963519e+00   4.4534992e+00   4.0985434e+04
   1.9123198e+03   7.2806341e+02   1.0424819e+03   3.5196391e+03   7.8954407e+00   4.4523351e+00   3.7932605e+04
   1.9315238e+03   7.3318862e+02   1.0375921e+03   3.5196866e+03   7.8945113e+00   4.4511660e+00   3.5154064e+04
   1.9506600e+03   7.3829504e+02   1.0327024e+03   3.5197295e+03   7.8935902e+00   4.4500027e+00   3.2621461e+04
   1.9697285e+03   7.4338272e+02   1.0278126e+03   3.5197734e+03   7.8926819e+00   4.4488465e+00   3.0309724e+04
   1.9887295e+03   7.4845171e+02   1.0229228e+03   3.5198192e+03   7.8917634e+00   4.4476885e+00   2.8196647e+04
   2.0076633e+03   7.5350207e+02   1.0180331e+03   3.5198624e+03   7.8908419e+00   4.4465315e+00   2.6262527e+04
   2.0265300e+03   7.5853384e+02   1.0131433e+03   3.5199042e+03   7.8899376e+00   4.4453828e+00   2.4489854e+04
   2.0453299e+03   7.6354709e+02   1.0082535e+03   3.5199483e+03   7.8890316e+00   4.4442365e+00   2.2863043e+04
   2.0640633e+03   7.6854187e+02   1.0033638e+03   3.5199913e+03   7.8881135e+00   4.4430874e+00   2.1368199e+04
   2.0827302e+03   7.7351823e+02   9.9847400e+02   3.5200314e+03   7.8872089e+00   4.4419453e+00   1.9992916e+04
   2.1013311e+03   7.7847624e+02   9.9358424e+02   3.5200736e+03   7.8863072e+00   4.4408071e+00   1.8726101e+04
   2.1198660e+03   7.8341595e+02   9.8869447e+02   3.5201154e+03   7.8854018e+00   4.4396699e+00   1.7557820e+04
   2.1383352e+03   7.8833743e+02   9.8380470e+02   3.5201559e+03   7.8844966e+00   4.4385348e+00   1.6479165e+04
   2.1567391e+03   7.9324073e+02   9.7891494e+02   3.5201956e+03   7.8836020e+00   4.4374057e+00   1.5482134e+04
   2.1750778e+03   7.9812591e+02   9.7402517e+02   3.5202367e+03   7.8827078e+00   4.4362796e+00   1.4559534e+04
   2.1933515e+03   8.0299305e+02   9.6913540e+02   3.5202771e+03   7.8818022e+00   4.4351510e+00   1.3704887e+04
   2.2115607e+03   8.0784220e+02   9.6424564e+02   3.5203145e+03   7.8809140e+00   4.4340305e+00   1.2912351e+04
   2.2297055e+03   8.1267344e+02   9.5935587e+02   3.5203552e+03   7.8800224e+00   4.4329126e+00   1.2176654e+04
   2.2477861e+03   8.1748682e+02   9.5446610e+02   3.5203941e+03   7.8791331e+00   4.4317972e+00   1.1493030e+04
   2.2658030e+03   8.2228243e+02   9.4957634e+02   3.5204324e+03   7.8782434e+00   4.4306837e+00   1.0857163e+04
   2.2837563e+03   8.2706033e+02   9.4468657e+02   3.5204702e+03   7.8773579e+00   4.4295747e+00   1.0265145e+04
   2.3016464e+03   8.3182059e+02   9.3979681e+02   3.5205083e+03   7.8764803e+00   4.4284709e+00   9.7134307e+03
   2.3194735e+03   8.3656329e+02   9.3490704e+02   3.5205472e+03   7.8755924e+00   4.4273651e+00   9.1987984e+03
   2.3372380e+03   8.4128850e+02   9.3001727e+02   3.5205833e+03   7.8747166e+00   4.4262654e+00   8.7183198e+03
   2.3549401e+03   8.4599629e+02   9.2512751e+02   3.5206211e+03   7.8738380e+00   4.4251680e+00   8.2693290e+03
   2.3725803e+03   8.5068676e+02   9.2023774e+02   3.5206573e+03   7.8729705e+00   4.4240762e+00   7.8493967e+03
   2.3901588e+03   8.5535997e+02   9.1534797e+02   3.5206951e+03   7.8720950e+00   4.4229837e+00   7.4563067e+03
   2.4076759e+03   8.6001601e+02   9.1045821e+02   3.5207309e+03   7.8712210e+00   4.4218952e+00   7.0880353e+03
   2.4251320e+03   8.6465497e+02   9.0556844e+02   3.5207662e+03   7.8703572e+00   4.4208123e+00   6.7427324e+03
   2.4425274e+03   8.6927692e+02   9.0067868e+02   3.5208030e+03   7.8694941e+00   4.4197314e+00   6.4187052e+03
   2.4598625e+03   8.7388196e+02   8.9578891e+02   3.5208394e+03   7.8686298e+00   4.4186520e+00   6.1144030e+03
   2.4771377e+03   8.7847018e+02   8.9089914e+02   3.5208743e+03   7.8677634e+00   4.4175750e+00   5.8284041e+03
   2.4943532e+03   8.8304166e+02   8.8600938e+02   3.5209080e+03   7.8669133e+00   4.4165058e+00   5.5594039e+03
   2.5115096e+03   8.8759650e+02   8.8111961e+02   3.5209448e+03   7.8660579e+00   4.4154367e+00   5.3062037e+03
   2.5286072e+03   8.9213480e+02   8.7622984e+02   3.5209799e+03   7.8651997e+00   4.4143691e+00   5.0677016e+03
   2.5456463e+03   8.9665665e+02   8.7134008e+02   3.5210136e+03   7.8643478e+00   4.4133062e+00   4.8428837e+03
   2.5626274e+03   9.0116215e+02   8.6645031e+02   3.5210479e+03   7.8635071e+00   4.4122492e+00   4.6308159e+03
   2.5795509e+03   9.0565140e+02   8.6156054e+02   3.5210838e+03   7.8626593e+00   4.4111917e+00   4.4306370e+03
   2.5964173e+03   9.1012452e+02   8.5667078e+02   3.5211177e+03   7.8618089e+00   4.4101361e+00   4.2415528e+03
   2.6132269e+03   9.1458160e+02   8.5178101e+02   3.5211504e+03   7.8609705e+00   4.4090868e+00   4.0628295e+03
   2.6299801e+03   9.1902275e+02   8.4689125e+02   3.5211849e+03   7.8601397e+00   4.4080427e+00   3.8937892e+03
   2.6466776e+03   9.2344809e+02   8.4200148e+02   3.5212203e+03   7.8592987e+00   4.4069964e+00   3.7338048e+03
   2.6633197e+03   9.2785773e+02   8.3711171e+02   3.5212527e+03   7.8584580e+00   4.4059527e+00   3.5822958e+03
   2.6799068e+03   9.3225179e+02   8.3222195e+02   3.5212844e+03   7.8576326e+00   4.4049161e+00   3.4387244e+03
   2.6964396e+03   9.3663038e+02   8.2733218e+02   3.5213190e+03   7.8568105e+00   4.4038834e+00   3.3025921e+03
   2.7129184e+03   9.4099363e+02   8.2244241e+02   3.5213535e+03   7.8559779e+00   4.4028494e+00   3.1734363e+03
   2.7293439e+03   9.4534167e+02   8.1755265e+02   3.5213852e+03   7.8551478e+00   4.4018186e+00   3.0508276e+03
   2.7457164e+03   9.4967463e+02   8.1266288e+02   3.5214168e+03   7.8543328e+00   4.4007943e+00   2.9343668e+03
   2.7620366e+03   9.5399262e+02   8.0777311e+02   3.5214512e+03   7.8535180e+00   4.3997730e+00   2.8236830e+03
   2.7783050e+03   9.5829580e+02   8.0288335e+02   3.5214848e+03   7.8526957e+00   4.3987509e+00   2.7184308e+03
   2.7945222e+03   9.6258430e+02   7.9799358e+02   3.5215160e+03   7.8518777e+00   4.3977323e+00   2.6182887e+03
   2.8106887e+03   9.6685825e+02   7.9310382e+02   3.5215475e+03   7.8510729e+00   4.3967196e+00   2.5229572e+03
   2.8268051e+03   9.7111781e+02   7.8821405e+02   3.5215809e+03   7.8502664e+00   4.3957093e+00   2.4321570e+03
   2.8428721e+03   9.7536313e+02   7.8332428e+02   3.5216135e+03   7.8494542e+00   4.3946990e+00   2.3456275e+03
   2.8588902e+03   9.7959435e+02   7.7843452e+02   3.5216448e+03   7.8486462e+00   4.3936921e+00   2.2631253e+03
   2.8748602e+03   9.8381163e+02   7.7354475e+02   3.5216764e+03   7.8478500e+00   4.3926910e+00   2.1844232e+03
   2.8907826e+03   9.8801514e+02   7.6865498e+02   3.5217097e+03   7.8470505e+00   4.3916915e+00   2.1093087e+03
   2.9066581e+03   9.9220503e+02   7.6376522e+02   3.5217416e+03   7.8462513e+00   4.3906930e+00   2.0375830e+03
   2.9224874e+03   9.9638148e+02   7.5887545e+02   3.5217728e+03   7.8454541e+00   4.3896972e+00   1.9690602e+03
   2.9382713e+03   1.0005447e+03   7.5398569e+02   3.5218042e+03   7.8446649e+00   4.3887065e+00   1.9035659e+03
   2.9540103e+03   1.0046947e+03   7.4909592e+02   3.5218368e+03   7.8438750e+00   4.3877177e+00   1.8409369e+03
   2.9697054e+03   1.0088319e+03   7.4420615e+02   3.5218684e+03   7.8430875e+00   4.3867309e+00   1.7810202e+03
   2.9853572e+03   1.0129564e+03   7.3931639e+02   3.5218999e+03   7.8422988e+00   4.3857454e+00   1.7236722e+03
   3.0009666e+03   1.0170683e+03   7.3442662e+02   3.5219307e+03   7.8415165e+00   4.3847641e+00   1.6687579e+03
   3.0165342e+03   1.0211678e+03   7.2953685e+02   3.5219625e+03   7.8407349e+00   4.3837856e+00   1.6161509e+03
   3.0320611e+03   1.0252553e+03   7.2464709e+02   3.5219938e+03   7.8399598e+00   4.3828107e+00   1.5657321e+03
   3.0475479e+03   1.0293308e+03   7.1975732e+02   3.5220260e+03   7.8391796e+00   4.3818354e+00   1.5173896e+03
   3.0629956e+03   1.0333946e+03   7.1486755e+02   3.5220568e+03   7.8384050e+00   4.3808637e+00   1.4710183e+03
   3.0784051e+03   1.0374469e+03   7.0997779e+02   3.5220881e+03   7.8376313e+00   4.3798942e+00   1.4265190e+03
   3.0937773e+03   1.0414880e+03   7.0508802e+02   3.5221192e+03   7.8368688e+00   4.3789297e+00   1.3837984e+03
   3.1091131e+03   1.0455180e+03   7.0019826e+02   3.5221525e+03   7.8360962e+00   4.3779632e+00   1.3427686e+03
   3.1244135e+03   1.0495372e+03   6.9530849e+02   3.5221832e+03   7.8353291e+00   4.3770003e+00   1.3033468e+03
   3.1396796e+03   1.0535459e+03   6.9041872e+02   3.5222139e+03   7.8345624e+00   4.3760396e+00   1.2654548e+03
   3.1549123e+03   1.0575443e+03   6.8552896e+02   3.5222443e+03   7.8338081e+00   4.3750839e+00   1.2290189e+03
   3.1701126e+03   1.0615326e+03   6.8063919e+02   3.5222772e+03   7.8330475e+00   4.3741274e+00   1.1939693e+03
   3.1852818e+03   1.0655111e+03   6.7574942e+02   3.5223086e+03   7.8322868e+00   4.3731720e+00   1.1602404e+03
   3.2004209e+03   1.0694802e+03   6.7085966e+02   3.5223396e+03   7.8315252e+00   4.3722181e+00   1.1277699e+03
   3.2155311e+03   1.0734401e+03   6.6596989e+02   3.5223700e+03   7.8307777e+00   4.3712704e+00   1.0964992e+03
   3.2306135e+03   1.0773910e+03   6.6108013e+02   3.5224028e+03   7.8300290e+00   4.3703236e+00   1.0663726e+03
   3.2456693e+03   1.0813333e+03   6.5619036e+02   3.5224351e+03   7.8292745e+00   4.3693754e+00   1.0373375e+03
   3.2607000e+03   1.0852673e+03   6.5130059e+02   3.5224659e+03   7.8285196e+00   4.3684286e+00   1.0093442e+03
   3.2757066e+03   1.0891932e+03   6.4641083e+02   3.5224963e+03   7.8277769e+00   4.3674868e+00   9.8234539e+02
   3.2906906e+03   1.0931116e+03   6.4152106e+02   3.5225292e+03   7.8270382e+00   4.3665475e+00   9.5629647e+02
   3.3056534e+03   1.0970225e+03   6.3663129e+02   3.5225627e+03   7.8262914e+00   4.3656064e+00   9.3115506e+02
   3.3205963e+03   1.1009265e+03   6.3174153e+02   3.5225937e+03   7.8255434e+00   4.3646660e+00   9.0688096e+02
   3.3355209e+03   1.1048239e+03   6.2685176e+02   3.5226239e+03   7.8248046e+00   4.3637292e+00   8.8343604e+02
   3.3504286e+03   1.1087150e+03   6.2196199e+02   3.5226561e+03   7.8240722e+00   4.3627952e+00   8.6078411e+02
   3.3653211e+03   1.1126003e+03   6.1707223e+02   3.5226895e+03   7.8233357e+00   4.3618607e+00   8.3889081e+02
   3.3801998e+03   1.1164801e+03   6.1218246e+02   3.5227219e+03   7.8225926e+00   4.3609246e+00   8.1772350e+02
   3.3950665e+03   1.1203548e+03   6.0729270e+02   3.5227528e+03   7.8218556e+00   4.3599910e+00   7.9725113e+02
   3.4099229e+03   1.1242248e+03   6.0240293e+02   3.5227850e+03   7.8211276e+00   4.3590610e+00   7.7744421e+02
   3.4247708e+03   1.1280907e+03   5.9751316e+02   3.5228191e+03   7.8203976e+00   4.3581312e+00   7.5827468e+02
   3.4396119e+03   1.1319528e+03   5.9262340e+02   3.5228524e+03   7.8196618e+00   4.3571995e+00   7.3971584e+02
   3.4544483e+03   1.1358116e+03   5.8773363e+02   3.5228843e+03   7.8189259e+00   4.3562681e+00   7.2174228e+02
   3.4692817e+03   1.1396675e+03   5.8284386e+02   3.5229160e+03   7.8182018e+00   4.3553402e+00   7.0432979e+02
   3.4841144e+03   1.1435211e+03   5.7795410e+02   3.5229505e+03   7.8174730e+00   4.3544116e+00   6.8745532e+02
   3.4989482e+03   1.1473730e+03   5.7306433e+02   3.5229839e+03   7.8167479e+00   4.3534839e+00   6.7109690e+02
   3.5137855e+03   1.1512235e+03   5.6817456e+02   3.5230179e+03   7.8160139e+00   4.3525530e+00   6.5523357e+02
   3.5286283e+03   1.1550733e+03   5.6328480e+02   3.5230501e+03   7.8152910e+00   4.3516253e+00   6.3984537e+02
   3.5434791e+03   1.1589229e+03   5.5839503e+02   3.5230848e+03   7.8145657e+00   4.3506971e+00   6.2491322e+02
   3.5583403e+03   1.1627729e+03   5.5350527e+02   3.5231189e+03   7.8138441e+00   4.3497697e+00   6.1041894e+02
   3.5732143e+03   1.1666240e+03   5.4861550e+02   3.5231539e+03   7.8131147e+00   4.3488389e+00   5.9634516e+02
   3.5881036e+03   1.1704767e+03   5.4372573e+02   3.5231874e+03   7.8123895e+00   4.3479088e+00   5.8267529e+02
   3.6030110e+03   1.1743318e+03   5.3883597e+02   3.5232220e+03   7.8116653e+00   4.3469787e+00   5.6939347e+02
   3.6179392e+03   1.1781898e+03   5.3394620e+02   3.5232570e+03   7.8109410e+00   4.3460480e+00   5.5648455e+02
   3.6328910e+03   1.1820515e+03   5.2905643e+02   3.5232921e+03   7.8102198e+00   4.3451171e+00   5.4393405e+02
   3.6478694e+03   1.1859176e+03   5.2416667e+02   3.5233284e+03   7.8094907e+00   4.3441820e+00   5.3172810e+02
   3.6628776e+03   1.1897889e+03   5.1927690e+02   3.5233634e+03   7.8087649e+00   4.3432470e+00   5.1985346e+02
   3.6779186e+03   1.1936661e+03   5.1438714e+02   3.5233993e+03   7.8080352e+00   4.3423097e+00   5.0829742e+02
   3.6929958e+03   1.1975502e+03   5.0949737e+02   3.5234346e+03   7.8073161e+00   4.3413738e+00   4.9704782e+02
   3.7081127e+03   1.2014418e+03   5.0460760e+02   3.5234726e+03   7.8065859e+00   4.3404323e+00   4.8609304e+02
   3.7232728e+03   1.2053419e+03   4.9971784e+02   3.5235088e+03   7.8058575e+00   4.3394897e+00   4.7542192e+02
   3.7384798e+03   1.2092515e+03   4.9482807e+02   3.5235461e+03   7.8051223e+00   4.3385436e+00   4.6502376e+02
   3.7537377e+03   1.2131714e+03   4.8993830e+02   3.5235824e+03   7.8043985e+00   4.3375985e+00   4.5488831e+02
   3.7690503e+03   1.2171026e+03   4.8504854e+02   3.5236219e+03   7.8036691e+00   4.3366493e+00   4.4500574e+02
   3.7844220e+03   1.2210463e+03   4.8015877e+02   3.5236610e+03   7.8029330e+00   4.3356950e+00   4.3536661e+02
   3.7998570e+03   1.2250034e+03   4.7526900e+02   3.5236991e+03   7.8021916e+00   4.3347367e+00   4.2596187e+02
   3.8153600e+03   1.2289750e+03   4.7037924e+02   3.5237367e+03   7.8014587e+00   4.3337780e+00   4.1678282e+02
   3.8309355e+03   1.2329624e+03   4.6548947e+02   3.5237771e+03   7.8007261e+00   4.3328163e+00   4.0782111e+02
   3.8465886e+03   1.2369667e+03   4.6059971e+02   3.5238186e+03   7.7999804e+00   4.3318466e+00   3.9906872e+02
   3.8623244e+03   1.2409893e+03   4.5570994e+02   3.5238580e+03   7.7992303e+00   4.3308721e+00   3.9051792e+02
   3.8781482e+03   1.2450313e+03   4.5082017e+02   3.5238974e+03   7.7984872e+00   4.3298958e+00   3.8216132e+02
   3.8940656e+03   1.2490943e+03   4.4593041e+02   3.5239395e+03   7.7977449e+00   4.3289157e+00   3.7399177e+02
   3.8940656e+03   1.2490943e+03   4.4593041e+02   8.0000000e+03   5.9984842e+00   3.2459230e+00   1.0000000e+04
   4.2625142e+03   1.2504822e+03   3.9638258e+02   8.0106960e+03   5.9944783e+00   3.2437553e+00   1.0000000e+04
   4.5803481e+03   1.2518701e+03   3.4683476e+02   8.0205595e+03   6.0201138e+00   3.2559000e+00   1.0000000e+04
   4.8439260e+03   1.2532580e+03   2.9728694e+02   8.0298148e+03   6.0418091e+00   3.2661644e+00   1.0000000e+04
   5.0471900e+03   1.2546458e+03   2.4773911e+02   8.0386427e+03   6.0592699e+00   3.2743995e+00   1.0000000e+04
   5.1789811e+03   1.2560337e+03   1.9819129e+02   8.0472070e+03   6.0720119e+00   3.2803657e+00   1.0000000e+04
   5.2158864e+03   1.2574216e+03   1.4864347e+02   8.0556890e+03   6.0791394e+00   3.2836244e+00   1.0000000e+04
   5.0986852e+03   1.2588095e+03   9.9095646e+01   8.0643663e+03   6.0787545e+00   3.2832515e+00   1.0000000e+04
   4.6229474e+03   1.2601974e+03   4.9547823e+01   8.0739777e+03   6.0659690e+00   3.2768698e+00   1.0000000e+04
   2.4049658e+03   1.2615852e+03   0.0000000e+00   8.0927211e+03   6.0216331e+00   3.2550629e+00   1.0000000e+04
