   0.0000000e+00   1.0200000e+02   1.5610000e+03   9.3203867e+02   3.9792509e+00   1.9652120e+00   7.2886017e+03
   1.9704829e-01   1.0551817e+02   1.5608391e+03   9.3203867e+02   3.9794790e+00   1.9653246e+00   4.9217433e+03
   3.9409658e-01   1.0915768e+02   1.5606783e+03   9.3192124e+02   3.9797297e+00   1.9654484e+00   3.3672808e+03
   5.9114487e-01   1.1292273e+02   1.5605174e+03   9.3179214e+02   3.9800054e+00   1.9655845e+00   2.3331128e+03
   7.8819317e-01   1.1681764e+02   1.5603566e+03   9.3165022e+02   3.9803085e+00   1.9657343e+00   1.6364584e+03
   9.8524146e-01   1.2084690e+02   1.5601957e+03   9.3149420e+02   3.9806418e+00   1.9658989e+00   1.1614750e+03
   1.1822897e+00   1.2501513e+02   1.5600348e+03   9.3132266e+02   3.9810084e+00   1.9660799e+00   8.3383319e+02
   1.3793380e+00   1.2932713e+02   1.5598740e+03   9.3113404e+02   3.9814116e+00   1.9662790e+00   6.0526757e+02
   1.5763863e+00   1.3378786e+02   1.5597131e+03   9.3092661e+02   3.9818551e+00   1.9664981e+00   4.4407318e+02
   1.7734346e+00   1.3840245e+02   1.5595522e+03   9.3069846e+02   3.9823432e+00   1.9667391e+00   3.2918946e+02
   1.9704829e+00   1.4317621e+02   1.5593912e+03   9.3044750e+02   3.9828802e+00   1.9670043e+00   2.4647451e+02
   2.1675312e+00   1.4811462e+02   1.5592303e+03   9.3017145e+02   3.9834711e+00   1.9672962e+00   1.8633237e+02
   2.3645795e+00   1.5322336e+02   1.5590693e+03   9.2986781e+02   3.9841215e+00   1.9676174e+00   1.4218543e+02
   2.5616278e+00   1.5850832e+02   1.5589082e+03   9.2953387e+02   3.9848371e+00   1.9679708e+00   1.0948064e+02
   2.7586761e+00   1.6397556e+02   1.5587472e+03   9.2916672e+02   3.9856243e+00   1.9683595e+00   8.5036312e+01
   2.9557244e+00   1.6963138e+02   1.5585861e+03   9.2876324e+02   3.9864899e+00   1.9687870e+00   6.6608586e+01
   3.1527727e+00   1.7548228e+02   1.5584249e+03   9.2832012e+02   3.9874412e+00   1.9692569e+00   5.2600845e+01
   3.3498210e+00   1.8153498e+02   1.5582637e+03   9.2783392e+02   3.9884859e+00   1.9697728e+00   4.1867210e+01
   3.5468692e+00   1.8779646e+02   1.5581024e+03   9.2730110e+02   3.9896316e+00   1.9703386e+00   3.3578408e+01
   3.7439175e+00   1.9427390e+02   1.5579410e+03   9.2671808e+02   3.9908863e+00   1.9709583e+00   2.7129439e+01
   3.9409658e+00   2.0097476e+02   1.5577796e+03   9.2608141e+02   3.9922580e+00   1.9716357e+00   2.2075452e+01
   4.1380141e+00   2.0790675e+02   1.5576180e+03   9.2538782e+02   3.9937538e+00   1.9723744e+00   1.8086875e+01
   4.3350624e+00   2.1507784e+02   1.5574564e+03   9.2463446e+02   3.9953805e+00   1.9731778e+00   1.4917741e+01
   4.5321107e+00   2.2249627e+02   1.5572946e+03   9.2381908e+02   3.9971433e+00   1.9740484e+00   1.2383174e+01
   4.7291590e+00   2.3017057e+02   1.5571327e+03   9.2294027e+02   3.9990458e+00   1.9749880e+00   1.0343257e+01
   4.9262073e+00   2.3810958e+02   1.5569707e+03   9.2199779e+02   4.0010892e+00   1.9759971e+00   8.6913872e+00
   5.1232556e+00   2.4632242e+02   1.5568086e+03   9.2099280e+02   4.0032716e+00   1.9770749e+00   7.3458233e+00
   5.3203039e+00   2.5481853e+02   1.5566462e+03   9.1992822e+02   4.0055874e+00   1.9782186e+00   6.2434902e+00
   5.5173522e+00   2.6360769e+02   1.5564837e+03   9.1880892e+02   4.0080264e+00   1.9794232e+00   5.3354217e+00
   5.7144005e+00   2.7270000e+02   1.5563211e+03   9.1764200e+02   4.0105740e+00   1.9806813e+00   4.5833808e+00
   5.7144005e+00   2.7270482e+02   1.5563211e+03   1.1103490e+03   1.5474716e+00   0.0000000e+00   0.0000000e+00
   6.3029717e+00   2.7270968e+02   1.5559191e+03   1.1105946e+03   1.5486169e+00   0.0000000e+00   0.0000000e+00
   6.8915429e+00   2.7271459e+02   1.5555174e+03   1.1108398e+03   1.5497622e+00   0.0000000e+00   0.0000000e+00
   7.4801141e+00   2.7271955e+02   1.5551158e+03   1.1110846e+03   1.5509076e+00   0.0000000e+00   0.0000000e+00
   8.0686853e+00   2.7272454e+02   1.5547144e+03   1.1113291e+03   1.5520530e+00   0.0000000e+00   0.0000000e+00
   8.6572565e+00   2.7272958e+02   1.5543132e+03   1.1115732e+03   1.5531984e+00   0.0000000e+00   0.0000000e+00
   9.2458277e+00   2.7273466e+02   1.5539122e+03   1.1118170e+03   1.5543439e+00   0.0000000e+00   0.0000000e+00
   9.8343989e+00   2.7273979e+02   1.5535113e+03   1.1120604e+03   1.5554894e+00   0.0000000e+00   0.0000000e+00
   1.0422970e+01   2.7274495e+02   1.5531106e+03   1.1123035e+03   1.5566349e+00   0.0000000e+00   0.0000000e+00
   1.1011541e+01   2.7275017e+02   1.5527101e+03   1.1125462e+03   1.5577805e+00   0.0000000e+00   0.0000000e+00
   1.1600112e+01   2.7275542e+02   1.5523098e+03   1.1127886e+03   1.5589261e+00   0.0000000e+00   0.0000000e+00
   1.2188684e+01   2.7276071e+02   1.5519097e+03   1.1130306e+03   1.5600717e+00   0.0000000e+00   0.0000000e+00
   1.2777255e+01   2.7276605e+02   1.5515098e+03   1.1132722e+03   1.5612173e+00   0.0000000e+00   0.0000000e+00
   1.3365826e+01   2.7277143e+02   1.5511100e+03   1.1135135e+03   1.5623630e+00   0.0000000e+00   0.0000000e+00
   1.3954397e+01   2.7277685e+02   1.5507104e+03   1.1137545e+03   1.5635087e+00   0.0000000e+00   0.0000000e+00
   1.4542968e+01   2.7278231e+02   1.5503110e+03   1.1139951e+03   1.5646544e+00   0.0000000e+00   0.0000000e+00
   1.5131540e+01   2.7278781e+02   1.5499118e+03   1.1142353e+03   1.5658002e+00   0.0000000e+00   0.0000000e+00
   1.5720111e+01   2.7279335e+02   1.5495127e+03   1.1144752e+03   1.5669459e+00   0.0000000e+00   0.0000000e+00
   1.6308682e+01   2.7279894e+02   1.5491138e+03   1.1147148e+03   1.5680917e+00   0.0000000e+00   0.0000000e+00
   1.6897253e+01   2.7280456e+02   1.5487152e+03   1.1149540e+03   1.5692375e+00   0.0000000e+00   0.0000000e+00
   1.7485824e+01   2.7281022e+02   1.5483166e+03   1.1151928e+03   1.5703834e+00   0.0000000e+00   0.0000000e+00
   1.8074396e+01   2.7281593e+02   1.5479183e+03   1.1154314e+03   1.5715292e+00   0.0000000e+00   0.0000000e+00
   1.8662967e+01   2.7282167e+02   1.5475201e+03   1.1156695e+03   1.5726751e+00   0.0000000e+00   0.0000000e+00
   1.9251538e+01   2.7282746e+02   1.5471222e+03   1.1159073e+03   1.5738210e+00   0.0000000e+00   0.0000000e+00
   1.9840109e+01   2.7283328e+02   1.5467244e+03   1.1161448e+03   1.5749669e+00   0.0000000e+00   0.0000000e+00
   2.0428680e+01   2.7283914e+02   1.5463267e+03   1.1163820e+03   1.5761129e+00   0.0000000e+00   0.0000000e+00
   2.1017252e+01   2.7284504e+02   1.5459293e+03   1.1166187e+03   1.5772588e+00   0.0000000e+00   0.0000000e+00
   2.1605823e+01   2.7285098e+02   1.5455320e+03   1.1168552e+03   1.5784047e+00   0.0000000e+00   0.0000000e+00
   2.2194394e+01   2.7285696e+02   1.5451349e+03   1.1170913e+03   1.5795507e+00   0.0000000e+00   0.0000000e+00
   2.2782965e+01   2.7286298e+02   1.5447380e+03   1.1173271e+03   1.5806965e+00   0.0000000e+00   0.0000000e+00
   2.3371536e+01   2.7286903e+02   1.5443413e+03   1.1175625e+03   1.5818423e+00   0.0000000e+00   0.0000000e+00
   2.3960108e+01   2.7287512e+02   1.5439447e+03   1.1177976e+03   1.5829881e+00   0.0000000e+00   0.0000000e+00
   2.4548679e+01   2.7288126e+02   1.5435483e+03   1.1180323e+03   1.5841337e+00   0.0000000e+00   0.0000000e+00
   2.5137250e+01   2.7288742e+02   1.5431521e+03   1.1182668e+03   1.5852793e+00   0.0000000e+00   0.0000000e+00
   2.5725821e+01   2.7289363e+02   1.5427560e+03   1.1185008e+03   1.5864247e+00   0.0000000e+00   0.0000000e+00
   2.6314392e+01   2.7289987e+02   1.5423602e+03   1.1187346e+03   1.5875700e+00   0.0000000e+00   0.0000000e+00
   2.6902964e+01   2.7290615e+02   1.5419645e+03   1.1189680e+03   1.5887151e+00   0.0000000e+00   0.0000000e+00
   2.7491535e+01   2.7291247e+02   1.5415690e+03   1.1192010e+03   1.5898601e+00   0.0000000e+00   0.0000000e+00
   2.8080106e+01   2.7291882e+02   1.5411736e+03   1.1194338e+03   1.5910049e+00   0.0000000e+00   0.0000000e+00
   2.8668677e+01   2.7292521e+02   1.5407785e+03   1.1196662e+03   1.5921494e+00   0.0000000e+00   0.0000000e+00
   2.9257248e+01   2.7293164e+02   1.5403835e+03   1.1198983e+03   1.5932938e+00   0.0000000e+00   0.0000000e+00
   2.9845820e+01   2.7293810e+02   1.5399887e+03   1.1201300e+03   1.5944379e+00   0.0000000e+00   0.0000000e+00
   3.0434391e+01   2.7294460e+02   1.5395940e+03   1.1203614e+03   1.5955817e+00   0.0000000e+00   0.0000000e+00
   3.1022962e+01   2.7295113e+02   1.5391996e+03   1.1205925e+03   1.5967253e+00   0.0000000e+00   0.0000000e+00
   3.1611533e+01   2.7295770e+02   1.5388053e+03   1.1208232e+03   1.5978685e+00   0.0000000e+00   0.0000000e+00
   3.2200104e+01   2.7296431e+02   1.5384111e+03   1.1210537e+03   1.5990115e+00   0.0000000e+00   0.0000000e+00
   3.2788676e+01   2.7297095e+02   1.5380172e+03   1.1212838e+03   1.6001541e+00   0.0000000e+00   0.0000000e+00
   3.3377247e+01   2.7297762e+02   1.5376234e+03   1.1215135e+03   1.6012963e+00   0.0000000e+00   0.0000000e+00
   3.3965818e+01   2.7298433e+02   1.5372298e+03   1.1217430e+03   1.6024382e+00   0.0000000e+00   0.0000000e+00
   3.4554389e+01   2.7299107e+02   1.5368364e+03   1.1219721e+03   1.6035796e+00   0.0000000e+00   0.0000000e+00
   3.5142960e+01   2.7299785e+02   1.5364431e+03   1.1222009e+03   1.6047207e+00   0.0000000e+00   0.0000000e+00
   3.5731532e+01   2.7300466e+02   1.5360501e+03   1.1224294e+03   1.6058613e+00   0.0000000e+00   0.0000000e+00
   3.6320103e+01   2.7301151e+02   1.5356571e+03   1.1226575e+03   1.6070014e+00   0.0000000e+00   0.0000000e+00
   3.6908674e+01   2.7301839e+02   1.5352644e+03   1.1228853e+03   1.6081410e+00   0.0000000e+00   0.0000000e+00
   3.7497245e+01   2.7302530e+02   1.5348718e+03   1.1231128e+03   1.6092802e+00   0.0000000e+00   0.0000000e+00
   3.8085816e+01   2.7303225e+02   1.5344794e+03   1.1233400e+03   1.6104188e+00   0.0000000e+00   0.0000000e+00
   3.8674388e+01   2.7303923e+02   1.5340872e+03   1.1235669e+03   1.6115568e+00   0.0000000e+00   0.0000000e+00
   3.9262959e+01   2.7304624e+02   1.5336951e+03   1.1237934e+03   1.6126943e+00   0.0000000e+00   0.0000000e+00
   3.9851530e+01   2.7305329e+02   1.5333033e+03   1.1240196e+03   1.6138312e+00   0.0000000e+00   0.0000000e+00
   4.0440101e+01   2.7306037e+02   1.5329115e+03   1.1242455e+03   1.6149675e+00   0.0000000e+00   0.0000000e+00
   4.1028672e+01   2.7306748e+02   1.5325200e+03   1.1244711e+03   1.6161032e+00   0.0000000e+00   0.0000000e+00
   4.1617244e+01   2.7307462e+02   1.5321286e+03   1.1246964e+03   1.6172382e+00   0.0000000e+00   0.0000000e+00
   4.2205815e+01   2.7308180e+02   1.5317374e+03   1.1249213e+03   1.6183725e+00   0.0000000e+00   0.0000000e+00
   4.2794386e+01   2.7308901e+02   1.5313464e+03   1.1251460e+03   1.6195062e+00   0.0000000e+00   0.0000000e+00
   4.3382957e+01   2.7309625e+02   1.5309555e+03   1.1253703e+03   1.6206392e+00   0.0000000e+00   0.0000000e+00
   4.3971528e+01   2.7310352e+02   1.5305648e+03   1.1255943e+03   1.6217714e+00   0.0000000e+00   0.0000000e+00
   4.4560100e+01   2.7311082e+02   1.5301743e+03   1.1258180e+03   1.6229029e+00   0.0000000e+00   0.0000000e+00
   4.5148671e+01   2.7311816e+02   1.5297840e+03   1.1260414e+03   1.6240336e+00   0.0000000e+00   0.0000000e+00
   4.5737242e+01   2.7312552e+02   1.5293938e+03   1.1262645e+03   1.6251636e+00   0.0000000e+00   0.0000000e+00
   4.6325813e+01   2.7313292e+02   1.5290037e+03   1.1264873e+03   1.6262927e+00   0.0000000e+00   0.0000000e+00
   4.6914384e+01   2.7314035e+02   1.5286139e+03   1.1267097e+03   1.6274210e+00   0.0000000e+00   0.0000000e+00
   4.7502956e+01   2.7314780e+02   1.5282242e+03   1.1269319e+03   1.6285485e+00   0.0000000e+00   0.0000000e+00
   4.8091527e+01   2.7315529e+02   1.5278347e+03   1.1271537e+03   1.6296752e+00   0.0000000e+00   0.0000000e+00
   4.8680098e+01   2.7316281e+02   1.5274454e+03   1.1273752e+03   1.6308009e+00   0.0000000e+00   0.0000000e+00
   4.9268669e+01   2.7317036e+02   1.5270562e+03   1.1275965e+03   1.6319258e+00   0.0000000e+00   0.0000000e+00
   4.9857240e+01   2.7317794e+02   1.5266672e+03   1.1278174e+03   1.6330497e+00   0.0000000e+00   0.0000000e+00
   5.0445812e+01   2.7318555e+02   1.5262783e+03   1.1280380e+03   1.6341728e+00   0.0000000e+00   0.0000000e+00
   5.1034383e+01   2.7319318e+02   1.5258897e+03   1.1282583e+03   1.6352949e+00   0.0000000e+00   0.0000000e+00
   5.1622954e+01   2.7320085e+02   1.5255012e+03   1.1284783e+03   1.6364160e+00   0.0000000e+00   0.0000000e+00
   5.2211525e+01   2.7320855e+02   1.5251128e+03   1.1286981e+03   1.6375363e+00   0.0000000e+00   0.0000000e+00
   5.2800096e+01   2.7321627e+02   1.5247246e+03   1.1289175e+03   1.6386556e+00   0.0000000e+00   0.0000000e+00
   5.3388668e+01   2.7322403e+02   1.5243366e+03   1.1291366e+03   1.6397741e+00   0.0000000e+00   0.0000000e+00
   5.3977239e+01   2.7323181e+02   1.5239488e+03   1.1293554e+03   1.6408916e+00   0.0000000e+00   0.0000000e+00
   5.4565810e+01   2.7323963e+02   1.5235611e+03   1.1295739e+03   1.6420083e+00   0.0000000e+00   0.0000000e+00
   5.5154381e+01   2.7324747e+02   1.5231736e+03   1.1297921e+03   1.6431241e+00   0.0000000e+00   0.0000000e+00
   5.5742952e+01   2.7325534e+02   1.5227863e+03   1.1300100e+03   1.6442391e+00   0.0000000e+00   0.0000000e+00
   5.6331524e+01   2.7326323e+02   1.5223991e+03   1.1302276e+03   1.6453532e+00   0.0000000e+00   0.0000000e+00
   5.6920095e+01   2.7327116e+02   1.5220121e+03   1.1304449e+03   1.6464665e+00   0.0000000e+00   0.0000000e+00
   5.7508666e+01   2.7327911e+02   1.5216253e+03   1.1306620e+03   1.6475789e+00   0.0000000e+00   0.0000000e+00
   5.8097237e+01   2.7328709e+02   1.5212386e+03   1.1308787e+03   1.6486905e+00   0.0000000e+00   0.0000000e+00
   5.8685808e+01   2.7329510e+02   1.5208521e+03   1.1310951e+03   1.6498013e+00   0.0000000e+00   0.0000000e+00
   5.9274380e+01   2.7330314e+02   1.5204657e+03   1.1313113e+03   1.6509113e+00   0.0000000e+00   0.0000000e+00
   5.9862951e+01   2.7331120e+02   1.5200795e+03   1.1315271e+03   1.6520205e+00   0.0000000e+00   0.0000000e+00
   6.0451522e+01   2.7331929e+02   1.5196935e+03   1.1317427e+03   1.6531289e+00   0.0000000e+00   0.0000000e+00
   6.1040093e+01   2.7332741e+02   1.5193077e+03   1.1319580e+03   1.6542366e+00   0.0000000e+00   0.0000000e+00
   6.1628664e+01   2.7333555e+02   1.5189220e+03   1.1321729e+03   1.6553434e+00   0.0000000e+00   0.0000000e+00
   6.2217236e+01   2.7334372e+02   1.5185365e+03   1.1323876e+03   1.6564495e+00   0.0000000e+00   0.0000000e+00
   6.2805807e+01   2.7335192e+02   1.5181511e+03   1.1326020e+03   1.6575549e+00   0.0000000e+00   0.0000000e+00
   6.3394378e+01   2.7336015e+02   1.5177659e+03   1.1328161e+03   1.6586595e+00   0.0000000e+00   0.0000000e+00
   6.3982949e+01   2.7336840e+02   1.5173809e+03   1.1330300e+03   1.6597635e+00   0.0000000e+00   0.0000000e+00
   6.4571520e+01   2.7337667e+02   1.5169960e+03   1.1332435e+03   1.6608667e+00   0.0000000e+00   0.0000000e+00
   6.5160092e+01   2.7338497e+02   1.5166113e+03   1.1334568e+03   1.6619692e+00   0.0000000e+00   0.0000000e+00
   6.5748663e+01   2.7339330e+02   1.5162267e+03   1.1336697e+03   1.6630710e+00   0.0000000e+00   0.0000000e+00
   6.6337234e+01   2.7340166e+02   1.5158424e+03   1.1338824e+03   1.6641722e+00   0.0000000e+00   0.0000000e+00
   6.6925805e+01   2.7341003e+02   1.5154581e+03   1.1340948e+03   1.6652727e+00   0.0000000e+00   0.0000000e+00
   6.7514376e+01   2.7341844e+02   1.5150741e+03   1.1343070e+03   1.6663725e+00   0.0000000e+00   0.0000000e+00
   6.8102948e+01   2.7342687e+02   1.5146902e+03   1.1345188e+03   1.6674717e+00   0.0000000e+00   0.0000000e+00
   6.8691519e+01   2.7343532e+02   1.5143065e+03   1.1347304e+03   1.6685703e+00   0.0000000e+00   0.0000000e+00
   6.9280090e+01   2.7344380e+02   1.5139229e+03   1.1349416e+03   1.6696683e+00   0.0000000e+00   0.0000000e+00
   6.9868661e+01   2.7345231e+02   1.5135395e+03   1.1351526e+03   1.6707656e+00   0.0000000e+00   0.0000000e+00
   7.0457232e+01   2.7346084e+02   1.5131563e+03   1.1353634e+03   1.6718624e+00   0.0000000e+00   0.0000000e+00
   7.1045804e+01   2.7346939e+02   1.5127732e+03   1.1355738e+03   1.6729586e+00   0.0000000e+00   0.0000000e+00
   7.1634375e+01   2.7347797e+02   1.5123902e+03   1.1357840e+03   1.6740541e+00   0.0000000e+00   0.0000000e+00
   7.2222946e+01   2.7348657e+02   1.5120075e+03   1.1359939e+03   1.6751491e+00   0.0000000e+00   0.0000000e+00
   7.2811517e+01   2.7349520e+02   1.5116249e+03   1.1362035e+03   1.6762435e+00   0.0000000e+00   0.0000000e+00
   7.3400088e+01   2.7350385e+02   1.5112425e+03   1.1364128e+03   1.6773372e+00   0.0000000e+00   0.0000000e+00
   7.3988660e+01   2.7351253e+02   1.5108602e+03   1.1366219e+03   1.6784304e+00   0.0000000e+00   0.0000000e+00
   7.4577231e+01   2.7352123e+02   1.5104781e+03   1.1368307e+03   1.6795229e+00   0.0000000e+00   0.0000000e+00
   7.5165802e+01   2.7352995e+02   1.5100961e+03   1.1370392e+03   1.6806149e+00   0.0000000e+00   0.0000000e+00
   7.5754373e+01   2.7353870e+02   1.5097143e+03   1.1372475e+03   1.6817062e+00   0.0000000e+00   0.0000000e+00
   7.6342944e+01   2.7354747e+02   1.5093327e+03   1.1374555e+03   1.6827969e+00   0.0000000e+00   0.0000000e+00
   7.6931516e+01   2.7355626e+02   1.5089512e+03   1.1376632e+03   1.6838870e+00   0.0000000e+00   0.0000000e+00
   7.7520087e+01   2.7356508e+02   1.5085699e+03   1.1378707e+03   1.6849765e+00   0.0000000e+00   0.0000000e+00
   7.8108658e+01   2.7357391e+02   1.5081887e+03   1.1380778e+03   1.6860653e+00   0.0000000e+00   0.0000000e+00
   7.8697229e+01   2.7358278e+02   1.5078078e+03   1.1382848e+03   1.6871536e+00   0.0000000e+00   0.0000000e+00
   7.9285800e+01   2.7359166e+02   1.5074269e+03   1.1384914e+03   1.6882412e+00   0.0000000e+00   0.0000000e+00
   7.9874372e+01   2.7360057e+02   1.5070462e+03   1.1386978e+03   1.6893282e+00   0.0000000e+00   0.0000000e+00
   8.0462943e+01   2.7360950e+02   1.5066657e+03   1.1389039e+03   1.6904145e+00   0.0000000e+00   0.0000000e+00
   8.1051514e+01   2.7361845e+02   1.5062854e+03   1.1391098e+03   1.6915002e+00   0.0000000e+00   0.0000000e+00
   8.1640085e+01   2.7362743e+02   1.5059052e+03   1.1393153e+03   1.6925853e+00   0.0000000e+00   0.0000000e+00
   8.2228656e+01   2.7363643e+02   1.5055251e+03   1.1395207e+03   1.6936697e+00   0.0000000e+00   0.0000000e+00
   8.2817228e+01   2.7364545e+02   1.5051453e+03   1.1397257e+03   1.6947534e+00   0.0000000e+00   0.0000000e+00
   8.3405799e+01   2.7365449e+02   1.5047655e+03   1.1399305e+03   1.6958364e+00   0.0000000e+00   0.0000000e+00
   8.3994370e+01   2.7366355e+02   1.5043860e+03   1.1401351e+03   1.6969188e+00   0.0000000e+00   0.0000000e+00
   8.4582941e+01   2.7367264e+02   1.5040066e+03   1.1403394e+03   1.6980004e+00   0.0000000e+00   0.0000000e+00
   8.5171512e+01   2.7368175e+02   1.5036273e+03   1.1405434e+03   1.6990813e+00   0.0000000e+00   0.0000000e+00
   8.5760084e+01   2.7369087e+02   1.5032482e+03   1.1407472e+03   1.7001615e+00   0.0000000e+00   0.0000000e+00
   8.6348655e+01   2.7370003e+02   1.5028693e+03   1.1409507e+03   1.7012409e+00   0.0000000e+00   0.0000000e+00
   8.6937226e+01   2.7370920e+02   1.5024905e+03   1.1411539e+03   1.7023196e+00   0.0000000e+00   0.0000000e+00
   8.7525797e+01   2.7371839e+02   1.5021119e+03   1.1413569e+03   1.7033976e+00   0.0000000e+00   0.0000000e+00
   8.8114368e+01   2.7372760e+02   1.5017335e+03   1.1415597e+03   1.7044747e+00   0.0000000e+00   0.0000000e+00
   8.8702940e+01   2.7373684e+02   1.5013552e+03   1.1417622e+03   1.7055511e+00   0.0000000e+00   0.0000000e+00
   8.9291511e+01   2.7374610e+02   1.5009770e+03   1.1419644e+03   1.7066267e+00   0.0000000e+00   0.0000000e+00
   8.9880082e+01   2.7375537e+02   1.5005990e+03   1.1421664e+03   1.7077015e+00   0.0000000e+00   0.0000000e+00
   9.0468653e+01   2.7376467e+02   1.5002212e+03   1.1423681e+03   1.7087754e+00   0.0000000e+00   0.0000000e+00
   9.1057224e+01   2.7377399e+02   1.4998435e+03   1.1425696e+03   1.7098486e+00   0.0000000e+00   0.0000000e+00
   9.1645796e+01   2.7378333e+02   1.4994660e+03   1.1427708e+03   1.7109209e+00   0.0000000e+00   0.0000000e+00
   9.2234367e+01   2.7379269e+02   1.4990886e+03   1.1429718e+03   1.7119923e+00   0.0000000e+00   0.0000000e+00
   9.2822938e+01   2.7380207e+02   1.4987114e+03   1.1431725e+03   1.7130629e+00   0.0000000e+00   0.0000000e+00
   9.3411509e+01   2.7381147e+02   1.4983344e+03   1.1433730e+03   1.7141326e+00   0.0000000e+00   0.0000000e+00
   9.4000080e+01   2.7382089e+02   1.4979575e+03   1.1435732e+03   1.7152015e+00   0.0000000e+00   0.0000000e+00
   9.4588652e+01   2.7383033e+02   1.4975808e+03   1.1437732e+03   1.7162694e+00   0.0000000e+00   0.0000000e+00
   9.5177223e+01   2.7383979e+02   1.4972042e+03   1.1439729e+03   1.7173365e+00   0.0000000e+00   0.0000000e+00
   9.5765794e+01   2.7384927e+02   1.4968277e+03   1.1441724e+03   1.7184026e+00   0.0000000e+00   0.0000000e+00
   9.6354365e+01   2.7385877e+02   1.4964515e+03   1.1443716e+03   1.7194678e+00   0.0000000e+00   0.0000000e+00
   9.6942936e+01   2.7386829e+02   1.4960754e+03   1.1445706e+03   1.7205321e+00   0.0000000e+00   0.0000000e+00
   9.7531508e+01   2.7387783e+02   1.4956994e+03   1.1447693e+03   1.7215955e+00   0.0000000e+00   0.0000000e+00
   9.8120079e+01   2.7388739e+02   1.4953236e+03   1.1449678e+03   1.7226578e+00   0.0000000e+00   0.0000000e+00
   9.8708650e+01   2.7389697e+02   1.4949479e+03   1.1451661e+03   1.7237193e+00   0.0000000e+00   0.0000000e+00
   9.9297221e+01   2.7390657e+02   1.4945724e+03   1.1453641e+03   1.7247797e+00   0.0000000e+00   0.0000000e+00
   9.9885792e+01   2.7391619e+02   1.4941971e+03   1.1455619e+03   1.7258392e+00   0.0000000e+00   0.0000000e+00
   1.0047436e+02   2.7392582e+02   1.4938219e+03   1.1457594e+03   1.7268977e+00   0.0000000e+00   0.0000000e+00
   1.0106293e+02   2.7393548e+02   1.4934469e+03   1.1459567e+03   1.7279552e+00   0.0000000e+00   0.0000000e+00
   1.0165151e+02   2.7394515e+02   1.4930720e+03   1.1461537e+03   1.7290116e+00   0.0000000e+00   0.0000000e+00
   1.0224008e+02   2.7395484e+02   1.4926973e+03   1.1463505e+03   1.7300671e+00   0.0000000e+00   0.0000000e+00
   1.0282865e+02   2.7396455e+02   1.4923227e+03   1.1465471e+03   1.7311217e+00   0.0000000e+00   0.0000000e+00
   1.0341722e+02   2.7397428e+02   1.4919483e+03   1.1467434e+03   1.7321752e+00   0.0000000e+00   0.0000000e+00
   1.0400579e+02   2.7398403e+02   1.4915740e+03   1.1469395e+03   1.7332277e+00   0.0000000e+00   0.0000000e+00
   1.0459436e+02   2.7399380e+02   1.4911999e+03   1.1471353e+03   1.7342793e+00   0.0000000e+00   0.0000000e+00
   1.0518293e+02   2.7400359e+02   1.4908260e+03   1.1473309e+03   1.7353299e+00   0.0000000e+00   0.0000000e+00
   1.0577150e+02   2.7401339e+02   1.4904522e+03   1.1475263e+03   1.7363795e+00   0.0000000e+00   0.0000000e+00
   1.0636008e+02   2.7402321e+02   1.4900785e+03   1.1477214e+03   1.7374281e+00   0.0000000e+00   0.0000000e+00
   1.0694865e+02   2.7403305e+02   1.4897050e+03   1.1479163e+03   1.7384758e+00   0.0000000e+00   0.0000000e+00
   1.0753722e+02   2.7404291e+02   1.4893317e+03   1.1481110e+03   1.7395225e+00   0.0000000e+00   0.0000000e+00
   1.0812579e+02   2.7405278e+02   1.4889585e+03   1.1483054e+03   1.7405682e+00   0.0000000e+00   0.0000000e+00
   1.0871436e+02   2.7406268e+02   1.4885854e+03   1.1484996e+03   1.7416129e+00   0.0000000e+00   0.0000000e+00
   1.0930293e+02   2.7407259e+02   1.4882125e+03   1.1486935e+03   1.7426567e+00   0.0000000e+00   0.0000000e+00
   1.0989150e+02   2.7408252e+02   1.4878398e+03   1.1488873e+03   1.7436995e+00   0.0000000e+00   0.0000000e+00
   1.1048007e+02   2.7409246e+02   1.4874672e+03   1.1490808e+03   1.7447414e+00   0.0000000e+00   0.0000000e+00
   1.1106865e+02   2.7410243e+02   1.4870948e+03   1.1492740e+03   1.7457823e+00   0.0000000e+00   0.0000000e+00
   1.1165722e+02   2.7411241e+02   1.4867225e+03   1.1494671e+03   1.7468222e+00   0.0000000e+00   0.0000000e+00
   1.1224579e+02   2.7412240e+02   1.4863504e+03   1.1496599e+03   1.7478612e+00   0.0000000e+00   0.0000000e+00
   1.1283436e+02   2.7413242e+02   1.4859784e+03   1.1498524e+03   1.7488993e+00   0.0000000e+00   0.0000000e+00
   1.1342293e+02   2.7414245e+02   1.4856066e+03   1.1500448e+03   1.7499364e+00   0.0000000e+00   0.0000000e+00
   1.1401150e+02   2.7415250e+02   1.4852349e+03   1.1502369e+03   1.7509726e+00   0.0000000e+00   0.0000000e+00
   1.1460007e+02   2.7416257e+02   1.4848634e+03   1.1504288e+03   1.7520078e+00   0.0000000e+00   0.0000000e+00
   1.1518864e+02   2.7417265e+02   1.4844920e+03   1.1506205e+03   1.7530421e+00   0.0000000e+00   0.0000000e+00
   1.1577721e+02   2.7418275e+02   1.4841208e+03   1.1508119e+03   1.7540755e+00   0.0000000e+00   0.0000000e+00
   1.1636579e+02   2.7419287e+02   1.4837497e+03   1.1510031e+03   1.7551080e+00   0.0000000e+00   0.0000000e+00
   1.1695436e+02   2.7420300e+02   1.4833788e+03   1.1511941e+03   1.7561396e+00   0.0000000e+00   0.0000000e+00
   1.1754293e+02   2.7421315e+02   1.4830080e+03   1.1513848e+03   1.7571702e+00   0.0000000e+00   0.0000000e+00
   1.1813150e+02   2.7422332e+02   1.4826374e+03   1.1515754e+03   1.7582000e+00   0.0000000e+00   0.0000000e+00
   1.1872007e+02   2.7423350e+02   1.4822669e+03   1.1517657e+03   1.7592288e+00   0.0000000e+00   0.0000000e+00
   1.1930864e+02   2.7424370e+02   1.4818966e+03   1.1519558e+03   1.7602568e+00   0.0000000e+00   0.0000000e+00
   1.1989721e+02   2.7425391e+02   1.4815265e+03   1.1521457e+03   1.7612839e+00   0.0000000e+00   0.0000000e+00
   1.2048578e+02   2.7426414e+02   1.4811564e+03   1.1523353e+03   1.7623101e+00   0.0000000e+00   0.0000000e+00
   1.2107436e+02   2.7427439e+02   1.4807866e+03   1.1525247e+03   1.7633353e+00   0.0000000e+00   0.0000000e+00
   1.2166293e+02   2.7428465e+02   1.4804169e+03   1.1527139e+03   1.7643597e+00   0.0000000e+00   0.0000000e+00
   1.2225150e+02   2.7429493e+02   1.4800473e+03   1.1529029e+03   1.7653832e+00   0.0000000e+00   0.0000000e+00
   1.2284007e+02   2.7430523e+02   1.4796779e+03   1.1530917e+03   1.7664059e+00   0.0000000e+00   0.0000000e+00
   1.2342864e+02   2.7431554e+02   1.4793086e+03   1.1532802e+03   1.7674276e+00   0.0000000e+00   0.0000000e+00
   1.2401721e+02   2.7432586e+02   1.4789395e+03   1.1534686e+03   1.7684484e+00   0.0000000e+00   0.0000000e+00
   1.2460578e+02   2.7433620e+02   1.4785705e+03   1.1536567e+03   1.7694683e+00   0.0000000e+00   0.0000000e+00
   1.2519435e+02   2.7434656e+02   1.4782017e+03   1.1538446e+03   1.7704873e+00   0.0000000e+00   0.0000000e+00
   1.2578293e+02   2.7435693e+02   1.4778330e+03   1.1540323e+03   1.7715054e+00   0.0000000e+00   0.0000000e+00
   1.2637150e+02   2.7436732e+02   1.4774645e+03   1.1542197e+03   1.7725226e+00   0.0000000e+00   0.0000000e+00
   1.2696007e+02   2.7437772e+02   1.4770961e+03   1.1544070e+03   1.7735389e+00   0.0000000e+00   0.0000000e+00
   1.2754864e+02   2.7438814e+02   1.4767279e+03   1.1545940e+03   1.7745543e+00   0.0000000e+00   0.0000000e+00
   1.2813721e+02   2.7439857e+02   1.4763598e+03   1.1547809e+03   1.7755687e+00   0.0000000e+00   0.0000000e+00
   1.2872578e+02   2.7440902e+02   1.4759919e+03   1.1549675e+03   1.7765823e+00   0.0000000e+00   0.0000000e+00
   1.2931435e+02   2.7441948e+02   1.4756241e+03   1.1551539e+03   1.7775949e+00   0.0000000e+00   0.0000000e+00
   1.2990292e+02   2.7442996e+02   1.4752565e+03   1.1553401e+03   1.7786066e+00   0.0000000e+00   0.0000000e+00
   1.3049149e+02   2.7444045e+02   1.4748890e+03   1.1555260e+03   1.7796174e+00   0.0000000e+00   0.0000000e+00
   1.3108007e+02   2.7445096e+02   1.4745216e+03   1.1557118e+03   1.7806272e+00   0.0000000e+00   0.0000000e+00
   1.3166864e+02   2.7446148e+02   1.4741544e+03   1.1558974e+03   1.7816361e+00   0.0000000e+00   0.0000000e+00
   1.3225721e+02   2.7447202e+02   1.4737874e+03   1.1560827e+03   1.7826441e+00   0.0000000e+00   0.0000000e+00
   1.3284578e+02   2.7448257e+02   1.4734205e+03   1.1562679e+03   1.7836511e+00   0.0000000e+00   0.0000000e+00
   1.3343435e+02   2.7449313e+02   1.4730537e+03   1.1564528e+03   1.7846571e+00   0.0000000e+00   0.0000000e+00
   1.3402292e+02   2.7450371e+02   1.4726871e+03   1.1566375e+03   1.7856622e+00   0.0000000e+00   0.0000000e+00
   1.3461149e+02   2.7451430e+02   1.4723207e+03   1.1568220e+03   1.7866662e+00   0.0000000e+00   0.0000000e+00
   1.3520006e+02   2.7452491e+02   1.4719544e+03   1.1570063e+03   1.7876693e+00   0.0000000e+00   0.0000000e+00
   1.3578864e+02   2.7453553e+02   1.4715882e+03   1.1571904e+03   1.7886714e+00   0.0000000e+00   0.0000000e+00
   1.3637721e+02   2.7454617e+02   1.4712222e+03   1.1573743e+03   1.7896724e+00   0.0000000e+00   0.0000000e+00
   1.3696578e+02   2.7455682e+02   1.4708563e+03   1.1575580e+03   1.7906724e+00   0.0000000e+00   0.0000000e+00
   1.3755435e+02   2.7456748e+02   1.4704906e+03   1.1577415e+03   1.7916714e+00   0.0000000e+00   0.0000000e+00
   1.3814292e+02   2.7457816e+02   1.4701250e+03   1.1579248e+03   1.7926694e+00   0.0000000e+00   0.0000000e+00
   1.3873149e+02   2.7458885e+02   1.4697596e+03   1.1581078e+03   1.7936663e+00   0.0000000e+00   0.0000000e+00
   1.3932006e+02   2.7459956e+02   1.4693943e+03   1.1582907e+03   1.7946622e+00   0.0000000e+00   0.0000000e+00
   1.3990863e+02   2.7461028e+02   1.4690292e+03   1.1584734e+03   1.7956570e+00   0.0000000e+00   0.0000000e+00
   1.4049721e+02   2.7462101e+02   1.4686642e+03   1.1586558e+03   1.7966507e+00   0.0000000e+00   0.0000000e+00
   1.4108578e+02   2.7463176e+02   1.4682993e+03   1.1588381e+03   1.7976433e+00   0.0000000e+00   0.0000000e+00
   1.4167435e+02   2.7464251e+02   1.4679346e+03   1.1590202e+03   1.7986348e+00   0.0000000e+00   0.0000000e+00
   1.4226292e+02   2.7465329e+02   1.4675701e+03   1.1592020e+03   1.7996253e+00   0.0000000e+00   0.0000000e+00
   1.4285149e+02   2.7466407e+02   1.4672057e+03   1.1593837e+03   1.8006146e+00   0.0000000e+00   0.0000000e+00
   1.4344006e+02   2.7467487e+02   1.4668414e+03   1.1595652e+03   1.8016029e+00   0.0000000e+00   0.0000000e+00
   1.4402863e+02   2.7468569e+02   1.4664773e+03   1.1597464e+03   1.8025900e+00   0.0000000e+00   0.0000000e+00
   1.4461720e+02   2.7469651e+02   1.4661133e+03   1.1599275e+03   1.8035760e+00   0.0000000e+00   0.0000000e+00
   1.4520577e+02   2.7470735e+02   1.4657495e+03   1.1601084e+03   1.8045609e+00   0.0000000e+00   0.0000000e+00
   1.4579435e+02   2.7471820e+02   1.4653858e+03   1.1602890e+03   1.8055446e+00   0.0000000e+00   0.0000000e+00
   1.4638292e+02   2.7472907e+02   1.4650223e+03   1.1604695e+03   1.8065272e+00   0.0000000e+00   0.0000000e+00
   1.4697149e+02   2.7473994e+02   1.4646589e+03   1.1606498e+03   1.8075086e+00   0.0000000e+00   0.0000000e+00
   1.4756006e+02   2.7475084e+02   1.4642956e+03   1.1608299e+03   1.8084889e+00   0.0000000e+00   0.0000000e+00
   1.4814863e+02   2.7476174e+02   1.4639325e+03   1.1610098e+03   1.8094680e+00   0.0000000e+00   0.0000000e+00
   1.4873720e+02   2.7477265e+02   1.4635696e+03   1.1611895e+03   1.8104459e+00   0.0000000e+00   0.0000000e+00
   1.4932577e+02   2.7478358e+02   1.4632067e+03   1.1613690e+03   1.8114227e+00   0.0000000e+00   0.0000000e+00
   1.4991434e+02   2.7479452e+02   1.4628441e+03   1.1615483e+03   1.8123983e+00   0.0000000e+00   0.0000000e+00
   1.5050292e+02   2.7480548e+02   1.4624815e+03   1.1617274e+03   1.8133727e+00   0.0000000e+00   0.0000000e+00
   1.5109149e+02   2.7481644e+02   1.4621192e+03   1.1619063e+03   1.8143459e+00   0.0000000e+00   0.0000000e+00
   1.5168006e+02   2.7482742e+02   1.4617569e+03   1.1620850e+03   1.8153179e+00   0.0000000e+00   0.0000000e+00
   1.5226863e+02   2.7483841e+02   1.4613948e+03   1.1622636e+03   1.8162887e+00   0.0000000e+00   0.0000000e+00
   1.5285720e+02   2.7484942e+02   1.4610329e+03   1.1624419e+03   1.8172584e+00   0.0000000e+00   0.0000000e+00
   1.5344577e+02   2.7486043e+02   1.4606711e+03   1.1626201e+03   1.8182269e+00   0.0000000e+00   0.0000000e+00
   1.5403434e+02   2.7487146e+02   1.4603094e+03   1.1627981e+03   1.8191943e+00   0.0000000e+00   0.0000000e+00
   1.5462291e+02   2.7488250e+02   1.4599479e+03   1.1629758e+03   1.8201605e+00   0.0000000e+00   0.0000000e+00
   1.5521149e+02   2.7489355e+02   1.4595865e+03   1.1631534e+03   1.8211256e+00   0.0000000e+00   0.0000000e+00
   1.5580006e+02   2.7490462e+02   1.4592253e+03   1.1633308e+03   1.8220895e+00   0.0000000e+00   0.0000000e+00
   1.5638863e+02   2.7491569e+02   1.4588642e+03   1.1635080e+03   1.8230522e+00   0.0000000e+00   0.0000000e+00
   1.5697720e+02   2.7492678e+02   1.4585032e+03   1.1636851e+03   1.8240139e+00   0.0000000e+00   0.0000000e+00
   1.5756577e+02   2.7493788e+02   1.4581424e+03   1.1638619e+03   1.8249744e+00   0.0000000e+00   0.0000000e+00
   1.5815434e+02   2.7494899e+02   1.4577817e+03   1.1640386e+03   1.8259338e+00   0.0000000e+00   0.0000000e+00
   1.5874291e+02   2.7496012e+02   1.4574212e+03   1.1642150e+03   1.8268921e+00   0.0000000e+00   0.0000000e+00
   1.5933148e+02   2.7497125e+02   1.4570608e+03   1.1643913e+03   1.8278493e+00   0.0000000e+00   0.0000000e+00
   1.5992005e+02   2.7498240e+02   1.4567006e+03   1.1645674e+03   1.8288053e+00   0.0000000e+00   0.0000000e+00
   1.6050863e+02   2.7499356e+02   1.4563405e+03   1.1647433e+03   1.8297603e+00   0.0000000e+00   0.0000000e+00
   1.6109720e+02   2.7500473e+02   1.4559805e+03   1.1649190e+03   1.8307142e+00   0.0000000e+00   0.0000000e+00
   1.6168577e+02   2.7501591e+02   1.4556207e+03   1.1650946e+03   1.8316670e+00   0.0000000e+00   0.0000000e+00
   1.6227434e+02   2.7502711e+02   1.4552611e+03   1.1652700e+03   1.8326187e+00   0.0000000e+00   0.0000000e+00
   1.6286291e+02   2.7503831e+02   1.4549015e+03   1.1654451e+03   1.8335693e+00   0.0000000e+00   0.0000000e+00
   1.6345148e+02   2.7504953e+02   1.4545421e+03   1.1656201e+03   1.8345189e+00   0.0000000e+00   0.0000000e+00
   1.6404005e+02   2.7506075e+02   1.4541829e+03   1.1657950e+03   1.8354674e+00   0.0000000e+00   0.0000000e+00
   1.6462862e+02   2.7507199e+02   1.4538238e+03   1.1659696e+03   1.8364148e+00   0.0000000e+00   0.0000000e+00
   1.6521720e+02   2.7508324e+02   1.4534648e+03   1.1661441e+03   1.8373612e+00   0.0000000e+00   0.0000000e+00
   1.6580577e+02   2.7509451e+02   1.4531060e+03   1.1663184e+03   1.8383066e+00   0.0000000e+00   0.0000000e+00
   1.6639434e+02   2.7510578e+02   1.4527473e+03   1.1664925e+03   1.8392509e+00   0.0000000e+00   0.0000000e+00
   1.6698291e+02   2.7511706e+02   1.4523888e+03   1.1666664e+03   1.8401942e+00   0.0000000e+00   0.0000000e+00
   1.6757148e+02   2.7512836e+02   1.4520304e+03   1.1668401e+03   1.8411364e+00   0.0000000e+00   0.0000000e+00
   1.6816005e+02   2.7513966e+02   1.4516721e+03   1.1670137e+03   1.8420776e+00   0.0000000e+00   0.0000000e+00
   1.6874862e+02   2.7515098e+02   1.4513140e+03   1.1671871e+03   1.8430179e+00   0.0000000e+00   0.0000000e+00
   1.6933719e+02   2.7516231e+02   1.4509560e+03   1.1673603e+03   1.8439571e+00   0.0000000e+00   0.0000000e+00
   1.6992577e+02   2.7517365e+02   1.4505982e+03   1.1675334e+03   1.8448953e+00   0.0000000e+00   0.0000000e+00
   1.7051434e+02   2.7518500e+02   1.4502405e+03   1.1677062e+03   1.8458325e+00   0.0000000e+00   0.0000000e+00
   1.7110291e+02   2.7519636e+02   1.4498830e+03   1.1678789e+03   1.8467687e+00   0.0000000e+00   0.0000000e+00
   1.7169148e+02   2.7520773e+02   1.4495255e+03   1.1680514e+03   1.8477039e+00   0.0000000e+00   0.0000000e+00
   1.7228005e+02   2.7521911e+02   1.4491683e+03   1.1682238e+03   1.8486381e+00   0.0000000e+00   0.0000000e+00
   1.7286862e+02   2.7523050e+02   1.4488111e+03   1.1683959e+03   1.8495714e+00   0.0000000e+00   0.0000000e+00
   1.7345719e+02   2.7524191e+02   1.4484541e+03   1.1685679e+03   1.8505036e+00   0.0000000e+00   0.0000000e+00
   1.7404576e+02   2.7525332e+02   1.4480973e+03   1.1687398e+03   1.8514348e+00   0.0000000e+00   0.0000000e+00
   1.7463433e+02   2.7526475e+02   1.4477406e+03   1.1689114e+03   1.8523650e+00   0.0000000e+00   0.0000000e+00
   1.7522291e+02   2.7527618e+02   1.4473840e+03   1.1690829e+03   1.8532943e+00   0.0000000e+00   0.0000000e+00
   1.7581148e+02   2.7528763e+02   1.4470276e+03   1.1692542e+03   1.8542225e+00   0.0000000e+00   0.0000000e+00
   1.7640005e+02   2.7529908e+02   1.4466713e+03   1.1694253e+03   1.8551498e+00   0.0000000e+00   0.0000000e+00
   1.7698862e+02   2.7531055e+02   1.4463151e+03   1.1695963e+03   1.8560760e+00   0.0000000e+00   0.0000000e+00
   1.7757719e+02   2.7532203e+02   1.4459591e+03   1.1697671e+03   1.8570013e+00   0.0000000e+00   0.0000000e+00
   1.7816576e+02   2.7533352e+02   1.4456032e+03   1.1699377e+03   1.8579255e+00   0.0000000e+00   0.0000000e+00
   1.7875433e+02   2.7534501e+02   1.4452475e+03   1.1701082e+03   1.8588488e+00   0.0000000e+00   0.0000000e+00
   1.7934290e+02   2.7535652e+02   1.4448919e+03   1.1702784e+03   1.8597711e+00   0.0000000e+00   0.0000000e+00
   1.7993148e+02   2.7536804e+02   1.4445364e+03   1.1704486e+03   1.8606924e+00   0.0000000e+00   0.0000000e+00
   1.8052005e+02   2.7537957e+02   1.4441811e+03   1.1706185e+03   1.8616127e+00   0.0000000e+00   0.0000000e+00
   1.8110862e+02   2.7539111e+02   1.4438259e+03   1.1707883e+03   1.8625320e+00   0.0000000e+00   0.0000000e+00
   1.8169719e+02   2.7540266e+02   1.4434709e+03   1.1709579e+03   1.8634503e+00   0.0000000e+00   0.0000000e+00
   1.8228576e+02   2.7541422e+02   1.4431160e+03   1.1711273e+03   1.8643676e+00   0.0000000e+00   0.0000000e+00
   1.8287433e+02   2.7542579e+02   1.4427612e+03   1.1712966e+03   1.8652840e+00   0.0000000e+00   0.0000000e+00
   1.8346290e+02   2.7543737e+02   1.4424066e+03   1.1714657e+03   1.8661993e+00   0.0000000e+00   0.0000000e+00
   1.8405147e+02   2.7544896e+02   1.4420521e+03   1.1716347e+03   1.8671137e+00   0.0000000e+00   0.0000000e+00
   1.8464004e+02   2.7546055e+02   1.4416977e+03   1.1718034e+03   1.8680271e+00   0.0000000e+00   0.0000000e+00
   1.8522862e+02   2.7547216e+02   1.4413435e+03   1.1719721e+03   1.8689396e+00   0.0000000e+00   0.0000000e+00
   1.8581719e+02   2.7548378e+02   1.4409895e+03   1.1721405e+03   1.8698511e+00   0.0000000e+00   0.0000000e+00
   1.8640576e+02   2.7549541e+02   1.4406355e+03   1.1723088e+03   1.8707616e+00   0.0000000e+00   0.0000000e+00
   1.8699433e+02   2.7550705e+02   1.4402817e+03   1.1724769e+03   1.8716711e+00   0.0000000e+00   0.0000000e+00
   1.8758290e+02   2.7551870e+02   1.4399281e+03   1.1726449e+03   1.8725797e+00   0.0000000e+00   0.0000000e+00
   1.8817147e+02   2.7553036e+02   1.4395745e+03   1.1728127e+03   1.8734873e+00   0.0000000e+00   0.0000000e+00
   1.8876004e+02   2.7554203e+02   1.4392211e+03   1.1729803e+03   1.8743940e+00   0.0000000e+00   0.0000000e+00
   1.8934861e+02   2.7555370e+02   1.4388679e+03   1.1731478e+03   1.8752997e+00   0.0000000e+00   0.0000000e+00
   1.8993719e+02   2.7556539e+02   1.4385148e+03   1.1733151e+03   1.8762044e+00   0.0000000e+00   0.0000000e+00
   1.9052576e+02   2.7557709e+02   1.4381618e+03   1.1734822e+03   1.8771082e+00   0.0000000e+00   0.0000000e+00
   1.9111433e+02   2.7558879e+02   1.4378090e+03   1.1736492e+03   1.8780111e+00   0.0000000e+00   0.0000000e+00
   1.9170290e+02   2.7560051e+02   1.4374563e+03   1.1738160e+03   1.8789130e+00   0.0000000e+00   0.0000000e+00
   1.9229147e+02   2.7561224e+02   1.4371037e+03   1.1739827e+03   1.8798140e+00   0.0000000e+00   0.0000000e+00
   1.9288004e+02   2.7562397e+02   1.4367513e+03   1.1741492e+03   1.8807141e+00   0.0000000e+00   0.0000000e+00
   1.9346861e+02   2.7563572e+02   1.4363990e+03   1.1743155e+03   1.8816132e+00   0.0000000e+00   0.0000000e+00
   1.9405718e+02   2.7564747e+02   1.4360468e+03   1.1744817e+03   1.8825114e+00   0.0000000e+00   0.0000000e+00
   1.9464576e+02   2.7565923e+02   1.4356948e+03   1.1746477e+03   1.8834088e+00   0.0000000e+00   0.0000000e+00
   1.9523433e+02   2.7567100e+02   1.4353429e+03   1.1748136e+03   1.8843052e+00   0.0000000e+00   0.0000000e+00
   1.9582290e+02   2.7568279e+02   1.4349912e+03   1.1749793e+03   1.8852008e+00   0.0000000e+00   0.0000000e+00
   1.9641147e+02   2.7569458e+02   1.4346396e+03   1.1751448e+03   1.8860954e+00   0.0000000e+00   0.0000000e+00
   1.9700004e+02   2.7570638e+02   1.4342881e+03   1.1753102e+03   1.8869892e+00   0.0000000e+00   0.0000000e+00
   1.9758861e+02   2.7571819e+02   1.4339368e+03   1.1754755e+03   1.8878821e+00   0.0000000e+00   0.0000000e+00
   1.9817718e+02   2.7573001e+02   1.4335856e+03   1.1756405e+03   1.8887741e+00   0.0000000e+00   0.0000000e+00
   1.9876575e+02   2.7574183e+02   1.4332345e+03   1.1758055e+03   1.8896653e+00   0.0000000e+00   0.0000000e+00
   1.9935432e+02   2.7575367e+02   1.4328836e+03   1.1759702e+03   1.8905556e+00   0.0000000e+00   0.0000000e+00
   1.9994290e+02   2.7576552e+02   1.4325328e+03   1.1761348e+03   1.8914450e+00   0.0000000e+00   0.0000000e+00
   2.0053147e+02   2.7577737e+02   1.4321822e+03   1.1762993e+03   1.8923336e+00   0.0000000e+00   0.0000000e+00
   2.0112004e+02   2.7578924e+02   1.4318316e+03   1.1764636e+03   1.8932214e+00   0.0000000e+00   0.0000000e+00
   2.0170861e+02   2.7580111e+02   1.4314813e+03   1.1766277e+03   1.8941083e+00   0.0000000e+00   0.0000000e+00
   2.0229718e+02   2.7581299e+02   1.4311310e+03   1.1767917e+03   1.8949945e+00   0.0000000e+00   0.0000000e+00
   2.0288575e+02   2.7582488e+02   1.4307809e+03   1.1769556e+03   1.8958798e+00   0.0000000e+00   0.0000000e+00
   2.0347432e+02   2.7583678e+02   1.4304309e+03   1.1771193e+03   1.8967642e+00   0.0000000e+00   0.0000000e+00
   2.0406289e+02   2.7584869e+02   1.4300811e+03   1.1772828e+03   1.8976479e+00   0.0000000e+00   0.0000000e+00
   2.0465147e+02   2.7586061e+02   1.4297314e+03   1.1774462e+03   1.8985308e+00   0.0000000e+00   0.0000000e+00
   2.0524004e+02   2.7587253e+02   1.4293818e+03   1.1776094e+03   1.8994128e+00   0.0000000e+00   0.0000000e+00
   2.0582861e+02   2.7588447e+02   1.4290324e+03   1.1777725e+03   1.9002941e+00   0.0000000e+00   0.0000000e+00
   2.0641718e+02   2.7589641e+02   1.4286830e+03   1.1779354e+03   1.9011746e+00   0.0000000e+00   0.0000000e+00
   2.0700575e+02   2.7590837e+02   1.4283339e+03   1.1780982e+03   1.9020543e+00   0.0000000e+00   0.0000000e+00
   2.0759432e+02   2.7592033e+02   1.4279848e+03   1.1782608e+03   1.9029333e+00   0.0000000e+00   0.0000000e+00
   2.0818289e+02   2.7593230e+02   1.4276360e+03   1.1784233e+03   1.9038115e+00   0.0000000e+00   0.0000000e+00
   2.0877146e+02   2.7594427e+02   1.4272872e+03   1.1785856e+03   1.9046889e+00   0.0000000e+00   0.0000000e+00
   2.0936004e+02   2.7595626e+02   1.4269386e+03   1.1787478e+03   1.9055655e+00   0.0000000e+00   0.0000000e+00
   2.0994861e+02   2.7596826e+02   1.4265901e+03   1.1789098e+03   1.9064414e+00   0.0000000e+00   0.0000000e+00
   2.1053718e+02   2.7598026e+02   1.4262417e+03   1.1790717e+03   1.9073166e+00   0.0000000e+00   0.0000000e+00
   2.1112575e+02   2.7599227e+02   1.4258935e+03   1.1792335e+03   1.9081910e+00   0.0000000e+00   0.0000000e+00
   2.1171432e+02   2.7600429e+02   1.4255454e+03   1.1793951e+03   1.9090647e+00   0.0000000e+00   0.0000000e+00
   2.1230289e+02   2.7601632e+02   1.4251974e+03   1.1795565e+03   1.9099377e+00   0.0000000e+00   0.0000000e+00
   2.1289146e+02   2.7602836e+02   1.4248496e+03   1.1797178e+03   1.9108099e+00   0.0000000e+00   0.0000000e+00
   2.1348003e+02   2.7604041e+02   1.4245019e+03   1.1798789e+03   1.9116815e+00   0.0000000e+00   0.0000000e+00
   2.1406860e+02   2.7605246e+02   1.4241543e+03   1.1800399e+03   1.9125523e+00   0.0000000e+00   0.0000000e+00
   2.1465718e+02   2.7606452e+02   1.4238069e+03   1.1802008e+03   1.9134224e+00   0.0000000e+00   0.0000000e+00
   2.1524575e+02   2.7607660e+02   1.4234596e+03   1.1803615e+03   1.9142918e+00   0.0000000e+00   0.0000000e+00
   2.1583432e+02   2.7608868e+02   1.4231125e+03   1.1805221e+03   1.9151605e+00   0.0000000e+00   0.0000000e+00
   2.1642289e+02   2.7610076e+02   1.4227655e+03   1.1806825e+03   1.9160285e+00   0.0000000e+00   0.0000000e+00
   2.1701146e+02   2.7611286e+02   1.4224186e+03   1.1808427e+03   1.9168959e+00   0.0000000e+00   0.0000000e+00
   2.1760003e+02   2.7612496e+02   1.4220718e+03   1.1810029e+03   1.9177625e+00   0.0000000e+00   0.0000000e+00
   2.1818860e+02   2.7613707e+02   1.4217252e+03   1.1811629e+03   1.9186285e+00   0.0000000e+00   0.0000000e+00
   2.1877717e+02   2.7614920e+02   1.4213787e+03   1.1813227e+03   1.9194938e+00   0.0000000e+00   0.0000000e+00
   2.1936575e+02   2.7616132e+02   1.4210323e+03   1.1814824e+03   1.9203584e+00   0.0000000e+00   0.0000000e+00
   2.1995432e+02   2.7617346e+02   1.4206861e+03   1.1816419e+03   1.9212224e+00   0.0000000e+00   0.0000000e+00
   2.2054289e+02   2.7618560e+02   1.4203400e+03   1.1818013e+03   1.9220858e+00   0.0000000e+00   0.0000000e+00
   2.2113146e+02   2.7619776e+02   1.4199941e+03   1.1819606e+03   1.9229484e+00   0.0000000e+00   0.0000000e+00
   2.2172003e+02   2.7620992e+02   1.4196482e+03   1.1821197e+03   1.9238105e+00   0.0000000e+00   0.0000000e+00
   2.2230860e+02   2.7622209e+02   1.4193026e+03   1.1822787e+03   1.9246719e+00   0.0000000e+00   0.0000000e+00
   2.2289717e+02   2.7623426e+02   1.4189570e+03   1.1824375e+03   1.9255327e+00   0.0000000e+00   0.0000000e+00
   2.2348574e+02   2.7624645e+02   1.4186116e+03   1.1825962e+03   1.9263928e+00   0.0000000e+00   0.0000000e+00
   2.2407432e+02   2.7625864e+02   1.4182663e+03   1.1827548e+03   1.9272524e+00   0.0000000e+00   0.0000000e+00
   2.2466289e+02   2.7627084e+02   1.4179211e+03   1.1829132e+03   1.9281113e+00   0.0000000e+00   0.0000000e+00
   2.2525146e+02   2.7628305e+02   1.4175761e+03   1.1830715e+03   1.9289696e+00   0.0000000e+00   0.0000000e+00
   2.2584003e+02   2.7629526e+02   1.4172312e+03   1.1832296e+03   1.9298273e+00   0.0000000e+00   0.0000000e+00
   2.2584003e+02   2.7629526e+02   1.4172312e+03   3.5055809e+03   4.5352192e+00   2.5885484e+00   1.4926008e+12
   2.5048463e+02   2.8296756e+02   1.4123580e+03   3.5055809e+03   4.4751207e+00   2.5520507e+00   7.7085577e+11
   2.7505402e+02   2.8961900e+02   1.4074847e+03   3.4705707e+03   4.5065286e+00   2.5704645e+00   4.1115601e+11
   2.9930365e+02   2.9624959e+02   1.4026115e+03   3.4893513e+03   4.5462664e+00   2.5938833e+00   2.2582079e+11
   3.2361221e+02   3.0285935e+02   1.3977383e+03   3.5130387e+03   4.5460217e+00   2.5933064e+00   1.2757899e+11
   3.4801177e+02   3.0944830e+02   1.3928651e+03   3.5132234e+03   4.5457933e+00   2.5927359e+00   7.4003246e+10
   3.7233702e+02   3.1601644e+02   1.3879919e+03   3.5134148e+03   4.5455117e+00   2.5921371e+00   4.3978286e+10
   3.9658804e+02   3.2256380e+02   1.3831187e+03   3.5135882e+03   7.9541576e+00   4.5351949e+00   2.6733488e+10
   4.2076475e+02   3.2909039e+02   1.3782455e+03   3.5137625e+03   7.9536509e+00   4.5341405e+00   1.6598732e+10
   4.4486721e+02   3.3559623e+02   1.3733722e+03   3.5139328e+03   7.9530829e+00   4.5330533e+00   1.0512857e+10
   4.6889545e+02   3.4208133e+02   1.3684990e+03   3.5140908e+03   7.9525307e+00   4.5319740e+00   6.7836722e+09
   4.9284942e+02   3.4854571e+02   1.3636258e+03   3.5142513e+03   7.9519295e+00   4.5308711e+00   4.4547263e+09
   5.1672920e+02   3.5498939e+02   1.3587526e+03   3.5144017e+03   7.9513067e+00   4.5297561e+00   2.9740031e+09
   5.4053478e+02   3.6141238e+02   1.3538794e+03   3.5145478e+03   7.9506910e+00   4.5286464e+00   2.0165665e+09
   5.6426618e+02   3.6781470e+02   1.3490062e+03   3.5146947e+03   7.9500149e+00   4.5275052e+00   1.3875615e+09
   5.8792347e+02   3.7419637e+02   1.3441330e+03   3.5148296e+03   7.9493457e+00   4.5263665e+00   9.6806972e+08
   6.1150661e+02   3.8055740e+02   1.3392597e+03   3.5149650e+03   7.9486662e+00   4.5252255e+00   6.8430164e+08
   6.3501569e+02   3.8689782e+02   1.3343865e+03   3.5150979e+03   7.9479395e+00   4.5240601e+00   4.8974550e+08
   6.5845074e+02   3.9321765e+02   1.3295133e+03   3.5152216e+03   7.9472240e+00   4.5229008e+00   3.5464349e+08
   6.8181176e+02   3.9951689e+02   1.3246401e+03   3.5153464e+03   7.9464885e+00   4.5217329e+00   2.5968595e+08
   7.0509883e+02   4.0579557e+02   1.3197669e+03   3.5154674e+03   7.9457291e+00   4.5205517e+00   1.9217374e+08
   7.2831199e+02   4.1205371e+02   1.3148937e+03   3.5155832e+03   7.9449726e+00   4.5193745e+00   1.4364793e+08
   7.5145127e+02   4.1829133e+02   1.3100205e+03   3.5156984e+03   7.9441894e+00   4.5181848e+00   1.0840517e+08
   7.7451674e+02   4.2450845e+02   1.3051472e+03   3.5158082e+03   7.9433995e+00   4.5169909e+00   8.2555398e+07
   7.9750843e+02   4.3070509e+02   1.3002740e+03   3.5159163e+03   7.9426106e+00   4.5158007e+00   6.3415873e+07
   8.2042640e+02   4.3688126e+02   1.2954008e+03   3.5160236e+03   7.9417899e+00   4.5145940e+00   4.9116959e+07
   8.4327074e+02   4.4303699e+02   1.2905276e+03   3.5161242e+03   7.9409676e+00   4.5133880e+00   3.8342529e+07
   8.6604145e+02   4.4917231e+02   1.2856544e+03   3.5162241e+03   7.9401544e+00   4.5121878e+00   3.0157175e+07
   8.8873863e+02   4.5528722e+02   1.2807812e+03   3.5163253e+03   7.9393047e+00   4.5109690e+00   2.3889950e+07
   9.1136235e+02   4.6138175e+02   1.2759080e+03   3.5164190e+03   7.9384547e+00   4.5097538e+00   1.9055363e+07
   9.3391265e+02   4.6745593e+02   1.2710347e+03   3.5165114e+03   7.9376146e+00   4.5085434e+00   1.5299147e+07
   9.5638960e+02   4.7350978e+02   1.2661615e+03   3.5166053e+03   7.9367438e+00   4.5073185e+00   1.2360705e+07
   9.7879330e+02   4.7954331e+02   1.2612883e+03   3.5166929e+03   7.9358752e+00   4.5060972e+00   1.0046857e+07
   1.0011238e+03   4.8555656e+02   1.2564151e+03   3.5167797e+03   7.9350100e+00   4.5048778e+00   8.2133341e+06
   1.0233811e+03   4.9154954e+02   1.2515419e+03   3.5168669e+03   7.9341211e+00   4.5036480e+00   6.7516245e+06
   1.0455655e+03   4.9752228e+02   1.2466687e+03   3.5169486e+03   7.9332379e+00   4.5024233e+00   5.5795532e+06
   1.0676768e+03   5.0347480e+02   1.2417955e+03   3.5170307e+03   7.9323533e+00   4.5011988e+00   4.6344791e+06
   1.0897153e+03   5.0940713e+02   1.2369222e+03   3.5171121e+03   7.9314477e+00   4.4999659e+00   3.8683488e+06
   1.1116809e+03   5.1531929e+02   1.2320490e+03   3.5171889e+03   7.9305529e+00   4.4987394e+00   3.2440753e+06
   1.1335739e+03   5.2121130e+02   1.2271758e+03   3.5172669e+03   7.9296542e+00   4.4975118e+00   2.7328665e+06
   1.1553942e+03   5.2708320e+02   1.2223026e+03   3.5173433e+03   7.9287339e+00   4.4962766e+00   2.3122441e+06
   1.1771420e+03   5.3293501e+02   1.2174294e+03   3.5174149e+03   7.9278292e+00   4.4950490e+00   1.9645634e+06
   1.1988173e+03   5.3876675e+02   1.2125562e+03   3.5174892e+03   7.9269167e+00   4.4938199e+00   1.6759007e+06
   1.2204203e+03   5.4457846e+02   1.2076830e+03   3.5175611e+03   7.9259859e+00   4.4925853e+00   1.4352135e+06
   1.2419510e+03   5.5037015e+02   1.2028097e+03   3.5176282e+03   7.9250738e+00   4.4913581e+00   1.2337008e+06
   1.2634095e+03   5.5614186e+02   1.1979365e+03   3.5176990e+03   7.9241514e+00   4.4901291e+00   1.0643154e+06
   1.2847960e+03   5.6189361e+02   1.1930633e+03   3.5177670e+03   7.9232128e+00   4.4888953e+00   9.2138849e+05
   1.3061106e+03   5.6762543e+02   1.1881901e+03   3.5178311e+03   7.9222939e+00   4.4876698e+00   8.0034002e+05
   1.3273533e+03   5.7333736e+02   1.1833169e+03   3.5178977e+03   7.9213640e+00   4.4864427e+00   6.9745365e+05
   1.3485242e+03   5.7902942e+02   1.1784437e+03   3.5179616e+03   7.9204204e+00   4.4852114e+00   6.0970153e+05
   1.3696236e+03   5.8470164e+02   1.1735705e+03   3.5180225e+03   7.9194952e+00   4.4839882e+00   5.3460688e+05
   1.3906514e+03   5.9035405e+02   1.1686972e+03   3.5180864e+03   7.9185604e+00   4.4827642e+00   4.7013583e+05
   1.4116078e+03   5.9598669e+02   1.1638240e+03   3.5181475e+03   7.9176125e+00   4.4815358e+00   4.1461202e+05
   1.4324929e+03   6.0159958e+02   1.1589508e+03   3.5182055e+03   7.9166822e+00   4.4803153e+00   3.6664868e+05
   1.4533069e+03   6.0719275e+02   1.1540776e+03   3.5182663e+03   7.9157445e+00   4.4790958e+00   3.2509461e+05
   1.4740498e+03   6.1276625e+02   1.1492044e+03   3.5183247e+03   7.9147931e+00   4.4778716e+00   2.8899088e+05
   1.4947218e+03   6.1832010e+02   1.1443312e+03   3.5183798e+03   7.9138583e+00   4.4766549e+00   2.5753609e+05
   1.5153231e+03   6.2385433e+02   1.1394580e+03   3.5184373e+03   7.9129221e+00   4.4754407e+00   2.3005835e+05
   1.5358537e+03   6.2936899e+02   1.1345847e+03   3.5184939e+03   7.9119684e+00   4.4742204e+00   2.0599256e+05
   1.5563137e+03   6.3486410e+02   1.1297115e+03   3.5185466e+03   7.9110301e+00   4.4730081e+00   1.8486205e+05
   1.5767034e+03   6.4033970e+02   1.1248383e+03   3.5186016e+03   7.9100929e+00   4.4717996e+00   1.6626351e+05
   1.5970228e+03   6.4579583e+02   1.1199651e+03   3.5186555e+03   7.9091403e+00   4.4705858e+00   1.4985477e+05
   1.6172722e+03   6.5123252e+02   1.1150919e+03   3.5187058e+03   7.9082004e+00   4.4693780e+00   1.3534470e+05
   1.6374515e+03   6.5664981e+02   1.1102187e+03   3.5187584e+03   7.9072613e+00   4.4681739e+00   1.2248492e+05
   1.6575611e+03   6.6204775e+02   1.1053455e+03   3.5188099e+03   7.9063145e+00   4.4669681e+00   1.1106300e+05
   1.6776010e+03   6.6742636e+02   1.1004722e+03   3.5188589e+03   7.9053733e+00   4.4657664e+00   1.0089676e+05
   1.6975714e+03   6.7278569e+02   1.0955990e+03   3.5189091e+03   7.9044324e+00   4.4645679e+00   9.1829601e+04
   1.7174724e+03   6.7812577e+02   1.0907258e+03   3.5189583e+03   7.9034926e+00   4.4633709e+00   8.3726568e+04
   1.7373043e+03   6.8344666e+02   1.0858526e+03   3.5190070e+03   7.9025503e+00   4.4621745e+00   7.6471094e+04
   1.7570671e+03   6.8874838e+02   1.0809794e+03   3.5190544e+03   7.9016077e+00   4.4609815e+00   6.9962263e+04
   1.7767611e+03   6.9403099e+02   1.0761062e+03   3.5191008e+03   7.9006765e+00   4.4597944e+00   6.4112512e+04
   1.7963863e+03   6.9929452e+02   1.0712330e+03   3.5191487e+03   7.8997343e+00   4.4586042e+00   5.8845702e+04
   1.8159431e+03   7.0453903e+02   1.0663597e+03   3.5191940e+03   7.8987909e+00   4.4574172e+00   5.4095483e+04
   1.8354315e+03   7.0976454e+02   1.0614865e+03   3.5192383e+03   7.8978659e+00   4.4562381e+00   4.9803920e+04
   1.8548517e+03   7.1497112e+02   1.0566133e+03   3.5192855e+03   7.8969284e+00   4.4550562e+00   4.5920321e+04
   1.8742040e+03   7.2015880e+02   1.0517401e+03   3.5193295e+03   7.8959863e+00   4.4538762e+00   4.2400246e+04
   1.8934884e+03   7.2532764e+02   1.0468669e+03   3.5193713e+03   7.8950604e+00   4.4527037e+00   3.9204660e+04
   1.9127053e+03   7.3047768e+02   1.0419937e+03   3.5194161e+03   7.8941321e+00   4.4515320e+00   3.6299213e+04
   1.9318547e+03   7.3560897e+02   1.0371205e+03   3.5194599e+03   7.8931939e+00   4.4503593e+00   3.3653621e+04
   1.9509370e+03   7.4072156e+02   1.0322473e+03   3.5195007e+03   7.8922672e+00   4.4491933e+00   3.1241139e+04
   1.9699522e+03   7.4581550e+02   1.0273740e+03   3.5195432e+03   7.8913483e+00   4.4480327e+00   2.9038103e+04
   1.9889007e+03   7.5089085e+02   1.0225008e+03   3.5195865e+03   7.8904148e+00   4.4468679e+00   2.7023543e+04
   2.0077825e+03   7.5594765e+02   1.0176276e+03   3.5196265e+03   7.8894879e+00   4.4457081e+00   2.5178845e+04
   2.0265980e+03   7.6098596e+02   1.0127544e+03   3.5196668e+03   7.8885748e+00   4.4445557e+00   2.3487457e+04
   2.0453473e+03   7.6600584e+02   1.0078812e+03   3.5197088e+03   7.8876520e+00   4.4434020e+00   2.1934639e+04
   2.0640307e+03   7.7100733e+02   1.0030080e+03   3.5197483e+03   7.8867251e+00   4.4422491e+00   2.0507244e+04
   2.0826484e+03   7.7599051e+02   9.9813475e+02   3.5197863e+03   7.8858150e+00   4.4411040e+00   1.9193530e+04
   2.1012006e+03   7.8095542e+02   9.9326154e+02   3.5198271e+03   7.8849050e+00   4.4399620e+00   1.7982990e+04
   2.1196876e+03   7.8590213e+02   9.8838832e+02   3.5198671e+03   7.8839825e+00   4.4388176e+00   1.6866212e+04
   2.1381096e+03   7.9083070e+02   9.8351511e+02   3.5199038e+03   7.8830719e+00   4.4376795e+00   1.5834753e+04
   2.1564669e+03   7.9574118e+02   9.7864189e+02   3.5199422e+03   7.8821687e+00   4.4365466e+00   1.4881026e+04
   2.1747597e+03   8.0063365e+02   9.7376868e+02   3.5199813e+03   7.8812580e+00   4.4354131e+00   1.3998206e+04
   2.1929882e+03   8.0550816e+02   9.6889547e+02   3.5200181e+03   7.8803463e+00   4.4342814e+00   1.3180145e+04
   2.2111528e+03   8.1036478e+02   9.6402225e+02   3.5200542e+03   7.8794502e+00   4.4331573e+00   1.2421298e+04
   2.2292537e+03   8.1520358e+02   9.5914904e+02   3.5200930e+03   7.8785531e+00   4.4320363e+00   1.1716657e+04
   2.2472912e+03   8.2002462e+02   9.5427582e+02   3.5201305e+03   7.8776442e+00   4.4309127e+00   1.1061693e+04
   2.2652656e+03   8.2482799e+02   9.4940261e+02   3.5201647e+03   7.8767493e+00   4.4297963e+00   1.0452305e+04
   2.2831771e+03   8.2961374e+02   9.4452939e+02   3.5202013e+03   7.8758555e+00   4.4286835e+00   9.8847769e+03
   2.3010260e+03   8.3438194e+02   9.3965618e+02   3.5202375e+03   7.8749645e+00   4.4275734e+00   9.3557357e+03
   2.3188127e+03   8.3913269e+02   9.3478297e+02   3.5202735e+03   7.8740679e+00   4.4264632e+00   8.8621167e+03
   2.3365374e+03   8.4386604e+02   9.2990975e+02   3.5203077e+03   7.8731842e+00   4.4253597e+00   8.4011325e+03
   2.3542005e+03   8.4858208e+02   9.2503654e+02   3.5203437e+03   7.8723001e+00   4.4242591e+00   7.9702447e+03
   2.3718023e+03   8.5328088e+02   9.2016332e+02   3.5203786e+03   7.8714127e+00   4.4231589e+00   7.5671396e+03
   2.3893430e+03   8.5796253e+02   9.1529011e+02   3.5204124e+03   7.8705318e+00   4.4220634e+00   7.1897058e+03
   2.4068231e+03   8.6262711e+02   9.1041690e+02   3.5204470e+03   7.8696498e+00   4.4209710e+00   6.8360144e+03
   2.4242429e+03   8.6727470e+02   9.0554368e+02   3.5204804e+03   7.8687810e+00   4.4198849e+00   6.5043017e+03
   2.4416027e+03   8.7190539e+02   9.0067047e+02   3.5205162e+03   7.8678993e+00   4.4187958e+00   6.1929533e+03
   2.4589029e+03   8.7651926e+02   8.9579725e+02   3.5205486e+03   7.8670290e+00   4.4177131e+00   5.9004900e+03
   2.4761439e+03   8.8111641e+02   8.9092404e+02   3.5205822e+03   7.8661574e+00   4.4166330e+00   5.6255552e+03
   2.4933259e+03   8.8569693e+02   8.8605082e+02   3.5206147e+03   7.8652951e+00   4.4155582e+00   5.3669036e+03
   2.5104494e+03   8.9026090e+02   8.8117761e+02   3.5206490e+03   7.8644270e+00   4.4144830e+00   5.1233909e+03
   2.5275149e+03   8.9480844e+02   8.7630440e+02   3.5206815e+03   7.8635609e+00   4.4134114e+00   4.8939648e+03
   2.5445226e+03   8.9933963e+02   8.7143118e+02   3.5207135e+03   7.8627036e+00   4.4123451e+00   4.6776565e+03
   2.5614730e+03   9.0385457e+02   8.6655797e+02   3.5207466e+03   7.8618478e+00   4.4112814e+00   4.4735736e+03
   2.5783665e+03   9.0835337e+02   8.6168475e+02   3.5207794e+03   7.8609912e+00   4.4102189e+00   4.2808931e+03
   2.5952035e+03   9.1283613e+02   8.5681154e+02   3.5208114e+03   7.8601323e+00   4.4091591e+00   4.0988554e+03
   2.6119845e+03   9.1730296e+02   8.5193832e+02   3.5208424e+03   7.8592886e+00   4.4081066e+00   3.9267592e+03
   2.6287099e+03   9.2175397e+02   8.4706511e+02   3.5208757e+03   7.8584412e+00   4.4070550e+00   3.7639559e+03
   2.6453802e+03   9.2618927e+02   8.4219190e+02   3.5209078e+03   7.8575926e+00   4.4060043e+00   3.6098454e+03
   2.6619958e+03   9.3060898e+02   8.3731868e+02   3.5209386e+03   7.8567456e+00   4.4049569e+00   3.4638725e+03
   2.6785572e+03   9.3501320e+02   8.3244547e+02   3.5209691e+03   7.8559131e+00   4.4039164e+00   3.3255222e+03
   2.6950649e+03   9.3940207e+02   8.2757225e+02   3.5210022e+03   7.8550772e+00   4.4028769e+00   3.1943172e+03
   2.7115193e+03   9.4377571e+02   8.2269904e+02   3.5210339e+03   7.8542341e+00   4.4018377e+00   3.0698147e+03
   2.7279211e+03   9.4813423e+02   8.1782583e+02   3.5210634e+03   7.8533990e+00   4.4008034e+00   2.9516033e+03
   2.7442708e+03   9.5247778e+02   8.1295261e+02   3.5210940e+03   7.8525755e+00   4.3997748e+00   2.8393006e+03
   2.7605688e+03   9.5680648e+02   8.0807940e+02   3.5211267e+03   7.8517476e+00   4.3987468e+00   2.7325511e+03
   2.7768157e+03   9.6112046e+02   8.0320618e+02   3.5211577e+03   7.8509146e+00   4.3977194e+00   2.6310238e+03
   2.7930121e+03   9.6541987e+02   7.9833297e+02   3.5211868e+03   7.8500917e+00   4.3966972e+00   2.5344105e+03
   2.8091586e+03   9.6970485e+02   7.9345975e+02   3.5212173e+03   7.8492786e+00   4.3956801e+00   2.4424241e+03
   2.8252557e+03   9.7397554e+02   7.8858654e+02   3.5212490e+03   7.8484595e+00   4.3946634e+00   2.3547966e+03
   2.8413040e+03   9.7823210e+02   7.8371333e+02   3.5212793e+03   7.8476354e+00   4.3936473e+00   2.2712780e+03
   2.8573043e+03   9.8247467e+02   7.7884011e+02   3.5213083e+03   7.8468226e+00   4.3926369e+00   2.1916350e+03
   2.8732571e+03   9.8670341e+02   7.7396690e+02   3.5213389e+03   7.8460180e+00   4.3916313e+00   2.1156495e+03
   2.8891630e+03   9.9091849e+02   7.6909368e+02   3.5213706e+03   7.8452089e+00   4.3906260e+00   2.0431174e+03
   2.9050228e+03   9.9512006e+02   7.6422047e+02   3.5214005e+03   7.8443956e+00   4.3896208e+00   1.9738480e+03
   2.9208371e+03   9.9930830e+02   7.5934725e+02   3.5214290e+03   7.8435935e+00   4.3886215e+00   1.9076627e+03
   2.9366067e+03   1.0034834e+03   7.5447404e+02   3.5214595e+03   7.8427971e+00   4.3876266e+00   1.8443942e+03
   2.9523322e+03   1.0076455e+03   7.4960083e+02   3.5214908e+03   7.8419991e+00   4.3866328e+00   1.7838857e+03
   2.9680145e+03   1.0117948e+03   7.4472761e+02   3.5215208e+03   7.8411943e+00   4.3856380e+00   1.7259901e+03
   2.9836542e+03   1.0159315e+03   7.3985440e+02   3.5215488e+03   7.8404009e+00   4.3846488e+00   1.6705695e+03
   2.9992521e+03   1.0200557e+03   7.3498118e+02   3.5215789e+03   7.8396114e+00   4.3836631e+00   1.6174942e+03
   3.0148091e+03   1.0241678e+03   7.3010797e+02   3.5216094e+03   7.8388251e+00   4.3826809e+00   1.5666427e+03
   3.0303260e+03   1.0282678e+03   7.2523476e+02   3.5216399e+03   7.8380295e+00   4.3816967e+00   1.5179005e+03
   3.0458036e+03   1.0323560e+03   7.2036154e+02   3.5216682e+03   7.8372449e+00   4.3807177e+00   1.4711601e+03
   3.0612429e+03   1.0364326e+03   7.1548833e+02   3.5216982e+03   7.8364634e+00   4.3797415e+00   1.4263202e+03
   3.0766446e+03   1.0404978e+03   7.1061511e+02   3.5217282e+03   7.8356850e+00   4.3787682e+00   1.3832857e+03
   3.0920097e+03   1.0445519e+03   7.0574190e+02   3.5217587e+03   7.8349022e+00   4.3777946e+00   1.3419667e+03
   3.1073392e+03   1.0485950e+03   7.0086868e+02   3.5217881e+03   7.8341248e+00   4.3768241e+00   1.3022786e+03
   3.1226340e+03   1.0526275e+03   6.9599547e+02   3.5218177e+03   7.8333506e+00   4.3758567e+00   1.2641419e+03
   3.1378952e+03   1.0566495e+03   6.9112226e+02   3.5218472e+03   7.8325794e+00   4.3748920e+00   1.2274811e+03
   3.1531237e+03   1.0606614e+03   6.8624904e+02   3.5218770e+03   7.8318102e+00   4.3739290e+00   1.1922254e+03
   3.1683207e+03   1.0646633e+03   6.8137583e+02   3.5219072e+03   7.8310387e+00   4.3729662e+00   1.1583078e+03
   3.1834871e+03   1.0686556e+03   6.7650261e+02   3.5219367e+03   7.8302711e+00   4.3720062e+00   1.1256648e+03
   3.1986242e+03   1.0726385e+03   6.7162940e+02   3.5219665e+03   7.8295050e+00   4.3710486e+00   1.0942367e+03
   3.2137330e+03   1.0766122e+03   6.6675619e+02   3.5219962e+03   7.8287489e+00   4.3700958e+00   1.0639668e+03
   3.2288148e+03   1.0805772e+03   6.6188297e+02   3.5220275e+03   7.8279827e+00   4.3691402e+00   1.0348017e+03
   3.2438708e+03   1.0845337e+03   6.5700976e+02   3.5220565e+03   7.8272220e+00   4.3681874e+00   1.0066907e+03
   3.2589022e+03   1.0884819e+03   6.5213654e+02   3.5220864e+03   7.8264609e+00   4.3672362e+00   9.7958579e+02
   3.2739104e+03   1.0924223e+03   6.4726333e+02   3.5221158e+03   7.8257119e+00   4.3662898e+00   9.5344151e+02
   3.2888966e+03   1.0963551e+03   6.4239011e+02   3.5221477e+03   7.8249562e+00   4.3653422e+00   9.2821481e+02
   3.3038623e+03   1.1002807e+03   6.3751690e+02   3.5221779e+03   7.8242027e+00   4.3643961e+00   9.0386488e+02
   3.3188088e+03   1.1041995e+03   6.3264369e+02   3.5222077e+03   7.8234464e+00   4.3634506e+00   8.8035297e+02
   3.3337377e+03   1.1081117e+03   6.2777047e+02   3.5222366e+03   7.8227034e+00   4.3625096e+00   8.5764233e+02
   3.3486504e+03   1.1120177e+03   6.2289726e+02   3.5222683e+03   7.8219601e+00   4.3615694e+00   8.3569806e+02
   3.3635484e+03   1.1159181e+03   6.1802404e+02   3.5222998e+03   7.8212099e+00   4.3606272e+00   8.1448705e+02
   3.3784335e+03   1.1198130e+03   6.1315083e+02   3.5223299e+03   7.8204586e+00   4.3596859e+00   7.9397781e+02
   3.3933072e+03   1.1237030e+03   6.0827761e+02   3.5223594e+03   7.8197174e+00   4.3587482e+00   7.7414041e+02
   3.4081712e+03   1.1275884e+03   6.0340440e+02   3.5223912e+03   7.8189813e+00   4.3578129e+00   7.5494640e+02
   3.4230274e+03   1.1314698e+03   5.9853119e+02   3.5224240e+03   7.8182380e+00   4.3568755e+00   7.3636871e+02
   3.4378775e+03   1.1353475e+03   5.9365797e+02   3.5224549e+03   7.8174911e+00   4.3559376e+00   7.1838160e+02
   3.4527234e+03   1.1392219e+03   5.8878476e+02   3.5224848e+03   7.8167511e+00   4.3550019e+00   7.0096055e+02
   3.4675671e+03   1.1430937e+03   5.8391154e+02   3.5225163e+03   7.8160188e+00   4.3540686e+00   6.8408218e+02
   3.4824105e+03   1.1469632e+03   5.7903833e+02   3.5225494e+03   7.8152841e+00   4.3531349e+00   6.6772427e+02
   3.4972558e+03   1.1508311e+03   5.7416512e+02   3.5225819e+03   7.8145408e+00   4.3521981e+00   6.5186561e+02
   3.5121051e+03   1.1546977e+03   5.6929190e+02   3.5226126e+03   7.8138009e+00   4.3512625e+00   6.3648599e+02
   3.5269606e+03   1.1585637e+03   5.6441869e+02   3.5226440e+03   7.8130719e+00   4.3503300e+00   6.2156610e+02
   3.5418246e+03   1.1624296e+03   5.5954547e+02   3.5226779e+03   7.8123403e+00   4.3493968e+00   6.0708756e+02
   3.5566996e+03   1.1662960e+03   5.5467226e+02   3.5227111e+03   7.8116034e+00   4.3484610e+00   5.9303281e+02
   3.5715879e+03   1.1701636e+03   5.4979904e+02   3.5227434e+03   7.8108623e+00   4.3475236e+00   5.7938508e+02
   3.5864921e+03   1.1740329e+03   5.4492583e+02   3.5227749e+03   7.8101337e+00   4.3465894e+00   5.6612834e+02
   3.6014148e+03   1.1779046e+03   5.4005262e+02   3.5228093e+03   7.8094025e+00   4.3456542e+00   5.5324729e+02
   3.6163589e+03   1.1817793e+03   5.3517940e+02   3.5228433e+03   7.8086716e+00   4.3447181e+00   5.4072730e+02
   3.6313271e+03   1.1856578e+03   5.3030619e+02   3.5228777e+03   7.8079304e+00   4.3437773e+00   5.2855437e+02
   3.6463224e+03   1.1895408e+03   5.2543297e+02   3.5229104e+03   7.8071978e+00   4.3428380e+00   5.1671512e+02
   3.6613479e+03   1.1934291e+03   5.2055976e+02   3.5229450e+03   7.8064651e+00   4.3418977e+00   5.0519674e+02
   3.6764066e+03   1.1973234e+03   5.1568654e+02   3.5229799e+03   7.8057324e+00   4.3409562e+00   4.9398698e+02
   3.6915019e+03   1.2012245e+03   5.1081333e+02   3.5230150e+03   7.8049943e+00   4.3400107e+00   4.8307408e+02
   3.7066373e+03   1.2051332e+03   5.0594012e+02   3.5230496e+03   7.8042569e+00   4.3390636e+00   4.7244681e+02
   3.7218162e+03   1.2090506e+03   5.0106690e+02   3.5230849e+03   7.8035215e+00   4.3381158e+00   4.6209439e+02
   3.7370424e+03   1.2129773e+03   4.9619369e+02   3.5231212e+03   7.8027828e+00   4.3371652e+00   4.5200649e+02
   3.7523197e+03   1.2169145e+03   4.9132047e+02   3.5231574e+03   7.8020470e+00   4.3362131e+00   4.4217319e+02
   3.7676521e+03   1.2208631e+03   4.8644726e+02   3.5231950e+03   7.8013020e+00   4.3352554e+00   4.3258501e+02
   3.7830437e+03   1.2248241e+03   4.8157405e+02   3.5232313e+03   7.8005602e+00   4.3342962e+00   4.2323281e+02
   3.7984988e+03   1.2287985e+03   4.7670083e+02   3.5232687e+03   7.7998134e+00   4.3333330e+00   4.1410786e+02
   3.8140219e+03   1.2327875e+03   4.7182762e+02   3.5233057e+03   7.7990745e+00   4.3323692e+00   4.0520173e+02
   3.8296178e+03   1.2367923e+03   4.6695440e+02   3.5233455e+03   7.7983227e+00   4.3313976e+00   3.9650638e+02
   3.8452913e+03   1.2408139e+03   4.6208119e+02   3.5233834e+03   7.7975715e+00   4.3304229e+00   3.8801402e+02
   3.8610474e+03   1.2448538e+03   4.5720797e+02   3.5234221e+03   7.7968150e+00   4.3294432e+00   3.7971723e+02
   3.8768916e+03   1.2489131e+03   4.5233476e+02   3.5234607e+03   7.7960672e+00   4.3284622e+00   3.7160882e+02
   3.8928292e+03   1.2529933e+03   4.4746155e+02   3.5235024e+03   7.7953094e+00   4.3274736e+00   3.6368190e+02
   3.8928292e+03   1.2529933e+03   4.4746155e+02   8.0000000e+03   5.9983854e+00   3.2458754e+00   1.0000000e+04
   4.2643083e+03   1.2543856e+03   3.9774360e+02   8.0106919e+03   5.9943811e+00   3.2437086e+00   1.0000000e+04
   4.5849570e+03   1.2557778e+03   3.4802565e+02   8.0205450e+03   6.0202617e+00   3.2559717e+00   1.0000000e+04
   4.8511697e+03   1.2571700e+03   2.9830770e+02   8.0297853e+03   6.0421844e+00   3.2663461e+00   1.0000000e+04
   5.0569518e+03   1.2585622e+03   2.4858975e+02   8.0385943e+03   6.0598582e+00   3.2746846e+00   1.0000000e+04
   5.1912645e+03   1.2599544e+03   1.9887180e+02   8.0471360e+03   6.0728045e+00   3.2807500e+00   1.0000000e+04
   5.2309521e+03   1.2613466e+03   1.4915385e+02   8.0555906e+03   6.0801379e+00   3.2841088e+00   1.0000000e+04
   5.1174478e+03   1.2627389e+03   9.9435899e+01   8.0642324e+03   6.0799829e+00   3.2838477e+00   1.0000000e+04
   4.6485878e+03   1.2641311e+03   4.9717950e+01   8.0737858e+03   6.0675095e+00   3.2776179e+00   1.0000000e+04
   2.4560247e+03   1.2655233e+03   0.0000000e+00   8.0921259e+03   6.0238713e+00   3.2561558e+00   1.0000000e+04
