   0.0000000e+00   1.0200000e+02   1.5610000e+03   9.3211254e+02   3.9792509e+00   1.9652120e+00   7.2886017e+04
   8.5868512e-01   1.1685117e+02   1.5602990e+03   9.3211254e+02   3.9802949e+00   1.9657275e+00   1.6316383e+04
   1.7173702e+00   1.3386465e+02   1.5595984e+03   9.3206906e+02   3.9818305e+00   1.9664859e+00   4.4179185e+03
   2.5760554e+00   1.5335530e+02   1.5588981e+03   9.3201402e+02   3.9840899e+00   1.9676018e+00   1.4122964e+03
   3.4347405e+00   1.7568378e+02   1.5581981e+03   9.3194627e+02   3.9874098e+00   1.9692413e+00   5.2189479e+02
   4.2934256e+00   2.0126328e+02   1.5574984e+03   9.3186456e+02   3.9922371e+00   1.9716253e+00   2.1887118e+02
   5.1521107e+00   2.3056714e+02   1.5567989e+03   9.3176747e+02   3.9990481e+00   1.9749891e+00   1.0250830e+02
   6.0107959e+00   2.6413764e+02   1.5560997e+03   9.3165346e+02   4.0080598e+00   1.9794396e+00   5.2868648e+01
   6.8694810e+00   2.6414367e+02   1.5554008e+03   9.3152082e+02   4.0078570e+00   1.9793395e+00   5.2863163e+01
   7.7281661e+00   2.6414990e+02   1.5547021e+03   9.3136767e+02   4.0076544e+00   1.9792394e+00   5.2857490e+01
   8.5868512e+00   2.6415635e+02   1.5540036e+03   9.3119195e+02   4.0074518e+00   1.9791394e+00   5.2851625e+01
   9.4455364e+00   2.6416301e+02   1.5533054e+03   9.3099140e+02   4.0072494e+00   1.9790394e+00   5.2845560e+01
   1.0304221e+01   2.6416991e+02   1.5526073e+03   9.3076355e+02   4.0070471e+00   1.9789395e+00   5.2839289e+01
   1.1162907e+01   2.6417704e+02   1.5519094e+03   9.3050574e+02   4.0068448e+00   1.9788396e+00   5.2832804e+01
   1.2021592e+01   2.6418441e+02   1.5512116e+03   9.3021509e+02   4.0066427e+00   1.9787398e+00   5.2826099e+01
   1.2880277e+01   2.6419204e+02   1.5505140e+03   9.2988851e+02   4.0064407e+00   1.9786401e+00   5.2819165e+01
   1.3738962e+01   2.6419993e+02   1.5498164e+03   9.2952275e+02   4.0062389e+00   1.9785404e+00   5.2811996e+01
   1.4597647e+01   2.6420809e+02   1.5491190e+03   9.2911440e+02   4.0060372e+00   1.9784408e+00   5.2804583e+01
   1.5456332e+01   2.6421652e+02   1.5484215e+03   9.2865995e+02   4.0058356e+00   1.9783412e+00   5.2796919e+01
   1.6315017e+01   2.6422525e+02   1.5477241e+03   9.2815586e+02   4.0056342e+00   1.9782417e+00   5.2788993e+01
   1.7173702e+01   2.6423427e+02   1.5470266e+03   9.2759868e+02   4.0054330e+00   1.9781424e+00   5.2780799e+01
   1.8032388e+01   2.6424360e+02   1.5463291e+03   9.2698515e+02   4.0052319e+00   1.9780431e+00   5.2772326e+01
   1.8891073e+01   2.6425325e+02   1.5456314e+03   9.2631238e+02   4.0050311e+00   1.9779439e+00   5.2763566e+01
   1.9749758e+01   2.6426323e+02   1.5449336e+03   9.2557807e+02   4.0048303e+00   1.9778447e+00   5.2754508e+01
   2.0608443e+01   2.6427356e+02   1.5442355e+03   9.2478073e+02   4.0046298e+00   1.9777457e+00   5.2745143e+01
   2.1467128e+01   2.6428423e+02   1.5435372e+03   9.2391994e+02   4.0044295e+00   1.9776468e+00   5.2735460e+01
   2.2325813e+01   2.6429527e+02   1.5428387e+03   9.2299669e+02   4.0042294e+00   1.9775480e+00   5.2725449e+01
   2.3184498e+01   2.6430669e+02   1.5421397e+03   9.2201361e+02   4.0040296e+00   1.9774493e+00   5.2715098e+01
   2.4043183e+01   2.7124873e+02   1.5414404e+03   9.2097529e+02   4.0058053e+00   1.9783262e+00   4.6926822e+01
   2.4901869e+01   2.7150000e+02   1.5407406e+03   9.1988843e+02   4.0056740e+00   1.9782614e+00   4.6734885e+01
   2.4901869e+01   2.7149994e+02   1.5407406e+03   1.0122110e+03   1.4326793e+00   0.0000000e+00   0.0000000e+00
   2.5452065e+01   2.7149996e+02   1.5403329e+03   1.0124789e+03   1.4336164e+00   0.0000000e+00   0.0000000e+00
   2.6002261e+01   2.7150004e+02   1.5399255e+03   1.0127464e+03   1.4345546e+00   0.0000000e+00   0.0000000e+00
   2.6552457e+01   2.7150019e+02   1.5395183e+03   1.0130135e+03   1.4354940e+00   0.0000000e+00   0.0000000e+00
   2.7102654e+01   2.7150041e+02   1.5391113e+03   1.0132803e+03   1.4364346e+00   0.0000000e+00   0.0000000e+00
   2.7652850e+01   2.7150070e+02   1.5387045e+03   1.0135468e+03   1.4373763e+00   0.0000000e+00   0.0000000e+00
   2.8203046e+01   2.7150106e+02   1.5382980e+03   1.0138129e+03   1.4383193e+00   0.0000000e+00   0.0000000e+00
   2.8753242e+01   2.7150149e+02   1.5378916e+03   1.0140786e+03   1.4392637e+00   0.0000000e+00   0.0000000e+00
   2.9303439e+01   2.7150198e+02   1.5374855e+03   1.0143440e+03   1.4402093e+00   0.0000000e+00   0.0000000e+00
   2.9853635e+01   2.7150254e+02   1.5370796e+03   1.0146090e+03   1.4411563e+00   0.0000000e+00   0.0000000e+00
   3.0403831e+01   2.7150317e+02   1.5366739e+03   1.0148737e+03   1.4421047e+00   0.0000000e+00   0.0000000e+00
   3.0954027e+01   2.7150387e+02   1.5362684e+03   1.0151381e+03   1.4430545e+00   0.0000000e+00   0.0000000e+00
   3.1504224e+01   2.7150463e+02   1.5358631e+03   1.0154020e+03   1.4440058e+00   0.0000000e+00   0.0000000e+00
   3.2054420e+01   2.7150547e+02   1.5354581e+03   1.0156657e+03   1.4449586e+00   0.0000000e+00   0.0000000e+00
   3.2604616e+01   2.7150636e+02   1.5350532e+03   1.0159289e+03   1.4459129e+00   0.0000000e+00   0.0000000e+00
   3.3154813e+01   2.7150733e+02   1.5346486e+03   1.0161919e+03   1.4468688e+00   0.0000000e+00   0.0000000e+00
   3.3705009e+01   2.7150836e+02   1.5342442e+03   1.0164544e+03   1.4478263e+00   0.0000000e+00   0.0000000e+00
   3.4255205e+01   2.7150945e+02   1.5338400e+03   1.0167166e+03   1.4487854e+00   0.0000000e+00   0.0000000e+00
   3.4805401e+01   2.7151062e+02   1.5334360e+03   1.0169785e+03   1.4497462e+00   0.0000000e+00   0.0000000e+00
   3.5355598e+01   2.7151184e+02   1.5330322e+03   1.0172400e+03   1.4507086e+00   0.0000000e+00   0.0000000e+00
   3.5905794e+01   2.7151314e+02   1.5326286e+03   1.0175012e+03   1.4516728e+00   0.0000000e+00   0.0000000e+00
   3.6455990e+01   2.7151449e+02   1.5322253e+03   1.0177620e+03   1.4526387e+00   0.0000000e+00   0.0000000e+00
   3.7006186e+01   2.7151592e+02   1.5318221e+03   1.0180225e+03   1.4536063e+00   0.0000000e+00   0.0000000e+00
   3.7556383e+01   2.7151740e+02   1.5314192e+03   1.0182826e+03   1.4545758e+00   0.0000000e+00   0.0000000e+00
   3.8106579e+01   2.7151895e+02   1.5310165e+03   1.0185424e+03   1.4555472e+00   0.0000000e+00   0.0000000e+00
   3.8656775e+01   2.7152057e+02   1.5306140e+03   1.0188018e+03   1.4565204e+00   0.0000000e+00   0.0000000e+00
   3.9206971e+01   2.7152225e+02   1.5302117e+03   1.0190609e+03   1.4574955e+00   0.0000000e+00   0.0000000e+00
   3.9757168e+01   2.7152399e+02   1.5298096e+03   1.0193196e+03   1.4584726e+00   0.0000000e+00   0.0000000e+00
   4.0307364e+01   2.7152580e+02   1.5294077e+03   1.0195780e+03   1.4594517e+00   0.0000000e+00   0.0000000e+00
   4.0857560e+01   2.7152767e+02   1.5290061e+03   1.0198360e+03   1.4604327e+00   0.0000000e+00   0.0000000e+00
   4.1407756e+01   2.7152960e+02   1.5286046e+03   1.0200937e+03   1.4614156e+00   0.0000000e+00   0.0000000e+00
   4.1957953e+01   2.7153160e+02   1.5282034e+03   1.0203510e+03   1.4624004e+00   0.0000000e+00   0.0000000e+00
   4.2508149e+01   2.7153365e+02   1.5278023e+03   1.0206080e+03   1.4633871e+00   0.0000000e+00   0.0000000e+00
   4.3058345e+01   2.7153577e+02   1.5274015e+03   1.0208646e+03   1.4643756e+00   0.0000000e+00   0.0000000e+00
   4.3608542e+01   2.7153795e+02   1.5270009e+03   1.0211209e+03   1.4653658e+00   0.0000000e+00   0.0000000e+00
   4.4158738e+01   2.7154020e+02   1.5266005e+03   1.0213769e+03   1.4663578e+00   0.0000000e+00   0.0000000e+00
   4.4708934e+01   2.7154250e+02   1.5262003e+03   1.0216325e+03   1.4673515e+00   0.0000000e+00   0.0000000e+00
   4.5259130e+01   2.7154487e+02   1.5258003e+03   1.0218877e+03   1.4683468e+00   0.0000000e+00   0.0000000e+00
   4.5809327e+01   2.7154730e+02   1.5254005e+03   1.0221426e+03   1.4693437e+00   0.0000000e+00   0.0000000e+00
   4.6359523e+01   2.7154979e+02   1.5250009e+03   1.0223972e+03   1.4703422e+00   0.0000000e+00   0.0000000e+00
   4.6909719e+01   2.7155233e+02   1.5246016e+03   1.0226514e+03   1.4713422e+00   0.0000000e+00   0.0000000e+00
   4.7459915e+01   2.7155494e+02   1.5242024e+03   1.0229053e+03   1.4723436e+00   0.0000000e+00   0.0000000e+00
   4.8010112e+01   2.7155761e+02   1.5238034e+03   1.0231589e+03   1.4733466e+00   0.0000000e+00   0.0000000e+00
   4.8560308e+01   2.7156034e+02   1.5234047e+03   1.0234121e+03   1.4743509e+00   0.0000000e+00   0.0000000e+00
   4.9110504e+01   2.7156313e+02   1.5230061e+03   1.0236649e+03   1.4753566e+00   0.0000000e+00   0.0000000e+00
   4.9660700e+01   2.7156598e+02   1.5226078e+03   1.0239174e+03   1.4763636e+00   0.0000000e+00   0.0000000e+00
   5.0210897e+01   2.7156889e+02   1.5222097e+03   1.0241696e+03   1.4773719e+00   0.0000000e+00   0.0000000e+00
   5.0761093e+01   2.7157186e+02   1.5218117e+03   1.0244214e+03   1.4783814e+00   0.0000000e+00   0.0000000e+00
   5.1311289e+01   2.7157488e+02   1.5214140e+03   1.0246729e+03   1.4793921e+00   0.0000000e+00   0.0000000e+00
   5.1861485e+01   2.7157797e+02   1.5210165e+03   1.0249240e+03   1.4804040e+00   0.0000000e+00   0.0000000e+00
   5.2411682e+01   2.7158111e+02   1.5206192e+03   1.0251748e+03   1.4814170e+00   0.0000000e+00   0.0000000e+00
   5.2961878e+01   2.7158431e+02   1.5202221e+03   1.0254253e+03   1.4824312e+00   0.0000000e+00   0.0000000e+00
   5.3512074e+01   2.7158757e+02   1.5198251e+03   1.0256754e+03   1.4834463e+00   0.0000000e+00   0.0000000e+00
   5.4062271e+01   2.7159089e+02   1.5194284e+03   1.0259252e+03   1.4844625e+00   0.0000000e+00   0.0000000e+00
   5.4612467e+01   2.7159426e+02   1.5190319e+03   1.0261747e+03   1.4854796e+00   0.0000000e+00   0.0000000e+00
   5.5162663e+01   2.7159769e+02   1.5186356e+03   1.0264238e+03   1.4864977e+00   0.0000000e+00   0.0000000e+00
   5.5712859e+01   2.7160118e+02   1.5182395e+03   1.0266725e+03   1.4875167e+00   0.0000000e+00   0.0000000e+00
   5.6263056e+01   2.7160473e+02   1.5178437e+03   1.0269210e+03   1.4885365e+00   0.0000000e+00   0.0000000e+00
   5.6813252e+01   2.7160833e+02   1.5174480e+03   1.0271691e+03   1.4895572e+00   0.0000000e+00   0.0000000e+00
   5.7363448e+01   2.7161199e+02   1.5170525e+03   1.0274168e+03   1.4905786e+00   0.0000000e+00   0.0000000e+00
   5.7913644e+01   2.7161570e+02   1.5166572e+03   1.0276643e+03   1.4916008e+00   0.0000000e+00   0.0000000e+00
   5.8463841e+01   2.7161947e+02   1.5162621e+03   1.0279113e+03   1.4926236e+00   0.0000000e+00   0.0000000e+00
   5.9014037e+01   2.7162330e+02   1.5158672e+03   1.0281581e+03   1.4936472e+00   0.0000000e+00   0.0000000e+00
   5.9564233e+01   2.7162718e+02   1.5154725e+03   1.0284045e+03   1.4946714e+00   0.0000000e+00   0.0000000e+00
   6.0114429e+01   2.7163112e+02   1.5150781e+03   1.0286506e+03   1.4956961e+00   0.0000000e+00   0.0000000e+00
   6.0664626e+01   2.7163511e+02   1.5146838e+03   1.0288963e+03   1.4967214e+00   0.0000000e+00   0.0000000e+00
   6.1214822e+01   2.7163916e+02   1.5142897e+03   1.0291418e+03   1.4977473e+00   0.0000000e+00   0.0000000e+00
   6.1765018e+01   2.7164326e+02   1.5138958e+03   1.0293868e+03   1.4987737e+00   0.0000000e+00   0.0000000e+00
   6.2315214e+01   2.7164742e+02   1.5135021e+03   1.0296316e+03   1.4998006e+00   0.0000000e+00   0.0000000e+00
   6.2865411e+01   2.7165163e+02   1.5131087e+03   1.0298760e+03   1.5008281e+00   0.0000000e+00   0.0000000e+00
   6.3415607e+01   2.7165590e+02   1.5127154e+03   1.0301201e+03   1.5018562e+00   0.0000000e+00   0.0000000e+00
   6.3965803e+01   2.7166022e+02   1.5123223e+03   1.0303638e+03   1.5028848e+00   0.0000000e+00   0.0000000e+00
   6.4516000e+01   2.7166459e+02   1.5119294e+03   1.0306072e+03   1.5039139e+00   0.0000000e+00   0.0000000e+00
   6.5066196e+01   2.7166902e+02   1.5115367e+03   1.0308503e+03   1.5049436e+00   0.0000000e+00   0.0000000e+00
   6.5616392e+01   2.7167349e+02   1.5111442e+03   1.0310931e+03   1.5059738e+00   0.0000000e+00   0.0000000e+00
   6.6166588e+01   2.7167803e+02   1.5107520e+03   1.0313355e+03   1.5070045e+00   0.0000000e+00   0.0000000e+00
   6.6716785e+01   2.7168261e+02   1.5103599e+03   1.0315776e+03   1.5080357e+00   0.0000000e+00   0.0000000e+00
   6.7266981e+01   2.7168725e+02   1.5099680e+03   1.0318194e+03   1.5090675e+00   0.0000000e+00   0.0000000e+00
   6.7817177e+01   2.7169194e+02   1.5095763e+03   1.0320608e+03   1.5100998e+00   0.0000000e+00   0.0000000e+00
   6.8367373e+01   2.7169668e+02   1.5091848e+03   1.0323019e+03   1.5111327e+00   0.0000000e+00   0.0000000e+00
   6.8917570e+01   2.7170148e+02   1.5087935e+03   1.0325427e+03   1.5121661e+00   0.0000000e+00   0.0000000e+00
   6.9467766e+01   2.7170632e+02   1.5084024e+03   1.0327832e+03   1.5131999e+00   0.0000000e+00   0.0000000e+00
   7.0017962e+01   2.7171122e+02   1.5080115e+03   1.0330233e+03   1.5142344e+00   0.0000000e+00   0.0000000e+00
   7.0568158e+01   2.7171617e+02   1.5076207e+03   1.0332631e+03   1.5152693e+00   0.0000000e+00   0.0000000e+00
   7.1118355e+01   2.7172117e+02   1.5072302e+03   1.0335026e+03   1.5163047e+00   0.0000000e+00   0.0000000e+00
   7.1668551e+01   2.7172622e+02   1.5068399e+03   1.0337418e+03   1.5173406e+00   0.0000000e+00   0.0000000e+00
   7.2218747e+01   2.7173133e+02   1.5064498e+03   1.0339806e+03   1.5183770e+00   0.0000000e+00   0.0000000e+00
   7.2768943e+01   2.7173648e+02   1.5060599e+03   1.0342191e+03   1.5194139e+00   0.0000000e+00   0.0000000e+00
   7.3319140e+01   2.7174168e+02   1.5056701e+03   1.0344573e+03   1.5204512e+00   0.0000000e+00   0.0000000e+00
   7.3869336e+01   2.7174694e+02   1.5052806e+03   1.0346951e+03   1.5214889e+00   0.0000000e+00   0.0000000e+00
   7.4419532e+01   2.7175224e+02   1.5048912e+03   1.0349327e+03   1.5225271e+00   0.0000000e+00   0.0000000e+00
   7.4969729e+01   2.7175759e+02   1.5045021e+03   1.0351699e+03   1.5235656e+00   0.0000000e+00   0.0000000e+00
   7.5519925e+01   2.7176300e+02   1.5041131e+03   1.0354068e+03   1.5246046e+00   0.0000000e+00   0.0000000e+00
   7.6070121e+01   2.7176845e+02   1.5037244e+03   1.0356434e+03   1.5256439e+00   0.0000000e+00   0.0000000e+00
   7.6620317e+01   2.7177395e+02   1.5033358e+03   1.0358796e+03   1.5266835e+00   0.0000000e+00   0.0000000e+00
   7.7170514e+01   2.7177950e+02   1.5029474e+03   1.0361155e+03   1.5277235e+00   0.0000000e+00   0.0000000e+00
   7.7720710e+01   2.7178510e+02   1.5025592e+03   1.0363511e+03   1.5287639e+00   0.0000000e+00   0.0000000e+00
   7.8270906e+01   2.7179075e+02   1.5021712e+03   1.0365864e+03   1.5298045e+00   0.0000000e+00   0.0000000e+00
   7.8821102e+01   2.7179645e+02   1.5017834e+03   1.0368214e+03   1.5308454e+00   0.0000000e+00   0.0000000e+00
   7.9371299e+01   2.7180219e+02   1.5013958e+03   1.0370561e+03   1.5318866e+00   0.0000000e+00   0.0000000e+00
   7.9921495e+01   2.7180798e+02   1.5010084e+03   1.0372904e+03   1.5329281e+00   0.0000000e+00   0.0000000e+00
   8.0471691e+01   2.7181383e+02   1.5006212e+03   1.0375244e+03   1.5339698e+00   0.0000000e+00   0.0000000e+00
   8.1021887e+01   2.7181972e+02   1.5002342e+03   1.0377581e+03   1.5350118e+00   0.0000000e+00   0.0000000e+00
   8.1572084e+01   2.7182565e+02   1.4998473e+03   1.0379915e+03   1.5360540e+00   0.0000000e+00   0.0000000e+00
   8.2122280e+01   2.7183164e+02   1.4994607e+03   1.0382246e+03   1.5370964e+00   0.0000000e+00   0.0000000e+00
   8.2672476e+01   2.7183767e+02   1.4990742e+03   1.0384573e+03   1.5381389e+00   0.0000000e+00   0.0000000e+00
   8.3222672e+01   2.7184375e+02   1.4986880e+03   1.0386898e+03   1.5391817e+00   0.0000000e+00   0.0000000e+00
   8.3772869e+01   2.7184987e+02   1.4983019e+03   1.0389219e+03   1.5402246e+00   0.0000000e+00   0.0000000e+00
   8.4323065e+01   2.7185604e+02   1.4979160e+03   1.0391537e+03   1.5412676e+00   0.0000000e+00   0.0000000e+00
   8.4873261e+01   2.7186226e+02   1.4975303e+03   1.0393852e+03   1.5423107e+00   0.0000000e+00   0.0000000e+00
   8.5423458e+01   2.7186853e+02   1.4971448e+03   1.0396164e+03   1.5433540e+00   0.0000000e+00   0.0000000e+00
   8.5973654e+01   2.7187484e+02   1.4967595e+03   1.0398473e+03   1.5443973e+00   0.0000000e+00   0.0000000e+00
   8.6523850e+01   2.7188119e+02   1.4963744e+03   1.0400778e+03   1.5454407e+00   0.0000000e+00   0.0000000e+00
   8.7074046e+01   2.7188760e+02   1.4959894e+03   1.0403081e+03   1.5464842e+00   0.0000000e+00   0.0000000e+00
   8.7624243e+01   2.7189404e+02   1.4956047e+03   1.0405380e+03   1.5475277e+00   0.0000000e+00   0.0000000e+00
   8.8174439e+01   2.7190054e+02   1.4952201e+03   1.0407677e+03   1.5485713e+00   0.0000000e+00   0.0000000e+00
   8.8724635e+01   2.7190708e+02   1.4948358e+03   1.0409970e+03   1.5496148e+00   0.0000000e+00   0.0000000e+00
   8.9274831e+01   2.7191366e+02   1.4944516e+03   1.0412260e+03   1.5506583e+00   0.0000000e+00   0.0000000e+00
   8.9825028e+01   2.7192029e+02   1.4940676e+03   1.0414547e+03   1.5517018e+00   0.0000000e+00   0.0000000e+00
   9.0375224e+01   2.7192696e+02   1.4936838e+03   1.0416831e+03   1.5527453e+00   0.0000000e+00   0.0000000e+00
   9.0925420e+01   2.7193368e+02   1.4933002e+03   1.0419112e+03   1.5537887e+00   0.0000000e+00   0.0000000e+00
   9.1475616e+01   2.7194044e+02   1.4929167e+03   1.0421390e+03   1.5548321e+00   0.0000000e+00   0.0000000e+00
   9.2025813e+01   2.7194725e+02   1.4925335e+03   1.0423665e+03   1.5558755e+00   0.0000000e+00   0.0000000e+00
   9.2576009e+01   2.7195410e+02   1.4921505e+03   1.0425936e+03   1.5569188e+00   0.0000000e+00   0.0000000e+00
   9.3126205e+01   2.7196100e+02   1.4917676e+03   1.0428205e+03   1.5579620e+00   0.0000000e+00   0.0000000e+00
   9.3676401e+01   2.7196794e+02   1.4913849e+03   1.0430471e+03   1.5590053e+00   0.0000000e+00   0.0000000e+00
   9.4226598e+01   2.7197492e+02   1.4910024e+03   1.0432733e+03   1.5600485e+00   0.0000000e+00   0.0000000e+00
   9.4776794e+01   2.7198194e+02   1.4906201e+03   1.0434993e+03   1.5610917e+00   0.0000000e+00   0.0000000e+00
   9.5326990e+01   2.7198901e+02   1.4902380e+03   1.0437249e+03   1.5621349e+00   0.0000000e+00   0.0000000e+00
   9.5877187e+01   2.7199612e+02   1.4898560e+03   1.0439503e+03   1.5631781e+00   0.0000000e+00   0.0000000e+00
   9.6427383e+01   2.7200328e+02   1.4894743e+03   1.0441753e+03   1.5642213e+00   0.0000000e+00   0.0000000e+00
   9.6977579e+01   2.7201047e+02   1.4890927e+03   1.0444001e+03   1.5652645e+00   0.0000000e+00   0.0000000e+00
   9.7527775e+01   2.7201771e+02   1.4887113e+03   1.0446245e+03   1.5663076e+00   0.0000000e+00   0.0000000e+00
   9.8077972e+01   2.7202499e+02   1.4883301e+03   1.0448486e+03   1.5673508e+00   0.0000000e+00   0.0000000e+00
   9.8628168e+01   2.7203232e+02   1.4879491e+03   1.0450725e+03   1.5683940e+00   0.0000000e+00   0.0000000e+00
   9.9178364e+01   2.7203968e+02   1.4875683e+03   1.0452960e+03   1.5694373e+00   0.0000000e+00   0.0000000e+00
   9.9728560e+01   2.7204709e+02   1.4871877e+03   1.0455193e+03   1.5704805e+00   0.0000000e+00   0.0000000e+00
   1.0027876e+02   2.7205454e+02   1.4868072e+03   1.0457422e+03   1.5715238e+00   0.0000000e+00   0.0000000e+00
   1.0082895e+02   2.7206203e+02   1.4864269e+03   1.0459649e+03   1.5725671e+00   0.0000000e+00   0.0000000e+00
   1.0137915e+02   2.7206956e+02   1.4860468e+03   1.0461872e+03   1.5736104e+00   0.0000000e+00   0.0000000e+00
   1.0192935e+02   2.7207714e+02   1.4856669e+03   1.0464093e+03   1.5746538e+00   0.0000000e+00   0.0000000e+00
   1.0247954e+02   2.7208475e+02   1.4852872e+03   1.0466310e+03   1.5756972e+00   0.0000000e+00   0.0000000e+00
   1.0302974e+02   2.7209240e+02   1.4849077e+03   1.0468525e+03   1.5767408e+00   0.0000000e+00   0.0000000e+00
   1.0357993e+02   2.7210010e+02   1.4845283e+03   1.0470737e+03   1.5777844e+00   0.0000000e+00   0.0000000e+00
   1.0413013e+02   2.7210784e+02   1.4841491e+03   1.0472945e+03   1.5788280e+00   0.0000000e+00   0.0000000e+00
   1.0468033e+02   2.7211561e+02   1.4837701e+03   1.0475151e+03   1.5798718e+00   0.0000000e+00   0.0000000e+00
   1.0523052e+02   2.7212343e+02   1.4833913e+03   1.0477354e+03   1.5809157e+00   0.0000000e+00   0.0000000e+00
   1.0578072e+02   2.7213128e+02   1.4830127e+03   1.0479554e+03   1.5819597e+00   0.0000000e+00   0.0000000e+00
   1.0633092e+02   2.7213918e+02   1.4826342e+03   1.0481751e+03   1.5830039e+00   0.0000000e+00   0.0000000e+00
   1.0688111e+02   2.7214711e+02   1.4822560e+03   1.0483945e+03   1.5840481e+00   0.0000000e+00   0.0000000e+00
   1.0743131e+02   2.7215509e+02   1.4818779e+03   1.0486136e+03   1.5850925e+00   0.0000000e+00   0.0000000e+00
   1.0798150e+02   2.7216310e+02   1.4815000e+03   1.0488325e+03   1.5861371e+00   0.0000000e+00   0.0000000e+00
   1.0853170e+02   2.7217116e+02   1.4811223e+03   1.0490510e+03   1.5871819e+00   0.0000000e+00   0.0000000e+00
   1.0908190e+02   2.7217925e+02   1.4807447e+03   1.0492693e+03   1.5882268e+00   0.0000000e+00   0.0000000e+00
   1.0963209e+02   2.7218738e+02   1.4803674e+03   1.0494872e+03   1.5892719e+00   0.0000000e+00   0.0000000e+00
   1.1018229e+02   2.7219555e+02   1.4799902e+03   1.0497049e+03   1.5903172e+00   0.0000000e+00   0.0000000e+00
   1.1073249e+02   2.7220375e+02   1.4796132e+03   1.0499223e+03   1.5913626e+00   0.0000000e+00   0.0000000e+00
   1.1128268e+02   2.7221200e+02   1.4792364e+03   1.0501394e+03   1.5924083e+00   0.0000000e+00   0.0000000e+00
   1.1183288e+02   2.7222028e+02   1.4788597e+03   1.0503562e+03   1.5934542e+00   0.0000000e+00   0.0000000e+00
   1.1238307e+02   2.7222861e+02   1.4784833e+03   1.0505727e+03   1.5945003e+00   0.0000000e+00   0.0000000e+00
   1.1293327e+02   2.7223697e+02   1.4781070e+03   1.0507890e+03   1.5955465e+00   0.0000000e+00   0.0000000e+00
   1.1348347e+02   2.7224536e+02   1.4777309e+03   1.0510049e+03   1.5965930e+00   0.0000000e+00   0.0000000e+00
   1.1403366e+02   2.7225380e+02   1.4773550e+03   1.0512206e+03   1.5976396e+00   0.0000000e+00   0.0000000e+00
   1.1458386e+02   2.7226227e+02   1.4769792e+03   1.0514360e+03   1.5986863e+00   0.0000000e+00   0.0000000e+00
   1.1513406e+02   2.7227078e+02   1.4766036e+03   1.0516511e+03   1.5997333e+00   0.0000000e+00   0.0000000e+00
   1.1568425e+02   2.7227932e+02   1.4762283e+03   1.0518659e+03   1.6007804e+00   0.0000000e+00   0.0000000e+00
   1.1623445e+02   2.7228791e+02   1.4758530e+03   1.0520805e+03   1.6018276e+00   0.0000000e+00   0.0000000e+00
   1.1678464e+02   2.7229653e+02   1.4754780e+03   1.0522948e+03   1.6028750e+00   0.0000000e+00   0.0000000e+00
   1.1733484e+02   2.7230518e+02   1.4751032e+03   1.0525087e+03   1.6039226e+00   0.0000000e+00   0.0000000e+00
   1.1788504e+02   2.7231387e+02   1.4747285e+03   1.0527225e+03   1.6049703e+00   0.0000000e+00   0.0000000e+00
   1.1843523e+02   2.7232260e+02   1.4743540e+03   1.0529359e+03   1.6060181e+00   0.0000000e+00   0.0000000e+00
   1.1898543e+02   2.7233137e+02   1.4739797e+03   1.0531490e+03   1.6070661e+00   0.0000000e+00   0.0000000e+00
   1.1953563e+02   2.7234017e+02   1.4736055e+03   1.0533619e+03   1.6081142e+00   0.0000000e+00   0.0000000e+00
   1.2008582e+02   2.7234900e+02   1.4732316e+03   1.0535745e+03   1.6091624e+00   0.0000000e+00   0.0000000e+00
   1.2063602e+02   2.7235787e+02   1.4728578e+03   1.0537868e+03   1.6102108e+00   0.0000000e+00   0.0000000e+00
   1.2118621e+02   2.7236678e+02   1.4724842e+03   1.0539988e+03   1.6112593e+00   0.0000000e+00   0.0000000e+00
   1.2173641e+02   2.7237572e+02   1.4721107e+03   1.0542106e+03   1.6123079e+00   0.0000000e+00   0.0000000e+00
   1.2228661e+02   2.7238470e+02   1.4717375e+03   1.0544221e+03   1.6133566e+00   0.0000000e+00   0.0000000e+00
   1.2283680e+02   2.7239371e+02   1.4713644e+03   1.0546333e+03   1.6144054e+00   0.0000000e+00   0.0000000e+00
   1.2338700e+02   2.7240276e+02   1.4709915e+03   1.0548443e+03   1.6154543e+00   0.0000000e+00   0.0000000e+00
   1.2393720e+02   2.7241184e+02   1.4706187e+03   1.0550549e+03   1.6165033e+00   0.0000000e+00   0.0000000e+00
   1.2448739e+02   2.7242095e+02   1.4702462e+03   1.0552653e+03   1.6175524e+00   0.0000000e+00   0.0000000e+00
   1.2503759e+02   2.7243010e+02   1.4698738e+03   1.0554754e+03   1.6186016e+00   0.0000000e+00   0.0000000e+00
   1.2558778e+02   2.7243929e+02   1.4695016e+03   1.0556853e+03   1.6196508e+00   0.0000000e+00   0.0000000e+00
   1.2613798e+02   2.7244850e+02   1.4691295e+03   1.0558949e+03   1.6207002e+00   0.0000000e+00   0.0000000e+00
   1.2668818e+02   2.7245775e+02   1.4687577e+03   1.0561042e+03   1.6217496e+00   0.0000000e+00   0.0000000e+00
   1.2723837e+02   2.7246704e+02   1.4683860e+03   1.0563132e+03   1.6227991e+00   0.0000000e+00   0.0000000e+00
   1.2778857e+02   2.7247636e+02   1.4680145e+03   1.0565220e+03   1.6238487e+00   0.0000000e+00   0.0000000e+00
   1.2833877e+02   2.7248571e+02   1.4676431e+03   1.0567305e+03   1.6248983e+00   0.0000000e+00   0.0000000e+00
   1.2888896e+02   2.7249510e+02   1.4672720e+03   1.0569388e+03   1.6259480e+00   0.0000000e+00   0.0000000e+00
   1.2943916e+02   2.7250451e+02   1.4669010e+03   1.0571467e+03   1.6269978e+00   0.0000000e+00   0.0000000e+00
   1.2998935e+02   2.7251396e+02   1.4665302e+03   1.0573544e+03   1.6280476e+00   0.0000000e+00   0.0000000e+00
   1.3053955e+02   2.7252345e+02   1.4661595e+03   1.0575619e+03   1.6290975e+00   0.0000000e+00   0.0000000e+00
   1.3108975e+02   2.7253297e+02   1.4657891e+03   1.0577690e+03   1.6301474e+00   0.0000000e+00   0.0000000e+00
   1.3163994e+02   2.7254251e+02   1.4654188e+03   1.0579759e+03   1.6311973e+00   0.0000000e+00   0.0000000e+00
   1.3219014e+02   2.7255210e+02   1.4650486e+03   1.0581826e+03   1.6322473e+00   0.0000000e+00   0.0000000e+00
   1.3274034e+02   2.7256171e+02   1.4646787e+03   1.0583889e+03   1.6332974e+00   0.0000000e+00   0.0000000e+00
   1.3329053e+02   2.7257135e+02   1.4643089e+03   1.0585951e+03   1.6343474e+00   0.0000000e+00   0.0000000e+00
   1.3384073e+02   2.7258103e+02   1.4639393e+03   1.0588009e+03   1.6353975e+00   0.0000000e+00   0.0000000e+00
   1.3439092e+02   2.7259074e+02   1.4635699e+03   1.0590065e+03   1.6364476e+00   0.0000000e+00   0.0000000e+00
   1.3494112e+02   2.7260048e+02   1.4632006e+03   1.0592118e+03   1.6374977e+00   0.0000000e+00   0.0000000e+00
   1.3549132e+02   2.7261025e+02   1.4628315e+03   1.0594169e+03   1.6385479e+00   0.0000000e+00   0.0000000e+00
   1.3604151e+02   2.7262006e+02   1.4624626e+03   1.0596216e+03   1.6395980e+00   0.0000000e+00   0.0000000e+00
   1.3659171e+02   2.7262989e+02   1.4620938e+03   1.0598262e+03   1.6406482e+00   0.0000000e+00   0.0000000e+00
   1.3714191e+02   2.7263976e+02   1.4617253e+03   1.0600304e+03   1.6416984e+00   0.0000000e+00   0.0000000e+00
   1.3769210e+02   2.7264965e+02   1.4613569e+03   1.0602345e+03   1.6427486e+00   0.0000000e+00   0.0000000e+00
   1.3824230e+02   2.7265958e+02   1.4609886e+03   1.0604382e+03   1.6437988e+00   0.0000000e+00   0.0000000e+00
   1.3879250e+02   2.7266954e+02   1.4606206e+03   1.0606417e+03   1.6448489e+00   0.0000000e+00   0.0000000e+00
   1.3934269e+02   2.7267952e+02   1.4602527e+03   1.0608449e+03   1.6458991e+00   0.0000000e+00   0.0000000e+00
   1.3989289e+02   2.7268954e+02   1.4598850e+03   1.0610479e+03   1.6469493e+00   0.0000000e+00   0.0000000e+00
   1.4044308e+02   2.7269959e+02   1.4595174e+03   1.0612506e+03   1.6479994e+00   0.0000000e+00   0.0000000e+00
   1.4099328e+02   2.7270967e+02   1.4591500e+03   1.0614531e+03   1.6490496e+00   0.0000000e+00   0.0000000e+00
   1.4154348e+02   2.7271978e+02   1.4587828e+03   1.0616553e+03   1.6500997e+00   0.0000000e+00   0.0000000e+00
   1.4209367e+02   2.7272992e+02   1.4584158e+03   1.0618572e+03   1.6511497e+00   0.0000000e+00   0.0000000e+00
   1.4264387e+02   2.7274009e+02   1.4580489e+03   1.0620589e+03   1.6521998e+00   0.0000000e+00   0.0000000e+00
   1.4319407e+02   2.7275028e+02   1.4576822e+03   1.0622603e+03   1.6532498e+00   0.0000000e+00   0.0000000e+00
   1.4374426e+02   2.7276051e+02   1.4573156e+03   1.0624615e+03   1.6542998e+00   0.0000000e+00   0.0000000e+00
   1.4429446e+02   2.7277077e+02   1.4569493e+03   1.0626624e+03   1.6553497e+00   0.0000000e+00   0.0000000e+00
   1.4484465e+02   2.7278105e+02   1.4565831e+03   1.0628631e+03   1.6563996e+00   0.0000000e+00   0.0000000e+00
   1.4539485e+02   2.7279137e+02   1.4562170e+03   1.0630635e+03   1.6574494e+00   0.0000000e+00   0.0000000e+00
   1.4594505e+02   2.7280171e+02   1.4558512e+03   1.0632636e+03   1.6584992e+00   0.0000000e+00   0.0000000e+00
   1.4649524e+02   2.7281208e+02   1.4554855e+03   1.0634635e+03   1.6595489e+00   0.0000000e+00   0.0000000e+00
   1.4704544e+02   2.7282248e+02   1.4551200e+03   1.0636632e+03   1.6605986e+00   0.0000000e+00   0.0000000e+00
   1.4759564e+02   2.7283291e+02   1.4547546e+03   1.0638626e+03   1.6616482e+00   0.0000000e+00   0.0000000e+00
   1.4814583e+02   2.7284337e+02   1.4543894e+03   1.0640617e+03   1.6626977e+00   0.0000000e+00   0.0000000e+00
   1.4869603e+02   2.7285385e+02   1.4540244e+03   1.0642606e+03   1.6637471e+00   0.0000000e+00   0.0000000e+00
   1.4924622e+02   2.7286436e+02   1.4536595e+03   1.0644592e+03   1.6647964e+00   0.0000000e+00   0.0000000e+00
   1.4979642e+02   2.7287491e+02   1.4532949e+03   1.0646576e+03   1.6658457e+00   0.0000000e+00   0.0000000e+00
   1.5034662e+02   2.7288548e+02   1.4529303e+03   1.0648558e+03   1.6668949e+00   0.0000000e+00   0.0000000e+00
   1.5089681e+02   2.7289607e+02   1.4525660e+03   1.0650537e+03   1.6679439e+00   0.0000000e+00   0.0000000e+00
   1.5144701e+02   2.7290670e+02   1.4522018e+03   1.0652513e+03   1.6689929e+00   0.0000000e+00   0.0000000e+00
   1.5199721e+02   2.7291735e+02   1.4518378e+03   1.0654487e+03   1.6700418e+00   0.0000000e+00   0.0000000e+00
   1.5254740e+02   2.7292803e+02   1.4514739e+03   1.0656458e+03   1.6710906e+00   0.0000000e+00   0.0000000e+00
   1.5309760e+02   2.7293873e+02   1.4511102e+03   1.0658427e+03   1.6721393e+00   0.0000000e+00   0.0000000e+00
   1.5364779e+02   2.7294947e+02   1.4507467e+03   1.0660394e+03   1.6731878e+00   0.0000000e+00   0.0000000e+00
   1.5419799e+02   2.7296023e+02   1.4503834e+03   1.0662358e+03   1.6742363e+00   0.0000000e+00   0.0000000e+00
   1.5474819e+02   2.7297101e+02   1.4500202e+03   1.0664320e+03   1.6752846e+00   0.0000000e+00   0.0000000e+00
   1.5529838e+02   2.7298183e+02   1.4496571e+03   1.0666279e+03   1.6763328e+00   0.0000000e+00   0.0000000e+00
   1.5584858e+02   2.7299267e+02   1.4492943e+03   1.0668235e+03   1.6773809e+00   0.0000000e+00   0.0000000e+00
   1.5639878e+02   2.7300354e+02   1.4489316e+03   1.0670190e+03   1.6784289e+00   0.0000000e+00   0.0000000e+00
   1.5694897e+02   2.7301443e+02   1.4485691e+03   1.0672141e+03   1.6794767e+00   0.0000000e+00   0.0000000e+00
   1.5749917e+02   2.7302535e+02   1.4482067e+03   1.0674091e+03   1.6805244e+00   0.0000000e+00   0.0000000e+00
   1.5804936e+02   2.7303630e+02   1.4478445e+03   1.0676038e+03   1.6815720e+00   0.0000000e+00   0.0000000e+00
   1.5859956e+02   2.7304727e+02   1.4474825e+03   1.0677982e+03   1.6826194e+00   0.0000000e+00   0.0000000e+00
   1.5914976e+02   2.7305827e+02   1.4471206e+03   1.0679924e+03   1.6836667e+00   0.0000000e+00   0.0000000e+00
   1.5969995e+02   2.7306929e+02   1.4467589e+03   1.0681864e+03   1.6847138e+00   0.0000000e+00   0.0000000e+00
   1.6025015e+02   2.7308034e+02   1.4463973e+03   1.0683801e+03   1.6857608e+00   0.0000000e+00   0.0000000e+00
   1.6080035e+02   2.7309141e+02   1.4460360e+03   1.0685736e+03   1.6868076e+00   0.0000000e+00   0.0000000e+00
   1.6135054e+02   2.7310251e+02   1.4456748e+03   1.0687668e+03   1.6878543e+00   0.0000000e+00   0.0000000e+00
   1.6190074e+02   2.7311364e+02   1.4453137e+03   1.0689598e+03   1.6889008e+00   0.0000000e+00   0.0000000e+00
   1.6245093e+02   2.7312479e+02   1.4449528e+03   1.0691526e+03   1.6899472e+00   0.0000000e+00   0.0000000e+00
   1.6300113e+02   2.7313596e+02   1.4445921e+03   1.0693451e+03   1.6909933e+00   0.0000000e+00   0.0000000e+00
   1.6355133e+02   2.7314717e+02   1.4442315e+03   1.0695374e+03   1.6920393e+00   0.0000000e+00   0.0000000e+00
   1.6410152e+02   2.7315839e+02   1.4438711e+03   1.0697294e+03   1.6930851e+00   0.0000000e+00   0.0000000e+00
   1.6465172e+02   2.7316964e+02   1.4435109e+03   1.0699212e+03   1.6941307e+00   0.0000000e+00   0.0000000e+00
   1.6520192e+02   2.7318092e+02   1.4431508e+03   1.0701128e+03   1.6951761e+00   0.0000000e+00   0.0000000e+00
   1.6575211e+02   2.7319222e+02   1.4427909e+03   1.0703041e+03   1.6962213e+00   0.0000000e+00   0.0000000e+00
   1.6630231e+02   2.7320354e+02   1.4424312e+03   1.0704952e+03   1.6972663e+00   0.0000000e+00   0.0000000e+00
   1.6685250e+02   2.7321489e+02   1.4420716e+03   1.0706861e+03   1.6983110e+00   0.0000000e+00   0.0000000e+00
   1.6740270e+02   2.7322626e+02   1.4417122e+03   1.0708767e+03   1.6993555e+00   0.0000000e+00   0.0000000e+00
   1.6795290e+02   2.7323766e+02   1.4413529e+03   1.0710671e+03   1.7003998e+00   0.0000000e+00   0.0000000e+00
   1.6850309e+02   2.7324908e+02   1.4409938e+03   1.0712573e+03   1.7014438e+00   0.0000000e+00   0.0000000e+00
   1.6905329e+02   2.7326053e+02   1.4406349e+03   1.0714472e+03   1.7024876e+00   0.0000000e+00   0.0000000e+00
   1.6960349e+02   2.7327199e+02   1.4402761e+03   1.0716369e+03   1.7035312e+00   0.0000000e+00   0.0000000e+00
   1.7015368e+02   2.7328349e+02   1.4399175e+03   1.0718263e+03   1.7045745e+00   0.0000000e+00   0.0000000e+00
   1.7070388e+02   2.7329500e+02   1.4395590e+03   1.0720156e+03   1.7056175e+00   0.0000000e+00   0.0000000e+00
   1.7125407e+02   2.7330654e+02   1.4392007e+03   1.0722045e+03   1.7066602e+00   0.0000000e+00   0.0000000e+00
   1.7180427e+02   2.7331810e+02   1.4388426e+03   1.0723933e+03   1.7077027e+00   0.0000000e+00   0.0000000e+00
   1.7235447e+02   2.7332969e+02   1.4384846e+03   1.0725818e+03   1.7087449e+00   0.0000000e+00   0.0000000e+00
   1.7290466e+02   2.7334130e+02   1.4381268e+03   1.0727701e+03   1.7097869e+00   0.0000000e+00   0.0000000e+00
   1.7345486e+02   2.7335293e+02   1.4377692e+03   1.0729582e+03   1.7108285e+00   0.0000000e+00   0.0000000e+00
   1.7400506e+02   2.7336459e+02   1.4374117e+03   1.0731460e+03   1.7118699e+00   0.0000000e+00   0.0000000e+00
   1.7455525e+02   2.7337627e+02   1.4370543e+03   1.0733337e+03   1.7129111e+00   0.0000000e+00   0.0000000e+00
   1.7510545e+02   2.7338797e+02   1.4366972e+03   1.0735210e+03   1.7139519e+00   0.0000000e+00   0.0000000e+00
   1.7565564e+02   2.7339969e+02   1.4363402e+03   1.0737082e+03   1.7149925e+00   0.0000000e+00   0.0000000e+00
   1.7620584e+02   2.7341144e+02   1.4359833e+03   1.0738951e+03   1.7160328e+00   0.0000000e+00   0.0000000e+00
   1.7675604e+02   2.7342321e+02   1.4356266e+03   1.0740818e+03   1.7170728e+00   0.0000000e+00   0.0000000e+00
   1.7730623e+02   2.7343500e+02   1.4352701e+03   1.0742683e+03   1.7181125e+00   0.0000000e+00   0.0000000e+00
   1.7785643e+02   2.7344681e+02   1.4349137e+03   1.0744546e+03   1.7191519e+00   0.0000000e+00   0.0000000e+00
   1.7840663e+02   2.7345865e+02   1.4345575e+03   1.0746406e+03   1.7201910e+00   0.0000000e+00   0.0000000e+00
   1.7895682e+02   2.7347051e+02   1.4342015e+03   1.0748264e+03   1.7212299e+00   0.0000000e+00   0.0000000e+00
   1.7950702e+02   2.7348239e+02   1.4338456e+03   1.0750120e+03   1.7222684e+00   0.0000000e+00   0.0000000e+00
   1.8005721e+02   2.7349429e+02   1.4334898e+03   1.0751973e+03   1.7233067e+00   0.0000000e+00   0.0000000e+00
   1.8060741e+02   2.7350621e+02   1.4331342e+03   1.0753825e+03   1.7243447e+00   0.0000000e+00   0.0000000e+00
   1.8115761e+02   2.7351816e+02   1.4327788e+03   1.0755674e+03   1.7253823e+00   0.0000000e+00   0.0000000e+00
   1.8170780e+02   2.7353012e+02   1.4324236e+03   1.0757521e+03   1.7264196e+00   0.0000000e+00   0.0000000e+00
   1.8225800e+02   2.7354211e+02   1.4320685e+03   1.0759366e+03   1.7274565e+00   0.0000000e+00   0.0000000e+00
   1.8280820e+02   2.7355412e+02   1.4317135e+03   1.0761208e+03   1.7284930e+00   0.0000000e+00   0.0000000e+00
   1.8335839e+02   2.7356615e+02   1.4313587e+03   1.0763048e+03   1.7295290e+00   0.0000000e+00   0.0000000e+00
   1.8390859e+02   2.7357820e+02   1.4310041e+03   1.0764887e+03   1.7305647e+00   0.0000000e+00   0.0000000e+00
   1.8445878e+02   2.7359028e+02   1.4306496e+03   1.0766722e+03   1.7315998e+00   0.0000000e+00   0.0000000e+00
   1.8500898e+02   2.7360237e+02   1.4302953e+03   1.0768556e+03   1.7326345e+00   0.0000000e+00   0.0000000e+00
   1.8555918e+02   2.7361449e+02   1.4299411e+03   1.0770388e+03   1.7336686e+00   0.0000000e+00   0.0000000e+00
   1.8610937e+02   2.7362662e+02   1.4295871e+03   1.0772217e+03   1.7347021e+00   0.0000000e+00   0.0000000e+00
   1.8665957e+02   2.7363878e+02   1.4292333e+03   1.0774044e+03   1.7357351e+00   0.0000000e+00   0.0000000e+00
   1.8720977e+02   2.7365096e+02   1.4288796e+03   1.0775869e+03   1.7367675e+00   0.0000000e+00   0.0000000e+00
   1.8775996e+02   2.7366315e+02   1.4285261e+03   1.0777692e+03   1.7377993e+00   0.0000000e+00   0.0000000e+00
   1.8831016e+02   2.7367537e+02   1.4281727e+03   1.0779513e+03   1.7388304e+00   0.0000000e+00   0.0000000e+00
   1.8886035e+02   2.7368761e+02   1.4278195e+03   1.0781332e+03   1.7398608e+00   0.0000000e+00   0.0000000e+00
   1.8941055e+02   2.7369987e+02   1.4274664e+03   1.0783148e+03   1.7408906e+00   0.0000000e+00   0.0000000e+00
   1.8996075e+02   2.7371215e+02   1.4271135e+03   1.0784963e+03   1.7419196e+00   0.0000000e+00   0.0000000e+00
   1.9051094e+02   2.7372444e+02   1.4267608e+03   1.0786775e+03   1.7429479e+00   0.0000000e+00   0.0000000e+00
   1.9106114e+02   2.7373676e+02   1.4264082e+03   1.0788585e+03   1.7439754e+00   0.0000000e+00   0.0000000e+00
   1.9161134e+02   2.7374910e+02   1.4260557e+03   1.0790393e+03   1.7450020e+00   0.0000000e+00   0.0000000e+00
   1.9216153e+02   2.7376146e+02   1.4257034e+03   1.0792199e+03   1.7460278e+00   0.0000000e+00   0.0000000e+00
   1.9271173e+02   2.7377384e+02   1.4253513e+03   1.0794003e+03   1.7470527e+00   0.0000000e+00   0.0000000e+00
   1.9326193e+02   2.7378623e+02   1.4249993e+03   1.0795804e+03   1.7480766e+00   0.0000000e+00   0.0000000e+00
   1.9326193e+02   2.7378623e+02   1.4249993e+03   3.4573481e+03   7.7928826e+00   4.4447319e+00   1.8048488e+12
   2.4287702e+02   2.8715098e+02   1.4150910e+03   3.4573481e+03   7.7632401e+00   4.4253788e+00   4.8591273e+11
   2.9219838e+02   3.0043084e+02   1.4051827e+03   3.4479610e+03   7.9534780e+00   4.5380188e+00   1.4802089e+11
   3.4109363e+02   3.1362592e+02   1.3952744e+03   3.5125207e+03   7.9099569e+00   4.5103518e+00   5.0160043e+10
   3.9061023e+02   3.2673636e+02   1.3853661e+03   3.4985129e+03   7.9517304e+00   4.5339192e+00   1.8696868e+10
   4.3961843e+02   3.3976227e+02   1.3754577e+03   3.5132679e+03   7.9506807e+00   4.5317701e+00   7.5565248e+09
   4.8852576e+02   3.5270378e+02   1.3655494e+03   3.5136085e+03   7.9495750e+00   4.5295885e+00   3.2826753e+09
   5.3712658e+02   3.6556104e+02   1.3556411e+03   3.5139376e+03   7.9483998e+00   4.5273731e+00   1.5195545e+09
   5.8542118e+02   3.7833417e+02   1.3457328e+03   3.5142519e+03   7.9471447e+00   4.5251185e+00   7.4430563e+08
   6.3340982e+02   3.9102332e+02   1.3358245e+03   3.5145479e+03   7.9457976e+00   4.5228200e+00   3.8346626e+08
   6.8109275e+02   4.0362863e+02   1.3259162e+03   3.5148247e+03   7.9444047e+00   4.5205015e+00   2.0672566e+08
   7.2847023e+02   4.1615026e+02   1.3160078e+03   3.5150905e+03   7.9429763e+00   4.5181669e+00   1.1609169e+08
   7.7554265e+02   4.2858836e+02   1.3060995e+03   3.5153465e+03   7.9414804e+00   4.5158031e+00   6.7646524e+07
   8.2231046e+02   4.4094309e+02   1.2961912e+03   3.5155875e+03   7.9399397e+00   4.5134206e+00   4.0760239e+07
   8.6877405e+02   4.5321460e+02   1.2862829e+03   3.5158168e+03   7.9383706e+00   4.5110292e+00   2.5319985e+07
   9.1493389e+02   4.6540309e+02   1.2763746e+03   3.5160386e+03   7.9367742e+00   4.5086283e+00   1.6172139e+07
   9.6079053e+02   4.7750870e+02   1.2664662e+03   3.5162526e+03   7.9351299e+00   4.5062091e+00   1.0595516e+07
   1.0063446e+03   4.8953164e+02   1.2565579e+03   3.5164544e+03   7.9334719e+00   4.5037879e+00   7.1058158e+06
   1.0515965e+03   5.0147208e+02   1.2466496e+03   3.5166508e+03   7.9317990e+00   4.5013663e+00   4.8688642e+06
   1.0965471e+03   5.1333021e+02   1.2367413e+03   3.5168411e+03   7.9300802e+00   4.4989284e+00   3.4027750e+06
   1.1411969e+03   5.2510624e+02   1.2268330e+03   3.5170205e+03   7.9283626e+00   4.4964955e+00   2.4220050e+06
   1.1855467e+03   5.3680037e+02   1.2169247e+03   3.5171967e+03   7.9266361e+00   4.4940654e+00   1.7533254e+06
   1.2295971e+03   5.4841281e+02   1.2070163e+03   3.5173688e+03   7.9248744e+00   4.4916261e+00   1.2893253e+06
   1.2733492e+03   5.5994377e+02   1.1971080e+03   3.5175306e+03   7.9231128e+00   4.4891925e+00   9.6203798e+05
   1.3168035e+03   5.7139349e+02   1.1871997e+03   3.5176903e+03   7.9213556e+00   4.4867674e+00   7.2763486e+05
   1.3599609e+03   5.8276220e+02   1.1772914e+03   3.5178467e+03   7.9195664e+00   4.4843355e+00   5.5734977e+05
   1.4028226e+03   5.9405013e+02   1.1673831e+03   3.5179949e+03   7.9177794e+00   4.4819122e+00   4.3198819e+05
   1.4453892e+03   6.0525754e+02   1.1574748e+03   3.5181404e+03   7.9159996e+00   4.4794982e+00   3.3854287e+05
   1.4876618e+03   6.1638469e+02   1.1475664e+03   3.5182846e+03   7.9141995e+00   4.4770833e+00   2.6807072e+05
   1.5296415e+03   6.2743184e+02   1.1376581e+03   3.5184215e+03   7.9124025e+00   4.4746778e+00   2.1433856e+05
   1.5713293e+03   6.3839927e+02   1.1277498e+03   3.5185564e+03   7.9106082e+00   4.4722810e+00   1.7294592e+05
   1.6127263e+03   6.4928726e+02   1.1178415e+03   3.5186886e+03   7.9088102e+00   4.4698893e+00   1.4074848e+05
   1.6538337e+03   6.6009612e+02   1.1079332e+03   3.5188171e+03   7.9070155e+00   4.4675084e+00   1.1547369e+05
   1.6946527e+03   6.7082614e+02   1.0980249e+03   3.5189426e+03   7.9052132e+00   4.4651327e+00   9.5461362e+04
   1.7351846e+03   6.8147766e+02   1.0881165e+03   3.5190645e+03   7.9034246e+00   4.4627694e+00   7.9486184e+04
   1.7754307e+03   6.9205099e+02   1.0782082e+03   3.5191859e+03   7.9016367e+00   4.4604167e+00   6.6635099e+04
   1.8153924e+03   7.0254648e+02   1.0682999e+03   3.5193038e+03   7.8998387e+00   4.4580680e+00   5.6221465e+04
   1.8550711e+03   7.1296448e+02   1.0583916e+03   3.5194172e+03   7.8980664e+00   4.4557369e+00   4.7724415e+04
   1.8944682e+03   7.2330537e+02   1.0484833e+03   3.5195327e+03   7.8962810e+00   4.4534111e+00   4.0745565e+04
   1.9335853e+03   7.3356953e+02   1.0385749e+03   3.5196419e+03   7.8945060e+00   4.4510976e+00   3.4977823e+04
   1.9724241e+03   7.4375734e+02   1.0286666e+03   3.5197508e+03   7.8927454e+00   4.4487991e+00   3.0182685e+04
   2.0109862e+03   7.5386924e+02   1.0187583e+03   3.5198595e+03   7.8909726e+00   4.4465046e+00   2.6173607e+04
   2.0492734e+03   7.6390564e+02   1.0088500e+03   3.5199631e+03   7.8892276e+00   4.4442300e+00   2.2803687e+04
   2.0872875e+03   7.7386699e+02   9.9894168e+02   3.5200684e+03   7.8874745e+00   4.4419605e+00   1.9956491e+04
   2.1250303e+03   7.8375375e+02   9.8903336e+02   3.5201697e+03   7.8857325e+00   4.4397060e+00   1.7539166e+04
   2.1625040e+03   7.9356642e+02   9.7912505e+02   3.5202699e+03   7.8839989e+00   4.4374631e+00   1.5477221e+04
   2.1997104e+03   8.0330548e+02   9.6921673e+02   3.5203688e+03   7.8822702e+00   4.4352311e+00   1.3710559e+04
   2.2366519e+03   8.1297147e+02   9.5930841e+02   3.5204657e+03   7.8805574e+00   4.4330147e+00   1.2190435e+04
   2.2733306e+03   8.2256493e+02   9.4940009e+02   3.5205632e+03   7.8788482e+00   4.4308087e+00   1.0877103e+04
   2.3097489e+03   8.3208642e+02   9.3949178e+02   3.5206582e+03   7.8771508e+00   4.4286180e+00   9.7379960e+03
   2.3459092e+03   8.4153654e+02   9.2958346e+02   3.5207528e+03   7.8754519e+00   4.4264343e+00   8.7462999e+03
   2.3818142e+03   8.5091591e+02   9.1967514e+02   3.5208440e+03   7.8737763e+00   4.4242687e+00   7.8798367e+03
   2.4174663e+03   8.6022517e+02   9.0976682e+02   3.5209367e+03   7.8720919e+00   4.4221105e+00   7.1201822e+03
   2.4528685e+03   8.6946500e+02   8.9985851e+02   3.5210251e+03   7.8704391e+00   4.4199716e+00   6.4519656e+03
   2.4880237e+03   8.7863609e+02   8.8995019e+02   3.5211175e+03   7.8687756e+00   4.4178388e+00   5.8623116e+03
   2.5229349e+03   8.8773919e+02   8.8004187e+02   3.5212038e+03   7.8671366e+00   4.4157240e+00   5.3403926e+03
   2.5576053e+03   8.9677505e+02   8.7013355e+02   3.5212932e+03   7.8654974e+00   4.4136182e+00   4.8770685e+03
   2.5920382e+03   9.0574449e+02   8.6022524e+02   3.5213794e+03   7.8638736e+00   4.4115273e+00   4.4645965e+03
   2.6262372e+03   9.1464835e+02   8.5031692e+02   3.5214663e+03   7.8622582e+00   4.4094486e+00   4.0963933e+03
   2.6602059e+03   9.2348750e+02   8.4040860e+02   3.5215523e+03   7.8606511e+00   4.4073816e+00   3.7668435e+03
   2.6939482e+03   9.3226286e+02   8.3050029e+02   3.5216366e+03   7.8590594e+00   4.4053279e+00   3.4711412e+03
   2.7274680e+03   9.4097542e+02   8.2059197e+02   3.5217218e+03   7.8574690e+00   4.4032856e+00   3.2051601e+03
   2.7607696e+03   9.4962617e+02   8.1068365e+02   3.5218046e+03   7.8558943e+00   4.4012564e+00   2.9653475e+03
   2.7938574e+03   9.5821620e+02   8.0077533e+02   3.5218886e+03   7.8543263e+00   4.3992388e+00   2.7486344e+03
   2.8267361e+03   9.6674660e+02   7.9086702e+02   3.5219707e+03   7.8527708e+00   4.3972327e+00   2.5523631e+03
   2.8594106e+03   9.7521856e+02   7.8095870e+02   3.5220528e+03   7.8512250e+00   4.3952395e+00   2.3742251e+03
   2.8918861e+03   9.8363332e+02   7.7105038e+02   3.5221350e+03   7.8496848e+00   4.3932565e+00   2.2122102e+03
   2.9241679e+03   9.9199217e+02   7.6114206e+02   3.5222162e+03   7.8481637e+00   4.3912869e+00   2.0645632e+03
   2.9562617e+03   1.0002965e+03   7.5123375e+02   3.5222982e+03   7.8466409e+00   4.3893257e+00   1.9297479e+03
   2.9881736e+03   1.0085477e+03   7.4132543e+02   3.5223783e+03   7.8451417e+00   4.3873792e+00   1.8064165e+03
   3.0199099e+03   1.0167473e+03   7.3141711e+02   3.5224605e+03   7.8436348e+00   4.3854382e+00   1.6933835e+03
   3.0514773e+03   1.0248970e+03   7.2150879e+02   3.5225394e+03   7.8421569e+00   4.3835147e+00   1.5896040e+03
   3.0828829e+03   1.0329984e+03   7.1160048e+02   3.5226221e+03   7.8406660e+00   4.3815932e+00   1.4941550e+03
   3.1141340e+03   1.0410532e+03   7.0169216e+02   3.5227002e+03   7.8392078e+00   4.3796887e+00   1.4062193e+03
   3.1452385e+03   1.0490635e+03   6.9178384e+02   3.5227839e+03   7.8377344e+00   4.3777864e+00   1.3250717e+03
   3.1762049e+03   1.0570312e+03   6.8187552e+02   3.5228613e+03   7.8362915e+00   4.3758995e+00   1.2500677e+03
   3.2070419e+03   1.0649584e+03   6.7196721e+02   3.5229439e+03   7.8348373e+00   4.3740145e+00   1.1806331e+03
   3.2377589e+03   1.0728473e+03   6.6205889e+02   3.5230228e+03   7.8334060e+00   4.3721432e+00   1.1162554e+03
   3.2683657e+03   1.0807004e+03   6.5215057e+02   3.5231049e+03   7.8319712e+00   4.3702757e+00   1.0564765e+03
   3.2988729e+03   1.0885202e+03   6.4224226e+02   3.5231848e+03   7.8305515e+00   4.3684171e+00   1.0008859e+03
   3.3292918e+03   1.0963093e+03   6.3233394e+02   3.5232672e+03   7.8291356e+00   4.3665649e+00   9.4911520e+02
   3.3596341e+03   1.1040706e+03   6.2242562e+02   3.5233485e+03   7.8277271e+00   4.3647174e+00   9.0083318e+02
   3.3899126e+03   1.1118072e+03   6.1251730e+02   3.5234303e+03   7.8263286e+00   4.3628774e+00   8.5574162e+02
   3.4201406e+03   1.1195222e+03   6.0260899e+02   3.5235133e+03   7.8249272e+00   4.3610379e+00   8.1357147e+02
   3.4503327e+03   1.1272193e+03   5.9270067e+02   3.5235958e+03   7.8235370e+00   4.3592053e+00   7.7407964e+02
   3.4805041e+03   1.1349019e+03   5.8279235e+02   3.5236798e+03   7.8221481e+00   4.3573733e+00   7.3704610e+02
   3.5106713e+03   1.1425742e+03   5.7288403e+02   3.5237638e+03   7.8207629e+00   4.3555437e+00   7.0227142e+02
   3.5408518e+03   1.1502403e+03   5.6297572e+02   3.5238487e+03   7.8193863e+00   4.3537161e+00   6.6957454e+02
   3.5710644e+03   1.1579048e+03   5.5306740e+02   3.5239351e+03   7.8180046e+00   4.3518862e+00   6.3879082e+02
   3.6013292e+03   1.1655725e+03   5.4315908e+02   3.5240205e+03   7.8166372e+00   4.3500586e+00   6.0977031e+02
   3.6316680e+03   1.1732486e+03   5.3325076e+02   3.5241097e+03   7.8152549e+00   4.3482241e+00   5.8237626e+02
   3.6621040e+03   1.1809388e+03   5.2334245e+02   3.5241966e+03   7.8138930e+00   4.3463925e+00   5.5648378e+02
   3.6926622e+03   1.1886492e+03   5.1343413e+02   3.5242890e+03   7.8125055e+00   4.3445474e+00   5.3197860e+02
   3.7233697e+03   1.1963862e+03   5.0352581e+02   3.5243773e+03   7.8111376e+00   4.3427021e+00   5.0875607e+02
   3.7542556e+03   1.2041569e+03   4.9361750e+02   3.5244714e+03   7.8097526e+00   4.3408443e+00   4.8672015e+02
   3.7853515e+03   1.2119689e+03   4.8370918e+02   3.5245643e+03   7.8083747e+00   4.3389796e+00   4.6578264e+02
   3.8166914e+03   1.2198305e+03   4.7380086e+02   3.5246614e+03   7.8069851e+00   4.3371011e+00   4.4586238e+02
   3.8483126e+03   1.2277507e+03   4.6389254e+02   3.5247584e+03   7.8055898e+00   4.3352087e+00   4.2688462e+02
   3.8802550e+03   1.2357393e+03   4.5398423e+02   3.5248582e+03   7.8041899e+00   4.3333012e+00   4.0878036e+02
   3.9125627e+03   1.2438068e+03   4.4407591e+02   3.5249603e+03   7.8027742e+00   4.3313722e+00   3.9148590e+02
   3.9125627e+03   1.2438068e+03   4.4407591e+02   8.0000000e+03   5.9999616e+00   3.2466353e+00   1.0000000e+04
   4.2823660e+03   1.2451888e+03   3.9473414e+02   8.0106408e+03   5.9959753e+00   3.2444783e+00   1.0000000e+04
   4.6031521e+03   1.2465708e+03   3.4539237e+02   8.0204499e+03   6.0217308e+00   3.2566824e+00   1.0000000e+04
   4.8718532e+03   1.2479528e+03   2.9605061e+02   8.0296462e+03   6.0436741e+00   3.2670680e+00   1.0000000e+04
   5.0833952e+03   1.2493348e+03   2.4670884e+02   8.0384042e+03   6.0615572e+00   3.2755089e+00   1.0000000e+04
   5.2284633e+03   1.2507168e+03   1.9736707e+02   8.0468787e+03   6.0749755e+00   3.2818039e+00   1.0000000e+04
   5.2875502e+03   1.2520988e+03   1.4802530e+02   8.0552340e+03   6.0831832e+00   3.2855873e+00   1.0000000e+04
   5.2113584e+03   1.2534808e+03   9.8683535e+01   8.0637066e+03   6.0846047e+00   3.2860914e+00   1.0000000e+04
   4.8297821e+03   1.2548628e+03   4.9341768e+01   8.0728772e+03   6.0751954e+00   3.2813494e+00   1.0000000e+04
   2.9916420e+03   1.2562448e+03   0.0000000e+00   8.0878564e+03   6.0396969e+00   3.2638864e+00   1.0000000e+04
