   0.0000000e+00   1.0200000e+02   1.5610000e+03   9.3211254e+02   3.9792509e+00   1.9652120e+00   7.2886017e+04
   8.5868512e-01   1.1685117e+02   1.5602990e+03   9.3211254e+02   3.9802949e+00   1.9657275e+00   1.6316383e+04
   1.7173702e+00   1.3386465e+02   1.5595984e+03   9.3206906e+02   3.9818305e+00   1.9664859e+00   4.4179185e+03
   2.5760554e+00   1.5335530e+02   1.5588981e+03   9.3201402e+02   3.9840899e+00   1.9676018e+00   1.4122964e+03
   3.4347405e+00   1.7568378e+02   1.5581981e+03   9.3194627e+02   3.9874098e+00   1.9692413e+00   5.2189479e+02
   4.2934256e+00   2.0126328e+02   1.5574984e+03   9.3186456e+02   3.9922371e+00   1.9716253e+00   2.1887118e+02
   5.1521107e+00   2.3056714e+02   1.5567989e+03   9.3176747e+02   3.9990481e+00   1.9749891e+00   1.0250830e+02
   6.0107959e+00   2.6413764e+02   1.5560997e+03   9.3165346e+02   4.0080598e+00   1.9794396e+00   5.2868648e+01
   6.8694810e+00   2.6414367e+02   1.5554008e+03   9.3152082e+02   4.0078570e+00   1.9793395e+00   5.2863163e+01
   7.7281661e+00   2.6414990e+02   1.5547021e+03   9.3136767e+02   4.0076544e+00   1.9792394e+00   5.2857490e+01
   8.5868512e+00   2.6415635e+02   1.5540036e+03   9.3119195e+02   4.0074518e+00   1.9791394e+00   5.2851625e+01
   9.4455364e+00   2.6416301e+02   1.5533054e+03   9.3099140e+02   4.0072494e+00   1.9790394e+00   5.2845560e+01
   1.0304221e+01   2.6416991e+02   1.5526073e+03   9.3076355e+02   4.0070471e+00   1.9789395e+00   5.2839289e+01
   1.1162907e+01   2.6417704e+02   1.5519094e+03   9.3050574e+02   4.0068448e+00   1.9788396e+00   5.2832804e+01
   1.2021592e+01   2.6418441e+02   1.5512116e+03   9.3021509e+02   4.0066427e+00   1.9787398e+00   5.2826099e+01
   1.2880277e+01   2.6419204e+02   1.5505140e+03   9.2988851e+02   4.0064407e+00   1.9786401e+00   5.2819165e+01
   1.3738962e+01   2.6419993e+02   1.5498164e+03   9.2952275e+02   4.0062389e+00   1.9785404e+00   5.2811996e+01
   1.4597647e+01   2.6420809e+02   1.5491190e+03   9.2911440e+02   4.0060372e+00   1.9784408e+00   5.2804583e+01
   1.5456332e+01   2.6421652e+02   1.5484215e+03   9.2865995e+02   4.0058356e+00   1.9783412e+00   5.2796919e+01
   1.6315017e+01   2.6422525e+02   1.5477241e+03   9.2815586e+02   4.0056342e+00   1.9782417e+00   5.2788993e+01
   1.7173702e+01   2.6423427e+02   1.5470266e+03   9.2759868e+02   4.0054330e+00   1.9781424e+00   5.2780799e+01
   1.8032388e+01   2.6424360e+02   1.5463291e+03   9.2698515e+02   4.0052319e+00   1.9780431e+00   5.2772326e+01
   1.8891073e+01   2.6425325e+02   1.5456314e+03   9.2631238e+02   4.0050311e+00   1.9779439e+00   5.2763566e+01
   1.9749758e+01   2.6426323e+02   1.5449336e+03   9.2557807e+02   4.0048303e+00   1.9778447e+00   5.2754508e+01
   2.0608443e+01   2.6427356e+02   1.5442355e+03   9.2478073e+02   4.0046298e+00   1.9777457e+00   5.2745143e+01
   2.1467128e+01   2.6428423e+02   1.5435372e+03   9.2391994e+02   4.0044295e+00   1.9776468e+00   5.2735460e+01
   2.2325813e+01   2.6429527e+02   1.5428387e+03   9.2299669e+02   4.0042294e+00   1.9775480e+00   5.2725449e+01
   2.3184498e+01   2.6430669e+02   1.5421397e+03   9.2201361e+02   4.0040296e+00   1.9774493e+00   5.2715098e+01
   2.4043183e+01   2.7124873e+02   1.5414404e+03   9.2097529e+02   4.0058053e+00   1.9783262e+00   4.6926822e+01
   2.4901869e+01   2.7150000e+02   1.5407406e+03   9.1988843e+02   4.0056740e+00   1.9782614e+00   4.6734885e+01
   2.4901869e+01   2.7149994e+02   1.5407406e+03   1.0122110e+03   1.4326793e+00   0.0000000e+00   0.0000000e+00
   2.5452065e+01   2.7149996e+02   1.5403329e+03   1.0124789e+03   1.4336164e+00   0.0000000e+00   0.0000000e+00
   2.6002261e+01   2.7150004e+02   1.5399255e+03   1.0127464e+03   1.4345546e+00   0.0000000e+00   0.0000000e+00
   2.6552457e+01   2.7150019e+02   1.5395183e+03   1.0130135e+03   1.4354940e+00   0.0000000e+00   0.0000000e+00
   2.7102654e+01   2.7150041e+02   1.5391113e+03   1.0132803e+03   1.4364346e+00   0.0000000e+00   0.0000000e+00
   2.7652850e+01   2.7150070e+02   1.5387045e+03   1.0135468e+03   1.4373763e+00   0.0000000e+00   0.0000000e+00
   2.8203046e+01   2.7150106e+02   1.5382980e+03   1.0138129e+03   1.4383193e+00   0.0000000e+00   0.0000000e+00
   2.8753242e+01   2.7150149e+02   1.5378916e+03   1.0140786e+03   1.4392637e+00   0.0000000e+00   0.0000000e+00
   2.9303439e+01   2.7150198e+02   1.5374855e+03   1.0143440e+03   1.4402093e+00   0.0000000e+00   0.0000000e+00
   2.9853635e+01   2.7150254e+02   1.5370796e+03   1.0146090e+03   1.4411563e+00   0.0000000e+00   0.0000000e+00
   3.0403831e+01   2.7150317e+02   1.5366739e+03   1.0148737e+03   1.4421047e+00   0.0000000e+00   0.0000000e+00
   3.0954027e+01   2.7150387e+02   1.5362684e+03   1.0151381e+03   1.4430545e+00   0.0000000e+00   0.0000000e+00
   3.1504224e+01   2.7150463e+02   1.5358631e+03   1.0154020e+03   1.4440058e+00   0.0000000e+00   0.0000000e+00
   3.2054420e+01   2.7150547e+02   1.5354581e+03   1.0156657e+03   1.4449586e+00   0.0000000e+00   0.0000000e+00
   3.2604616e+01   2.7150636e+02   1.5350532e+03   1.0159289e+03   1.4459129e+00   0.0000000e+00   0.0000000e+00
   3.3154813e+01   2.7150733e+02   1.5346486e+03   1.0161919e+03   1.4468688e+00   0.0000000e+00   0.0000000e+00
   3.3705009e+01   2.7150836e+02   1.5342442e+03   1.0164544e+03   1.4478263e+00   0.0000000e+00   0.0000000e+00
   3.4255205e+01   2.7150945e+02   1.5338400e+03   1.0167166e+03   1.4487854e+00   0.0000000e+00   0.0000000e+00
   3.4805401e+01   2.7151062e+02   1.5334360e+03   1.0169785e+03   1.4497462e+00   0.0000000e+00   0.0000000e+00
   3.5355598e+01   2.7151184e+02   1.5330322e+03   1.0172400e+03   1.4507086e+00   0.0000000e+00   0.0000000e+00
   3.5905794e+01   2.7151314e+02   1.5326286e+03   1.0175012e+03   1.4516728e+00   0.0000000e+00   0.0000000e+00
   3.6455990e+01   2.7151449e+02   1.5322253e+03   1.0177620e+03   1.4526387e+00   0.0000000e+00   0.0000000e+00
   3.7006186e+01   2.7151592e+02   1.5318221e+03   1.0180225e+03   1.4536063e+00   0.0000000e+00   0.0000000e+00
   3.7556383e+01   2.7151740e+02   1.5314192e+03   1.0182826e+03   1.4545758e+00   0.0000000e+00   0.0000000e+00
   3.8106579e+01   2.7151895e+02   1.5310165e+03   1.0185424e+03   1.4555472e+00   0.0000000e+00   0.0000000e+00
   3.8656775e+01   2.7152057e+02   1.5306140e+03   1.0188018e+03   1.4565204e+00   0.0000000e+00   0.0000000e+00
   3.9206971e+01   2.7152225e+02   1.5302117e+03   1.0190609e+03   1.4574955e+00   0.0000000e+00   0.0000000e+00
   3.9757168e+01   2.7152399e+02   1.5298096e+03   1.0193196e+03   1.4584726e+00   0.0000000e+00   0.0000000e+00
   4.0307364e+01   2.7152580e+02   1.5294077e+03   1.0195780e+03   1.4594517e+00   0.0000000e+00   0.0000000e+00
   4.0857560e+01   2.7152767e+02   1.5290061e+03   1.0198360e+03   1.4604327e+00   0.0000000e+00   0.0000000e+00
   4.1407756e+01   2.7152960e+02   1.5286046e+03   1.0200937e+03   1.4614156e+00   0.0000000e+00   0.0000000e+00
   4.1957953e+01   2.7153160e+02   1.5282034e+03   1.0203510e+03   1.4624004e+00   0.0000000e+00   0.0000000e+00
   4.2508149e+01   2.7153365e+02   1.5278023e+03   1.0206080e+03   1.4633871e+00   0.0000000e+00   0.0000000e+00
   4.3058345e+01   2.7153577e+02   1.5274015e+03   1.0208646e+03   1.4643756e+00   0.0000000e+00   0.0000000e+00
   4.3608542e+01   2.7153795e+02   1.5270009e+03   1.0211209e+03   1.4653658e+00   0.0000000e+00   0.0000000e+00
   4.4158738e+01   2.7154020e+02   1.5266005e+03   1.0213769e+03   1.4663578e+00   0.0000000e+00   0.0000000e+00
   4.4708934e+01   2.7154250e+02   1.5262003e+03   1.0216325e+03   1.4673515e+00   0.0000000e+00   0.0000000e+00
   4.5259130e+01   2.7154487e+02   1.5258003e+03   1.0218877e+03   1.4683468e+00   0.0000000e+00   0.0000000e+00
   4.5809327e+01   2.7154730e+02   1.5254005e+03   1.0221426e+03   1.4693437e+00   0.0000000e+00   0.0000000e+00
   4.6359523e+01   2.7154979e+02   1.5250009e+03   1.0223972e+03   1.4703422e+00   0.0000000e+00   0.0000000e+00
   4.6909719e+01   2.7155233e+02   1.5246016e+03   1.0226514e+03   1.4713422e+00   0.0000000e+00   0.0000000e+00
   4.7459915e+01   2.7155494e+02   1.5242024e+03   1.0229053e+03   1.4723436e+00   0.0000000e+00   0.0000000e+00
   4.8010112e+01   2.7155761e+02   1.5238034e+03   1.0231589e+03   1.4733466e+00   0.0000000e+00   0.0000000e+00
   4.8560308e+01   2.7156034e+02   1.5234047e+03   1.0234121e+03   1.4743509e+00   0.0000000e+00   0.0000000e+00
   4.9110504e+01   2.7156313e+02   1.5230061e+03   1.0236649e+03   1.4753566e+00   0.0000000e+00   0.0000000e+00
   4.9660700e+01   2.7156598e+02   1.5226078e+03   1.0239174e+03   1.4763636e+00   0.0000000e+00   0.0000000e+00
   5.0210897e+01   2.7156889e+02   1.5222097e+03   1.0241696e+03   1.4773719e+00   0.0000000e+00   0.0000000e+00
   5.0761093e+01   2.7157186e+02   1.5218117e+03   1.0244214e+03   1.4783814e+00   0.0000000e+00   0.0000000e+00
   5.1311289e+01   2.7157488e+02   1.5214140e+03   1.0246729e+03   1.4793921e+00   0.0000000e+00   0.0000000e+00
   5.1861485e+01   2.7157797e+02   1.5210165e+03   1.0249240e+03   1.4804040e+00   0.0000000e+00   0.0000000e+00
   5.2411682e+01   2.7158111e+02   1.5206192e+03   1.0251748e+03   1.4814170e+00   0.0000000e+00   0.0000000e+00
   5.2961878e+01   2.7158431e+02   1.5202221e+03   1.0254253e+03   1.4824312e+00   0.0000000e+00   0.0000000e+00
   5.3512074e+01   2.7158757e+02   1.5198251e+03   1.0256754e+03   1.4834463e+00   0.0000000e+00   0.0000000e+00
   5.4062271e+01   2.7159089e+02   1.5194284e+03   1.0259252e+03   1.4844625e+00   0.0000000e+00   0.0000000e+00
   5.4612467e+01   2.7159426e+02   1.5190319e+03   1.0261747e+03   1.4854796e+00   0.0000000e+00   0.0000000e+00
   5.5162663e+01   2.7159769e+02   1.5186356e+03   1.0264238e+03   1.4864977e+00   0.0000000e+00   0.0000000e+00
   5.5712859e+01   2.7160118e+02   1.5182395e+03   1.0266725e+03   1.4875167e+00   0.0000000e+00   0.0000000e+00
   5.6263056e+01   2.7160473e+02   1.5178437e+03   1.0269210e+03   1.4885365e+00   0.0000000e+00   0.0000000e+00
   5.6813252e+01   2.7160833e+02   1.5174480e+03   1.0271691e+03   1.4895572e+00   0.0000000e+00   0.0000000e+00
   5.7363448e+01   2.7161199e+02   1.5170525e+03   1.0274168e+03   1.4905786e+00   0.0000000e+00   0.0000000e+00
   5.7913644e+01   2.7161570e+02   1.5166572e+03   1.0276643e+03   1.4916008e+00   0.0000000e+00   0.0000000e+00
   5.8463841e+01   2.7161947e+02   1.5162621e+03   1.0279113e+03   1.4926236e+00   0.0000000e+00   0.0000000e+00
   5.9014037e+01   2.7162330e+02   1.5158672e+03   1.0281581e+03   1.4936472e+00   0.0000000e+00   0.0000000e+00
   5.9564233e+01   2.7162718e+02   1.5154725e+03   1.0284045e+03   1.4946714e+00   0.0000000e+00   0.0000000e+00
   6.0114429e+01   2.7163112e+02   1.5150781e+03   1.0286506e+03   1.4956961e+00   0.0000000e+00   0.0000000e+00
   6.0664626e+01   2.7163511e+02   1.5146838e+03   1.0288963e+03   1.4967214e+00   0.0000000e+00   0.0000000e+00
   6.1214822e+01   2.7163916e+02   1.5142897e+03   1.0291418e+03   1.4977473e+00   0.0000000e+00   0.0000000e+00
   6.1765018e+01   2.7164326e+02   1.5138958e+03   1.0293868e+03   1.4987737e+00   0.0000000e+00   0.0000000e+00
   6.2315214e+01   2.7164742e+02   1.5135021e+03   1.0296316e+03   1.4998006e+00   0.0000000e+00   0.0000000e+00
   6.2865411e+01   2.7165163e+02   1.5131087e+03   1.0298760e+03   1.5008281e+00   0.0000000e+00   0.0000000e+00
   6.3415607e+01   2.7165590e+02   1.5127154e+03   1.0301201e+03   1.5018562e+00   0.0000000e+00   0.0000000e+00
   6.3965803e+01   2.7166022e+02   1.5123223e+03   1.0303638e+03   1.5028848e+00   0.0000000e+00   0.0000000e+00
   6.4516000e+01   2.7166459e+02   1.5119294e+03   1.0306072e+03   1.5039139e+00   0.0000000e+00   0.0000000e+00
   6.5066196e+01   2.7166902e+02   1.5115367e+03   1.0308503e+03   1.5049436e+00   0.0000000e+00   0.0000000e+00
   6.5616392e+01   2.7167349e+02   1.5111442e+03   1.0310931e+03   1.5059738e+00   0.0000000e+00   0.0000000e+00
   6.6166588e+01   2.7167803e+02   1.5107520e+03   1.0313355e+03   1.5070045e+00   0.0000000e+00   0.0000000e+00
   6.6716785e+01   2.7168261e+02   1.5103599e+03   1.0315776e+03   1.5080357e+00   0.0000000e+00   0.0000000e+00
   6.7266981e+01   2.7168725e+02   1.5099680e+03   1.0318194e+03   1.5090675e+00   0.0000000e+00   0.0000000e+00
   6.7817177e+01   2.7169194e+02   1.5095763e+03   1.0320608e+03   1.5100998e+00   0.0000000e+00   0.0000000e+00
   6.8367373e+01   2.7169668e+02   1.5091848e+03   1.0323019e+03   1.5111327e+00   0.0000000e+00   0.0000000e+00
   6.8917570e+01   2.7170148e+02   1.5087935e+03   1.0325427e+03   1.5121661e+00   0.0000000e+00   0.0000000e+00
   6.9467766e+01   2.7170632e+02   1.5084024e+03   1.0327832e+03   1.5131999e+00   0.0000000e+00   0.0000000e+00
   7.0017962e+01   2.7171122e+02   1.5080115e+03   1.0330233e+03   1.5142344e+00   0.0000000e+00   0.0000000e+00
   7.0568158e+01   2.7171617e+02   1.5076207e+03   1.0332631e+03   1.5152693e+00   0.0000000e+00   0.0000000e+00
   7.1118355e+01   2.7172117e+02   1.5072302e+03   1.0335026e+03   1.5163047e+00   0.0000000e+00   0.0000000e+00
   7.1668551e+01   2.7172622e+02   1.5068399e+03   1.0337418e+03   1.5173406e+00   0.0000000e+00   0.0000000e+00
   7.2218747e+01   2.7173133e+02   1.5064498e+03   1.0339806e+03   1.5183770e+00   0.0000000e+00   0.0000000e+00
   7.2768943e+01   2.7173648e+02   1.5060599e+03   1.0342191e+03   1.5194139e+00   0.0000000e+00   0.0000000e+00
   7.3319140e+01   2.7174168e+02   1.5056701e+03   1.0344573e+03   1.5204512e+00   0.0000000e+00   0.0000000e+00
   7.3869336e+01   2.7174694e+02   1.5052806e+03   1.0346951e+03   1.5214889e+00   0.0000000e+00   0.0000000e+00
   7.4419532e+01   2.7175224e+02   1.5048912e+03   1.0349327e+03   1.5225271e+00   0.0000000e+00   0.0000000e+00
   7.4969729e+01   2.7175759e+02   1.5045021e+03   1.0351699e+03   1.5235656e+00   0.0000000e+00   0.0000000e+00
   7.5519925e+01   2.7176300e+02   1.5041131e+03   1.0354068e+03   1.5246046e+00   0.0000000e+00   0.0000000e+00
   7.6070121e+01   2.7176845e+02   1.5037244e+03   1.0356434e+03   1.5256439e+00   0.0000000e+00   0.0000000e+00
   7.6620317e+01   2.7177395e+02   1.5033358e+03   1.0358796e+03   1.5266835e+00   0.0000000e+00   0.0000000e+00
   7.7170514e+01   2.7177950e+02   1.5029474e+03   1.0361155e+03   1.5277235e+00   0.0000000e+00   0.0000000e+00
   7.7720710e+01   2.7178510e+02   1.5025592e+03   1.0363511e+03   1.5287639e+00   0.0000000e+00   0.0000000e+00
   7.8270906e+01   2.7179075e+02   1.5021712e+03   1.0365864e+03   1.5298045e+00   0.0000000e+00   0.0000000e+00
   7.8821102e+01   2.7179645e+02   1.5017834e+03   1.0368214e+03   1.5308454e+00   0.0000000e+00   0.0000000e+00
   7.9371299e+01   2.7180219e+02   1.5013958e+03   1.0370561e+03   1.5318866e+00   0.0000000e+00   0.0000000e+00
   7.9921495e+01   2.7180798e+02   1.5010084e+03   1.0372904e+03   1.5329281e+00   0.0000000e+00   0.0000000e+00
   8.0471691e+01   2.7181383e+02   1.5006212e+03   1.0375244e+03   1.5339698e+00   0.0000000e+00   0.0000000e+00
   8.1021887e+01   2.7181972e+02   1.5002342e+03   1.0377581e+03   1.5350118e+00   0.0000000e+00   0.0000000e+00
   8.1572084e+01   2.7182565e+02   1.4998473e+03   1.0379915e+03   1.5360540e+00   0.0000000e+00   0.0000000e+00
   8.2122280e+01   2.7183164e+02   1.4994607e+03   1.0382246e+03   1.5370964e+00   0.0000000e+00   0.0000000e+00
   8.2672476e+01   2.7183767e+02   1.4990742e+03   1.0384573e+03   1.5381389e+00   0.0000000e+00   0.0000000e+00
   8.3222672e+01   2.7184375e+02   1.4986880e+03   1.0386898e+03   1.5391817e+00   0.0000000e+00   0.0000000e+00
   8.3772869e+01   2.7184987e+02   1.4983019e+03   1.0389219e+03   1.5402246e+00   0.0000000e+00   0.0000000e+00
   8.4323065e+01   2.7185604e+02   1.4979160e+03   1.0391537e+03   1.5412676e+00   0.0000000e+00   0.0000000e+00
   8.4873261e+01   2.7186226e+02   1.4975303e+03   1.0393852e+03   1.5423107e+00   0.0000000e+00   0.0000000e+00
   8.5423458e+01   2.7186853e+02   1.4971448e+03   1.0396164e+03   1.5433540e+00   0.0000000e+00   0.0000000e+00
   8.5973654e+01   2.7187484e+02   1.4967595e+03   1.0398473e+03   1.5443973e+00   0.0000000e+00   0.0000000e+00
   8.6523850e+01   2.7188119e+02   1.4963744e+03   1.0400778e+03   1.5454407e+00   0.0000000e+00   0.0000000e+00
   8.7074046e+01   2.7188760e+02   1.4959894e+03   1.0403081e+03   1.5464842e+00   0.0000000e+00   0.0000000e+00
   8.7624243e+01   2.7189404e+02   1.4956047e+03   1.0405380e+03   1.5475277e+00   0.0000000e+00   0.0000000e+00
   8.8174439e+01   2.7190054e+02   1.4952201e+03   1.0407677e+03   1.5485713e+00   0.0000000e+00   0.0000000e+00
   8.8724635e+01   2.7190708e+02   1.4948358e+03   1.0409970e+03   1.5496148e+00   0.0000000e+00   0.0000000e+00
   8.9274831e+01   2.7191366e+02   1.4944516e+03   1.0412260e+03   1.5506583e+00   0.0000000e+00   0.0000000e+00
   8.9825028e+01   2.7192029e+02   1.4940676e+03   1.0414547e+03   1.5517018e+00   0.0000000e+00   0.0000000e+00
   9.0375224e+01   2.7192696e+02   1.4936838e+03   1.0416831e+03   1.5527453e+00   0.0000000e+00   0.0000000e+00
   9.0925420e+01   2.7193368e+02   1.4933002e+03   1.0419112e+03   1.5537887e+00   0.0000000e+00   0.0000000e+00
   9.1475616e+01   2.7194044e+02   1.4929167e+03   1.0421390e+03   1.5548321e+00   0.0000000e+00   0.0000000e+00
   9.2025813e+01   2.7194725e+02   1.4925335e+03   1.0423665e+03   1.5558755e+00   0.0000000e+00   0.0000000e+00
   9.2576009e+01   2.7195410e+02   1.4921505e+03   1.0425936e+03   1.5569188e+00   0.0000000e+00   0.0000000e+00
   9.3126205e+01   2.7196100e+02   1.4917676e+03   1.0428205e+03   1.5579620e+00   0.0000000e+00   0.0000000e+00
   9.3676401e+01   2.7196794e+02   1.4913849e+03   1.0430471e+03   1.5590053e+00   0.0000000e+00   0.0000000e+00
   9.4226598e+01   2.7197492e+02   1.4910024e+03   1.0432733e+03   1.5600485e+00   0.0000000e+00   0.0000000e+00
   9.4776794e+01   2.7198194e+02   1.4906201e+03   1.0434993e+03   1.5610917e+00   0.0000000e+00   0.0000000e+00
   9.5326990e+01   2.7198901e+02   1.4902380e+03   1.0437249e+03   1.5621349e+00   0.0000000e+00   0.0000000e+00
   9.5877187e+01   2.7199612e+02   1.4898560e+03   1.0439503e+03   1.5631781e+00   0.0000000e+00   0.0000000e+00
   9.6427383e+01   2.7200328e+02   1.4894743e+03   1.0441753e+03   1.5642213e+00   0.0000000e+00   0.0000000e+00
   9.6977579e+01   2.7201047e+02   1.4890927e+03   1.0444001e+03   1.5652645e+00   0.0000000e+00   0.0000000e+00
   9.7527775e+01   2.7201771e+02   1.4887113e+03   1.0446245e+03   1.5663076e+00   0.0000000e+00   0.0000000e+00
   9.8077972e+01   2.7202499e+02   1.4883301e+03   1.0448486e+03   1.5673508e+00   0.0000000e+00   0.0000000e+00
   9.8628168e+01   2.7203232e+02   1.4879491e+03   1.0450725e+03   1.5683940e+00   0.0000000e+00   0.0000000e+00
   9.9178364e+01   2.7203968e+02   1.4875683e+03   1.0452960e+03   1.5694373e+00   0.0000000e+00   0.0000000e+00
   9.9728560e+01   2.7204709e+02   1.4871877e+03   1.0455193e+03   1.5704805e+00   0.0000000e+00   0.0000000e+00
   1.0027876e+02   2.7205454e+02   1.4868072e+03   1.0457422e+03   1.5715238e+00   0.0000000e+00   0.0000000e+00
   1.0082895e+02   2.7206203e+02   1.4864269e+03   1.0459649e+03   1.5725671e+00   0.0000000e+00   0.0000000e+00
   1.0137915e+02   2.7206956e+02   1.4860468e+03   1.0461872e+03   1.5736104e+00   0.0000000e+00   0.0000000e+00
   1.0192935e+02   2.7207714e+02   1.4856669e+03   1.0464093e+03   1.5746538e+00   0.0000000e+00   0.0000000e+00
   1.0247954e+02   2.7208475e+02   1.4852872e+03   1.0466310e+03   1.5756972e+00   0.0000000e+00   0.0000000e+00
   1.0302974e+02   2.7209240e+02   1.4849077e+03   1.0468525e+03   1.5767408e+00   0.0000000e+00   0.0000000e+00
   1.0357993e+02   2.7210010e+02   1.4845283e+03   1.0470737e+03   1.5777844e+00   0.0000000e+00   0.0000000e+00
   1.0413013e+02   2.7210784e+02   1.4841491e+03   1.0472945e+03   1.5788280e+00   0.0000000e+00   0.0000000e+00
   1.0468033e+02   2.7211561e+02   1.4837701e+03   1.0475151e+03   1.5798718e+00   0.0000000e+00   0.0000000e+00
   1.0523052e+02   2.7212343e+02   1.4833913e+03   1.0477354e+03   1.5809157e+00   0.0000000e+00   0.0000000e+00
   1.0578072e+02   2.7213128e+02   1.4830127e+03   1.0479554e+03   1.5819597e+00   0.0000000e+00   0.0000000e+00
   1.0633092e+02   2.7213918e+02   1.4826342e+03   1.0481751e+03   1.5830039e+00   0.0000000e+00   0.0000000e+00
   1.0688111e+02   2.7214711e+02   1.4822560e+03   1.0483945e+03   1.5840481e+00   0.0000000e+00   0.0000000e+00
   1.0743131e+02   2.7215509e+02   1.4818779e+03   1.0486136e+03   1.5850925e+00   0.0000000e+00   0.0000000e+00
   1.0798150e+02   2.7216310e+02   1.4815000e+03   1.0488325e+03   1.5861371e+00   0.0000000e+00   0.0000000e+00
   1.0853170e+02   2.7217116e+02   1.4811223e+03   1.0490510e+03   1.5871819e+00   0.0000000e+00   0.0000000e+00
   1.0908190e+02   2.7217925e+02   1.4807447e+03   1.0492693e+03   1.5882268e+00   0.0000000e+00   0.0000000e+00
   1.0963209e+02   2.7218738e+02   1.4803674e+03   1.0494872e+03   1.5892719e+00   0.0000000e+00   0.0000000e+00
   1.1018229e+02   2.7219555e+02   1.4799902e+03   1.0497049e+03   1.5903172e+00   0.0000000e+00   0.0000000e+00
   1.1073249e+02   2.7220375e+02   1.4796132e+03   1.0499223e+03   1.5913626e+00   0.0000000e+00   0.0000000e+00
   1.1128268e+02   2.7221200e+02   1.4792364e+03   1.0501394e+03   1.5924083e+00   0.0000000e+00   0.0000000e+00
   1.1183288e+02   2.7222028e+02   1.4788597e+03   1.0503562e+03   1.5934542e+00   0.0000000e+00   0.0000000e+00
   1.1238307e+02   2.7222861e+02   1.4784833e+03   1.0505727e+03   1.5945003e+00   0.0000000e+00   0.0000000e+00
   1.1293327e+02   2.7223697e+02   1.4781070e+03   1.0507890e+03   1.5955465e+00   0.0000000e+00   0.0000000e+00
   1.1348347e+02   2.7224536e+02   1.4777309e+03   1.0510049e+03   1.5965930e+00   0.0000000e+00   0.0000000e+00
   1.1403366e+02   2.7225380e+02   1.4773550e+03   1.0512206e+03   1.5976396e+00   0.0000000e+00   0.0000000e+00
   1.1458386e+02   2.7226227e+02   1.4769792e+03   1.0514360e+03   1.5986863e+00   0.0000000e+00   0.0000000e+00
   1.1513406e+02   2.7227078e+02   1.4766036e+03   1.0516511e+03   1.5997333e+00   0.0000000e+00   0.0000000e+00
   1.1568425e+02   2.7227932e+02   1.4762283e+03   1.0518659e+03   1.6007804e+00   0.0000000e+00   0.0000000e+00
   1.1623445e+02   2.7228791e+02   1.4758530e+03   1.0520805e+03   1.6018276e+00   0.0000000e+00   0.0000000e+00
   1.1678464e+02   2.7229653e+02   1.4754780e+03   1.0522948e+03   1.6028750e+00   0.0000000e+00   0.0000000e+00
   1.1733484e+02   2.7230518e+02   1.4751032e+03   1.0525087e+03   1.6039226e+00   0.0000000e+00   0.0000000e+00
   1.1788504e+02   2.7231387e+02   1.4747285e+03   1.0527225e+03   1.6049703e+00   0.0000000e+00   0.0000000e+00
   1.1843523e+02   2.7232260e+02   1.4743540e+03   1.0529359e+03   1.6060181e+00   0.0000000e+00   0.0000000e+00
   1.1898543e+02   2.7233137e+02   1.4739797e+03   1.0531490e+03   1.6070661e+00   0.0000000e+00   0.0000000e+00
   1.1953563e+02   2.7234017e+02   1.4736055e+03   1.0533619e+03   1.6081142e+00   0.0000000e+00   0.0000000e+00
   1.2008582e+02   2.7234900e+02   1.4732316e+03   1.0535745e+03   1.6091624e+00   0.0000000e+00   0.0000000e+00
   1.2063602e+02   2.7235787e+02   1.4728578e+03   1.0537868e+03   1.6102108e+00   0.0000000e+00   0.0000000e+00
   1.2118621e+02   2.7236678e+02   1.4724842e+03   1.0539988e+03   1.6112593e+00   0.0000000e+00   0.0000000e+00
   1.2173641e+02   2.7237572e+02   1.4721107e+03   1.0542106e+03   1.6123079e+00   0.0000000e+00   0.0000000e+00
   1.2228661e+02   2.7238470e+02   1.4717375e+03   1.0544221e+03   1.6133566e+00   0.0000000e+00   0.0000000e+00
   1.2283680e+02   2.7239371e+02   1.4713644e+03   1.0546333e+03   1.6144054e+00   0.0000000e+00   0.0000000e+00
   1.2338700e+02   2.7240276e+02   1.4709915e+03   1.0548443e+03   1.6154543e+00   0.0000000e+00   0.0000000e+00
   1.2393720e+02   2.7241184e+02   1.4706187e+03   1.0550549e+03   1.6165033e+00   0.0000000e+00   0.0000000e+00
   1.2448739e+02   2.7242095e+02   1.4702462e+03   1.0552653e+03   1.6175524e+00   0.0000000e+00   0.0000000e+00
   1.2503759e+02   2.7243010e+02   1.4698738e+03   1.0554754e+03   1.6186016e+00   0.0000000e+00   0.0000000e+00
   1.2558778e+02   2.7243929e+02   1.4695016e+03   1.0556853e+03   1.6196508e+00   0.0000000e+00   0.0000000e+00
   1.2613798e+02   2.7244850e+02   1.4691295e+03   1.0558949e+03   1.6207002e+00   0.0000000e+00   0.0000000e+00
   1.2668818e+02   2.7245775e+02   1.4687577e+03   1.0561042e+03   1.6217496e+00   0.0000000e+00   0.0000000e+00
   1.2723837e+02   2.7246704e+02   1.4683860e+03   1.0563132e+03   1.6227991e+00   0.0000000e+00   0.0000000e+00
   1.2778857e+02   2.7247636e+02   1.4680145e+03   1.0565220e+03   1.6238487e+00   0.0000000e+00   0.0000000e+00
   1.2833877e+02   2.7248571e+02   1.4676431e+03   1.0567305e+03   1.6248983e+00   0.0000000e+00   0.0000000e+00
   1.2888896e+02   2.7249510e+02   1.4672720e+03   1.0569388e+03   1.6259480e+00   0.0000000e+00   0.0000000e+00
   1.2943916e+02   2.7250451e+02   1.4669010e+03   1.0571467e+03   1.6269978e+00   0.0000000e+00   0.0000000e+00
   1.2998935e+02   2.7251396e+02   1.4665302e+03   1.0573544e+03   1.6280476e+00   0.0000000e+00   0.0000000e+00
   1.3053955e+02   2.7252345e+02   1.4661595e+03   1.0575619e+03   1.6290975e+00   0.0000000e+00   0.0000000e+00
   1.3108975e+02   2.7253297e+02   1.4657891e+03   1.0577690e+03   1.6301474e+00   0.0000000e+00   0.0000000e+00
   1.3163994e+02   2.7254251e+02   1.4654188e+03   1.0579759e+03   1.6311973e+00   0.0000000e+00   0.0000000e+00
   1.3219014e+02   2.7255210e+02   1.4650486e+03   1.0581826e+03   1.6322473e+00   0.0000000e+00   0.0000000e+00
   1.3274034e+02   2.7256171e+02   1.4646787e+03   1.0583889e+03   1.6332974e+00   0.0000000e+00   0.0000000e+00
   1.3329053e+02   2.7257135e+02   1.4643089e+03   1.0585951e+03   1.6343474e+00   0.0000000e+00   0.0000000e+00
   1.3384073e+02   2.7258103e+02   1.4639393e+03   1.0588009e+03   1.6353975e+00   0.0000000e+00   0.0000000e+00
   1.3439092e+02   2.7259074e+02   1.4635699e+03   1.0590065e+03   1.6364476e+00   0.0000000e+00   0.0000000e+00
   1.3494112e+02   2.7260048e+02   1.4632006e+03   1.0592118e+03   1.6374977e+00   0.0000000e+00   0.0000000e+00
   1.3549132e+02   2.7261025e+02   1.4628315e+03   1.0594169e+03   1.6385479e+00   0.0000000e+00   0.0000000e+00
   1.3604151e+02   2.7262006e+02   1.4624626e+03   1.0596216e+03   1.6395980e+00   0.0000000e+00   0.0000000e+00
   1.3659171e+02   2.7262989e+02   1.4620938e+03   1.0598262e+03   1.6406482e+00   0.0000000e+00   0.0000000e+00
   1.3714191e+02   2.7263976e+02   1.4617253e+03   1.0600304e+03   1.6416984e+00   0.0000000e+00   0.0000000e+00
   1.3769210e+02   2.7264965e+02   1.4613569e+03   1.0602345e+03   1.6427486e+00   0.0000000e+00   0.0000000e+00
   1.3824230e+02   2.7265958e+02   1.4609886e+03   1.0604382e+03   1.6437988e+00   0.0000000e+00   0.0000000e+00
   1.3879250e+02   2.7266954e+02   1.4606206e+03   1.0606417e+03   1.6448489e+00   0.0000000e+00   0.0000000e+00
   1.3934269e+02   2.7267952e+02   1.4602527e+03   1.0608449e+03   1.6458991e+00   0.0000000e+00   0.0000000e+00
   1.3989289e+02   2.7268954e+02   1.4598850e+03   1.0610479e+03   1.6469493e+00   0.0000000e+00   0.0000000e+00
   1.4044308e+02   2.7269959e+02   1.4595174e+03   1.0612506e+03   1.6479994e+00   0.0000000e+00   0.0000000e+00
   1.4099328e+02   2.7270967e+02   1.4591500e+03   1.0614531e+03   1.6490496e+00   0.0000000e+00   0.0000000e+00
   1.4154348e+02   2.7271978e+02   1.4587828e+03   1.0616553e+03   1.6500997e+00   0.0000000e+00   0.0000000e+00
   1.4209367e+02   2.7272992e+02   1.4584158e+03   1.0618572e+03   1.6511497e+00   0.0000000e+00   0.0000000e+00
   1.4264387e+02   2.7274009e+02   1.4580489e+03   1.0620589e+03   1.6521998e+00   0.0000000e+00   0.0000000e+00
   1.4319407e+02   2.7275028e+02   1.4576822e+03   1.0622603e+03   1.6532498e+00   0.0000000e+00   0.0000000e+00
   1.4374426e+02   2.7276051e+02   1.4573156e+03   1.0624615e+03   1.6542998e+00   0.0000000e+00   0.0000000e+00
   1.4429446e+02   2.7277077e+02   1.4569493e+03   1.0626624e+03   1.6553497e+00   0.0000000e+00   0.0000000e+00
   1.4484465e+02   2.7278105e+02   1.4565831e+03   1.0628631e+03   1.6563996e+00   0.0000000e+00   0.0000000e+00
   1.4539485e+02   2.7279137e+02   1.4562170e+03   1.0630635e+03   1.6574494e+00   0.0000000e+00   0.0000000e+00
   1.4594505e+02   2.7280171e+02   1.4558512e+03   1.0632636e+03   1.6584992e+00   0.0000000e+00   0.0000000e+00
   1.4649524e+02   2.7281208e+02   1.4554855e+03   1.0634635e+03   1.6595489e+00   0.0000000e+00   0.0000000e+00
   1.4704544e+02   2.7282248e+02   1.4551200e+03   1.0636632e+03   1.6605986e+00   0.0000000e+00   0.0000000e+00
   1.4759564e+02   2.7283291e+02   1.4547546e+03   1.0638626e+03   1.6616482e+00   0.0000000e+00   0.0000000e+00
   1.4814583e+02   2.7284337e+02   1.4543894e+03   1.0640617e+03   1.6626977e+00   0.0000000e+00   0.0000000e+00
   1.4869603e+02   2.7285385e+02   1.4540244e+03   1.0642606e+03   1.6637471e+00   0.0000000e+00   0.0000000e+00
   1.4924622e+02   2.7286436e+02   1.4536595e+03   1.0644592e+03   1.6647964e+00   0.0000000e+00   0.0000000e+00
   1.4979642e+02   2.7287491e+02   1.4532949e+03   1.0646576e+03   1.6658457e+00   0.0000000e+00   0.0000000e+00
   1.5034662e+02   2.7288548e+02   1.4529303e+03   1.0648558e+03   1.6668949e+00   0.0000000e+00   0.0000000e+00
   1.5089681e+02   2.7289607e+02   1.4525660e+03   1.0650537e+03   1.6679439e+00   0.0000000e+00   0.0000000e+00
   1.5144701e+02   2.7290670e+02   1.4522018e+03   1.0652513e+03   1.6689929e+00   0.0000000e+00   0.0000000e+00
   1.5199721e+02   2.7291735e+02   1.4518378e+03   1.0654487e+03   1.6700418e+00   0.0000000e+00   0.0000000e+00
   1.5254740e+02   2.7292803e+02   1.4514739e+03   1.0656458e+03   1.6710906e+00   0.0000000e+00   0.0000000e+00
   1.5309760e+02   2.7293873e+02   1.4511102e+03   1.0658427e+03   1.6721393e+00   0.0000000e+00   0.0000000e+00
   1.5364779e+02   2.7294947e+02   1.4507467e+03   1.0660394e+03   1.6731878e+00   0.0000000e+00   0.0000000e+00
   1.5419799e+02   2.7296023e+02   1.4503834e+03   1.0662358e+03   1.6742363e+00   0.0000000e+00   0.0000000e+00
   1.5474819e+02   2.7297101e+02   1.4500202e+03   1.0664320e+03   1.6752846e+00   0.0000000e+00   0.0000000e+00
   1.5529838e+02   2.7298183e+02   1.4496571e+03   1.0666279e+03   1.6763328e+00   0.0000000e+00   0.0000000e+00
   1.5584858e+02   2.7299267e+02   1.4492943e+03   1.0668235e+03   1.6773809e+00   0.0000000e+00   0.0000000e+00
   1.5639878e+02   2.7300354e+02   1.4489316e+03   1.0670190e+03   1.6784289e+00   0.0000000e+00   0.0000000e+00
   1.5694897e+02   2.7301443e+02   1.4485691e+03   1.0672141e+03   1.6794767e+00   0.0000000e+00   0.0000000e+00
   1.5749917e+02   2.7302535e+02   1.4482067e+03   1.0674091e+03   1.6805244e+00   0.0000000e+00   0.0000000e+00
   1.5804936e+02   2.7303630e+02   1.4478445e+03   1.0676038e+03   1.6815720e+00   0.0000000e+00   0.0000000e+00
   1.5859956e+02   2.7304727e+02   1.4474825e+03   1.0677982e+03   1.6826194e+00   0.0000000e+00   0.0000000e+00
   1.5914976e+02   2.7305827e+02   1.4471206e+03   1.0679924e+03   1.6836667e+00   0.0000000e+00   0.0000000e+00
   1.5969995e+02   2.7306929e+02   1.4467589e+03   1.0681864e+03   1.6847138e+00   0.0000000e+00   0.0000000e+00
   1.6025015e+02   2.7308034e+02   1.4463973e+03   1.0683801e+03   1.6857608e+00   0.0000000e+00   0.0000000e+00
   1.6080035e+02   2.7309141e+02   1.4460360e+03   1.0685736e+03   1.6868076e+00   0.0000000e+00   0.0000000e+00
   1.6135054e+02   2.7310251e+02   1.4456748e+03   1.0687668e+03   1.6878543e+00   0.0000000e+00   0.0000000e+00
   1.6190074e+02   2.7311364e+02   1.4453137e+03   1.0689598e+03   1.6889008e+00   0.0000000e+00   0.0000000e+00
   1.6245093e+02   2.7312479e+02   1.4449528e+03   1.0691526e+03   1.6899472e+00   0.0000000e+00   0.0000000e+00
   1.6300113e+02   2.7313596e+02   1.4445921e+03   1.0693451e+03   1.6909933e+00   0.0000000e+00   0.0000000e+00
   1.6355133e+02   2.7314717e+02   1.4442315e+03   1.0695374e+03   1.6920393e+00   0.0000000e+00   0.0000000e+00
   1.6410152e+02   2.7315839e+02   1.4438711e+03   1.0697294e+03   1.6930851e+00   0.0000000e+00   0.0000000e+00
   1.6465172e+02   2.7316964e+02   1.4435109e+03   1.0699212e+03   1.6941307e+00   0.0000000e+00   0.0000000e+00
   1.6520192e+02   2.7318092e+02   1.4431508e+03   1.0701128e+03   1.6951761e+00   0.0000000e+00   0.0000000e+00
   1.6575211e+02   2.7319222e+02   1.4427909e+03   1.0703041e+03   1.6962213e+00   0.0000000e+00   0.0000000e+00
   1.6630231e+02   2.7320354e+02   1.4424312e+03   1.0704952e+03   1.6972663e+00   0.0000000e+00   0.0000000e+00
   1.6685250e+02   2.7321489e+02   1.4420716e+03   1.0706861e+03   1.6983110e+00   0.0000000e+00   0.0000000e+00
   1.6740270e+02   2.7322626e+02   1.4417122e+03   1.0708767e+03   1.6993555e+00   0.0000000e+00   0.0000000e+00
   1.6795290e+02   2.7323766e+02   1.4413529e+03   1.0710671e+03   1.7003998e+00   0.0000000e+00   0.0000000e+00
   1.6850309e+02   2.7324908e+02   1.4409938e+03   1.0712573e+03   1.7014438e+00   0.0000000e+00   0.0000000e+00
   1.6905329e+02   2.7326053e+02   1.4406349e+03   1.0714472e+03   1.7024876e+00   0.0000000e+00   0.0000000e+00
   1.6960349e+02   2.7327199e+02   1.4402761e+03   1.0716369e+03   1.7035312e+00   0.0000000e+00   0.0000000e+00
   1.7015368e+02   2.7328349e+02   1.4399175e+03   1.0718263e+03   1.7045745e+00   0.0000000e+00   0.0000000e+00
   1.7070388e+02   2.7329500e+02   1.4395590e+03   1.0720156e+03   1.7056175e+00   0.0000000e+00   0.0000000e+00
   1.7125407e+02   2.7330654e+02   1.4392007e+03   1.0722045e+03   1.7066602e+00   0.0000000e+00   0.0000000e+00
   1.7180427e+02   2.7331810e+02   1.4388426e+03   1.0723933e+03   1.7077027e+00   0.0000000e+00   0.0000000e+00
   1.7235447e+02   2.7332969e+02   1.4384846e+03   1.0725818e+03   1.7087449e+00   0.0000000e+00   0.0000000e+00
   1.7290466e+02   2.7334130e+02   1.4381268e+03   1.0727701e+03   1.7097869e+00   0.0000000e+00   0.0000000e+00
   1.7345486e+02   2.7335293e+02   1.4377692e+03   1.0729582e+03   1.7108285e+00   0.0000000e+00   0.0000000e+00
   1.7400506e+02   2.7336459e+02   1.4374117e+03   1.0731460e+03   1.7118699e+00   0.0000000e+00   0.0000000e+00
   1.7455525e+02   2.7337627e+02   1.4370543e+03   1.0733337e+03   1.7129111e+00   0.0000000e+00   0.0000000e+00
   1.7510545e+02   2.7338797e+02   1.4366972e+03   1.0735210e+03   1.7139519e+00   0.0000000e+00   0.0000000e+00
   1.7565564e+02   2.7339969e+02   1.4363402e+03   1.0737082e+03   1.7149925e+00   0.0000000e+00   0.0000000e+00
   1.7620584e+02   2.7341144e+02   1.4359833e+03   1.0738951e+03   1.7160328e+00   0.0000000e+00   0.0000000e+00
   1.7675604e+02   2.7342321e+02   1.4356266e+03   1.0740818e+03   1.7170728e+00   0.0000000e+00   0.0000000e+00
   1.7730623e+02   2.7343500e+02   1.4352701e+03   1.0742683e+03   1.7181125e+00   0.0000000e+00   0.0000000e+00
   1.7785643e+02   2.7344681e+02   1.4349137e+03   1.0744546e+03   1.7191519e+00   0.0000000e+00   0.0000000e+00
   1.7840663e+02   2.7345865e+02   1.4345575e+03   1.0746406e+03   1.7201910e+00   0.0000000e+00   0.0000000e+00
   1.7895682e+02   2.7347051e+02   1.4342015e+03   1.0748264e+03   1.7212299e+00   0.0000000e+00   0.0000000e+00
   1.7950702e+02   2.7348239e+02   1.4338456e+03   1.0750120e+03   1.7222684e+00   0.0000000e+00   0.0000000e+00
   1.8005721e+02   2.7349429e+02   1.4334898e+03   1.0751973e+03   1.7233067e+00   0.0000000e+00   0.0000000e+00
   1.8060741e+02   2.7350621e+02   1.4331342e+03   1.0753825e+03   1.7243447e+00   0.0000000e+00   0.0000000e+00
   1.8115761e+02   2.7351816e+02   1.4327788e+03   1.0755674e+03   1.7253823e+00   0.0000000e+00   0.0000000e+00
   1.8170780e+02   2.7353012e+02   1.4324236e+03   1.0757521e+03   1.7264196e+00   0.0000000e+00   0.0000000e+00
   1.8225800e+02   2.7354211e+02   1.4320685e+03   1.0759366e+03   1.7274565e+00   0.0000000e+00   0.0000000e+00
   1.8280820e+02   2.7355412e+02   1.4317135e+03   1.0761208e+03   1.7284930e+00   0.0000000e+00   0.0000000e+00
   1.8335839e+02   2.7356615e+02   1.4313587e+03   1.0763048e+03   1.7295290e+00   0.0000000e+00   0.0000000e+00
   1.8390859e+02   2.7357820e+02   1.4310041e+03   1.0764887e+03   1.7305647e+00   0.0000000e+00   0.0000000e+00
   1.8445878e+02   2.7359028e+02   1.4306496e+03   1.0766722e+03   1.7315998e+00   0.0000000e+00   0.0000000e+00
   1.8500898e+02   2.7360237e+02   1.4302953e+03   1.0768556e+03   1.7326345e+00   0.0000000e+00   0.0000000e+00
   1.8555918e+02   2.7361449e+02   1.4299411e+03   1.0770388e+03   1.7336686e+00   0.0000000e+00   0.0000000e+00
   1.8610937e+02   2.7362662e+02   1.4295871e+03   1.0772217e+03   1.7347021e+00   0.0000000e+00   0.0000000e+00
   1.8665957e+02   2.7363878e+02   1.4292333e+03   1.0774044e+03   1.7357351e+00   0.0000000e+00   0.0000000e+00
   1.8720977e+02   2.7365096e+02   1.4288796e+03   1.0775869e+03   1.7367675e+00   0.0000000e+00   0.0000000e+00
   1.8775996e+02   2.7366315e+02   1.4285261e+03   1.0777692e+03   1.7377993e+00   0.0000000e+00   0.0000000e+00
   1.8831016e+02   2.7367537e+02   1.4281727e+03   1.0779513e+03   1.7388304e+00   0.0000000e+00   0.0000000e+00
   1.8886035e+02   2.7368761e+02   1.4278195e+03   1.0781332e+03   1.7398608e+00   0.0000000e+00   0.0000000e+00
   1.8941055e+02   2.7369987e+02   1.4274664e+03   1.0783148e+03   1.7408906e+00   0.0000000e+00   0.0000000e+00
   1.8996075e+02   2.7371215e+02   1.4271135e+03   1.0784963e+03   1.7419196e+00   0.0000000e+00   0.0000000e+00
   1.9051094e+02   2.7372444e+02   1.4267608e+03   1.0786775e+03   1.7429479e+00   0.0000000e+00   0.0000000e+00
   1.9106114e+02   2.7373676e+02   1.4264082e+03   1.0788585e+03   1.7439754e+00   0.0000000e+00   0.0000000e+00
   1.9161134e+02   2.7374910e+02   1.4260557e+03   1.0790393e+03   1.7450020e+00   0.0000000e+00   0.0000000e+00
   1.9216153e+02   2.7376146e+02   1.4257034e+03   1.0792199e+03   1.7460278e+00   0.0000000e+00   0.0000000e+00
   1.9271173e+02   2.7377384e+02   1.4253513e+03   1.0794003e+03   1.7470527e+00   0.0000000e+00   0.0000000e+00
   1.9326193e+02   2.7378623e+02   1.4249993e+03   1.0795804e+03   1.7480766e+00   0.0000000e+00   0.0000000e+00
   1.9326193e+02   2.7378623e+02   1.4249993e+03   3.4573481e+03   4.4530757e+00   2.5398468e+00   1.8048488e+12
   2.1794481e+02   2.8044565e+02   1.4200701e+03   3.4573481e+03   4.4965096e+00   2.5654463e+00   9.2399741e+11
   2.4255495e+02   2.8708403e+02   1.4151408e+03   3.4831165e+03   4.4367361e+00   2.5291530e+00   4.8887099e+11
   2.6727533e+02   2.9370141e+02   1.4102115e+03   3.4483103e+03   4.4848905e+00   2.5576075e+00   2.6680497e+11
   2.9167449e+02   3.0029779e+02   1.4052823e+03   3.4769219e+03   4.5448476e+00   2.5931647e+00   1.4970489e+11
   3.1620385e+02   3.0687320e+02   1.4003530e+03   3.5125160e+03   4.5446247e+00   2.5925968e+00   8.6296036e+10
   3.4090937e+02   3.1342763e+02   1.3954237e+03   3.5127100e+03   4.5195376e+00   2.5770842e+00   5.1017750e+10
   3.6553884e+02   3.1996111e+02   1.3904945e+03   3.4982417e+03   7.9522353e+00   4.5350005e+00   3.0863209e+10
   3.8998980e+02   3.2647366e+02   1.3855652e+03   3.5130876e+03   7.9517846e+00   4.5339711e+00   1.9072294e+10
   4.1446827e+02   3.3296529e+02   1.3806360e+03   3.5132708e+03   7.9512744e+00   4.5329059e+00   1.2029098e+10
   4.3887074e+02   3.3943602e+02   1.3757067e+03   3.5134437e+03   7.9507542e+00   4.5318375e+00   7.7318421e+09
   4.6319721e+02   3.4588585e+02   1.3707774e+03   3.5136135e+03   7.9502321e+00   4.5307679e+00   5.0589038e+09
   4.8744770e+02   3.5231482e+02   1.3658482e+03   3.5137823e+03   7.9496489e+00   4.5296662e+00   3.3658629e+09
   5.1162226e+02   3.5872293e+02   1.3609189e+03   3.5139392e+03   7.9490742e+00   4.5285704e+00   2.2749998e+09
   5.3572086e+02   3.6511020e+02   1.3559896e+03   3.5140972e+03   7.9484742e+00   4.5274613e+00   1.5607077e+09
   5.5974356e+02   3.7147665e+02   1.3510604e+03   3.5142500e+03   7.9478358e+00   4.5263342e+00   1.0858167e+09
   5.8369039e+02   3.7782230e+02   1.3461311e+03   3.5143946e+03   7.9472147e+00   4.5252146e+00   7.6551195e+08
   6.0756134e+02   3.8414716e+02   1.3412018e+03   3.5145418e+03   7.9465465e+00   4.5240728e+00   5.4650957e+08
   6.3135650e+02   3.9045125e+02   1.3362726e+03   3.5146798e+03   7.9458688e+00   4.5229268e+00   3.9482590e+08
   6.5507588e+02   3.9673459e+02   1.3313433e+03   3.5148153e+03   7.9452021e+00   4.5217871e+00   2.8847438e+08
   6.7871950e+02   4.0299720e+02   1.3264141e+03   3.5149520e+03   7.9444789e+00   4.5206197e+00   2.1303581e+08
   7.0228745e+02   4.0923909e+02   1.3214848e+03   3.5150781e+03   7.9437688e+00   4.5194582e+00   1.5893096e+08
   7.2577973e+02   4.1546029e+02   1.3165555e+03   3.5152057e+03   7.9430524e+00   4.5182961e+00   1.1971733e+08
   7.4919640e+02   4.2166082e+02   1.3116263e+03   3.5153311e+03   7.9422941e+00   4.5171143e+00   9.1011116e+07
   7.7253753e+02   4.2784069e+02   1.3066970e+03   3.5154482e+03   7.9415538e+00   4.5159404e+00   6.9795922e+07
   7.9580314e+02   4.3399992e+02   1.3017677e+03   3.5155682e+03   7.9407946e+00   4.5147600e+00   5.3974057e+07
   8.1899331e+02   4.4013854e+02   1.2968385e+03   3.5156835e+03   7.9400132e+00   4.5135684e+00   4.2071870e+07
   8.4210808e+02   4.4625655e+02   1.2919092e+03   3.5157941e+03   7.9392377e+00   4.5123818e+00   3.3044015e+07
   8.6514751e+02   4.5235400e+02   1.2869800e+03   3.5159053e+03   7.9384482e+00   4.5111886e+00   2.6142072e+07
   8.8811168e+02   4.5843089e+02   1.2820507e+03   3.5160134e+03   7.9376474e+00   4.5099899e+00   2.0825437e+07
   9.1100064e+02   4.6448725e+02   1.2771214e+03   3.5161189e+03   7.9368470e+00   4.5087950e+00   1.6700289e+07
   9.3381446e+02   4.7052309e+02   1.2721922e+03   3.5162231e+03   7.9360285e+00   4.5075920e+00   1.3477396e+07
   9.5655321e+02   4.7653845e+02   1.2672629e+03   3.5163232e+03   7.9352073e+00   4.5063875e+00   1.0942673e+07
   9.7921695e+02   4.8253334e+02   1.2623336e+03   3.5164227e+03   7.9343880e+00   4.5051867e+00   8.9364737e+06
   1.0018058e+03   4.8850778e+02   1.2574044e+03   3.5165213e+03   7.9335487e+00   4.5039764e+00   7.3388869e+06
   1.0243197e+03   4.9446180e+02   1.2524751e+03   3.5166155e+03   7.9327069e+00   4.5027665e+00   6.0592243e+06
   1.0467589e+03   5.0039543e+02   1.2475458e+03   3.5167084e+03   7.9318732e+00   4.5015625e+00   5.0284430e+06
   1.0691234e+03   5.0630868e+02   1.2426166e+03   3.5168022e+03   7.9310185e+00   4.5003490e+00   4.1936430e+06
   1.0914133e+03   5.1220158e+02   1.2376873e+03   3.5168916e+03   7.9301575e+00   4.4991355e+00   3.5140441e+06
   1.1136286e+03   5.1807415e+02   1.2327581e+03   3.5169790e+03   7.9293124e+00   4.4979297e+00   2.9580222e+06
   1.1357695e+03   5.2392643e+02   1.2278288e+03   3.5170684e+03   7.9284438e+00   4.4967137e+00   2.5009144e+06
   1.1578361e+03   5.2975843e+02   1.2228995e+03   3.5171527e+03   7.9275702e+00   4.4954986e+00   2.1233809e+06
   1.1798283e+03   5.3557018e+02   1.2179703e+03   3.5172354e+03   7.9267140e+00   4.4942916e+00   1.8101755e+06
   1.2017464e+03   5.4136170e+02   1.2130410e+03   3.5173210e+03   7.9258328e+00   4.4930752e+00   1.5492180e+06
   1.2235905e+03   5.4713303e+02   1.2081117e+03   3.5174008e+03   7.9249509e+00   4.4918611e+00   1.3308892e+06
   1.2453605e+03   5.5288419e+02   1.2031825e+03   3.5174794e+03   7.9240855e+00   4.4906541e+00   1.1474936e+06
   1.2670567e+03   5.5861520e+02   1.1982532e+03   3.5175611e+03   7.9231949e+00   4.4894385e+00   9.9284572e+05
   1.2886791e+03   5.6432611e+02   1.1933239e+03   3.5176371e+03   7.9223065e+00   4.4882258e+00   8.6195228e+05
   1.3102278e+03   5.7001692e+02   1.1883947e+03   3.5177125e+03   7.9214328e+00   4.4870203e+00   7.5076474e+05
   1.3317030e+03   5.7568768e+02   1.1834654e+03   3.5177897e+03   7.9205358e+00   4.4858074e+00   6.5598704e+05
   1.3531047e+03   5.8133841e+02   1.1785362e+03   3.5178620e+03   7.9196424e+00   4.4845974e+00   5.7492495e+05
   1.3744331e+03   5.8696914e+02   1.1736069e+03   3.5179344e+03   7.9187609e+00   4.4833939e+00   5.0536755e+05
   1.3956882e+03   5.9257990e+02   1.1686776e+03   3.5180084e+03   7.9178611e+00   4.4821848e+00   4.4549373e+05
   1.4168702e+03   5.9817073e+02   1.1637484e+03   3.5180781e+03   7.9169634e+00   4.4809778e+00   3.9379799e+05
   1.4379793e+03   6.0374165e+02   1.1588191e+03   3.5181476e+03   7.9160746e+00   4.4797766e+00   3.4903129e+05
   1.4590154e+03   6.0929270e+02   1.1538898e+03   3.5182180e+03   7.9151747e+00   4.4785733e+00   3.1015387e+05
   1.4799789e+03   6.1482390e+02   1.1489606e+03   3.5182854e+03   7.9142737e+00   4.4773707e+00   2.7629725e+05
   1.5008697e+03   6.2033530e+02   1.1440313e+03   3.5183519e+03   7.9133799e+00   4.4761731e+00   2.4673369e+05
   1.5216880e+03   6.2582692e+02   1.1391020e+03   3.5184189e+03   7.9124825e+00   4.4749757e+00   2.2085148e+05
   1.5424340e+03   6.3129880e+02   1.1341728e+03   3.5184848e+03   7.9115790e+00   4.4737773e+00   1.9813487e+05
   1.5631077e+03   6.3675098e+02   1.1292435e+03   3.5185489e+03   7.9106811e+00   4.4725842e+00   1.7814772e+05
   1.5837094e+03   6.4218348e+02   1.1243143e+03   3.5186129e+03   7.9097868e+00   4.4713943e+00   1.6052016e+05
   1.6042391e+03   6.4759635e+02   1.1193850e+03   3.5186768e+03   7.9088814e+00   4.4702009e+00   1.4493767e+05
   1.6246971e+03   6.5298963e+02   1.1144557e+03   3.5187380e+03   7.9079813e+00   4.4690121e+00   1.3113202e+05
   1.6450834e+03   6.5836334e+02   1.1095265e+03   3.5187997e+03   7.9070919e+00   4.4678299e+00   1.1887390e+05
   1.6653982e+03   6.6371753e+02   1.1045972e+03   3.5188621e+03   7.9061855e+00   4.4666422e+00   1.0796675e+05
   1.6856416e+03   6.6905223e+02   1.0996679e+03   3.5189207e+03   7.9052844e+00   4.4654598e+00   9.8241655e+04
   1.7058139e+03   6.7436749e+02   1.0947387e+03   3.5189800e+03   7.9043934e+00   4.4642832e+00   8.9553128e+04
   1.7259151e+03   6.7966335e+02   1.0898094e+03   3.5190404e+03   7.9034927e+00   4.4631040e+00   8.1775541e+04
   1.7459455e+03   6.8493984e+02   1.0848802e+03   3.5190980e+03   7.9025918e+00   4.4619274e+00   7.4800176e+04
   1.7659052e+03   6.9019701e+02   1.0799509e+03   3.5191547e+03   7.9016992e+00   4.4607566e+00   6.8532734e+04
   1.7857943e+03   6.9543490e+02   1.0750216e+03   3.5192122e+03   7.9008056e+00   4.4595872e+00   6.2891245e+04
   1.8056131e+03   7.0065355e+02   1.0700924e+03   3.5192687e+03   7.8999067e+00   4.4584174e+00   5.7804305e+04
   1.8253617e+03   7.0585300e+02   1.0651631e+03   3.5193238e+03   7.8990133e+00   4.4572525e+00   5.3209586e+04
   1.8450403e+03   7.1103331e+02   1.0602338e+03   3.5193792e+03   7.8981303e+00   4.4560932e+00   4.9052566e+04
   1.8646491e+03   7.1619452e+02   1.0553046e+03   3.5194359e+03   7.8972317e+00   4.4549303e+00   4.5285466e+04
   1.8841883e+03   7.2133667e+02   1.0503753e+03   3.5194883e+03   7.8963369e+00   4.4537718e+00   4.1866329e+04
   1.9036580e+03   7.2645981e+02   1.0454460e+03   3.5195408e+03   7.8954574e+00   4.4526206e+00   3.8758243e+04
   1.9230584e+03   7.3156398e+02   1.0405168e+03   3.5195960e+03   7.8945670e+00   4.4514674e+00   3.5928676e+04
   1.9423899e+03   7.3664925e+02   1.0355875e+03   3.5196481e+03   7.8936724e+00   4.4503154e+00   3.3348905e+04
   1.9616525e+03   7.4171565e+02   1.0306583e+03   3.5196986e+03   7.8927951e+00   4.4491719e+00   3.0993522e+04
   1.9808464e+03   7.4676324e+02   1.0257290e+03   3.5197519e+03   7.8919155e+00   4.4480301e+00   2.8840018e+04
   1.9999719e+03   7.5179207e+02   1.0207997e+03   3.5198041e+03   7.8910245e+00   4.4468857e+00   2.6868417e+04
   2.0190293e+03   7.5680220e+02   1.0158705e+03   3.5198534e+03   7.8901470e+00   4.4457486e+00   2.5060961e+04
   2.0380186e+03   7.6179367e+02   1.0109412e+03   3.5199043e+03   7.8892749e+00   4.4446164e+00   2.3401840e+04
   2.0569402e+03   7.6676654e+02   1.0060119e+03   3.5199553e+03   7.8883930e+00   4.4434823e+00   2.1876955e+04
   2.0757942e+03   7.7172087e+02   1.0010827e+03   3.5200039e+03   7.8875147e+00   4.4423518e+00   2.0473715e+04
   2.0945810e+03   7.7665671e+02   9.9615341e+02   3.5200525e+03   7.8866480e+00   4.4412276e+00   1.9180860e+04
   2.1133006e+03   7.8157413e+02   9.9122415e+02   3.5201028e+03   7.8857774e+00   4.4401053e+00   1.7988301e+04
   2.1319535e+03   7.8647319e+02   9.8629488e+02   3.5201513e+03   7.8848984e+00   4.4389820e+00   1.6886991e+04
   2.1505398e+03   7.9135393e+02   9.8136562e+02   3.5201975e+03   7.8840370e+00   4.4378664e+00   1.5868804e+04
   2.1690598e+03   7.9621643e+02   9.7643636e+02   3.5202465e+03   7.8831726e+00   4.4367534e+00   1.4926429e+04
   2.1875138e+03   8.0106076e+02   9.7150709e+02   3.5202940e+03   7.8823049e+00   4.4356406e+00   1.4053282e+04
   2.2059019e+03   8.0588696e+02   9.6657783e+02   3.5203402e+03   7.8814425e+00   4.4345317e+00   1.3243427e+04
   2.2242246e+03   8.1069511e+02   9.6164857e+02   3.5203870e+03   7.8805828e+00   4.4334271e+00   1.2491502e+04
   2.2424820e+03   8.1548528e+02   9.5671930e+02   3.5204336e+03   7.8797314e+00   4.4323277e+00   1.1792659e+04
   2.2606744e+03   8.2025754e+02   9.5179004e+02   3.5204807e+03   7.8788677e+00   4.4312260e+00   1.1142510e+04
   2.2788022e+03   8.2501194e+02   9.4686078e+02   3.5205247e+03   7.8780166e+00   4.4301311e+00   1.0537079e+04
   2.2968657e+03   8.2974858e+02   9.4193151e+02   3.5205708e+03   7.8771652e+00   4.4290393e+00   9.9727580e+03
   2.3148650e+03   8.3446751e+02   9.3700225e+02   3.5206160e+03   7.8763173e+00   4.4279504e+00   9.4462680e+03
   2.3328006e+03   8.3916882e+02   9.3207299e+02   3.5206613e+03   7.8754697e+00   4.4268632e+00   8.9546280e+03
   2.3506728e+03   8.4385258e+02   9.2714372e+02   3.5207058e+03   7.8746196e+00   4.4257785e+00   8.4951239e+03
   2.3684818e+03   8.4851886e+02   9.2221446e+02   3.5207488e+03   7.8737842e+00   4.4247007e+00   8.0652817e+03
   2.3862280e+03   8.5316775e+02   9.1728520e+02   3.5207941e+03   7.8729415e+00   4.4236225e+00   7.6628442e+03
   2.4039118e+03   8.5779933e+02   9.1235593e+02   3.5208374e+03   7.8721010e+00   4.4225480e+00   7.2857498e+03
   2.4215335e+03   8.6241368e+02   9.0742667e+02   3.5208804e+03   7.8712631e+00   4.4214773e+00   6.9321134e+03
   2.4390933e+03   8.6701089e+02   9.0249741e+02   3.5209233e+03   7.8704387e+00   4.4204130e+00   6.6002098e+03
   2.4565918e+03   8.7159103e+02   8.9756814e+02   3.5209685e+03   7.8696048e+00   4.4193470e+00   6.2884585e+03
   2.4740293e+03   8.7615421e+02   8.9263888e+02   3.5210107e+03   7.8687687e+00   4.4182834e+00   5.9954102e+03
   2.4914061e+03   8.8070050e+02   8.8770962e+02   3.5210514e+03   7.8679453e+00   4.4172264e+00   5.7197345e+03
   2.5087226e+03   8.8523001e+02   8.8278035e+02   3.5210944e+03   7.8671276e+00   4.4161740e+00   5.4602091e+03
   2.5259792e+03   8.8974283e+02   8.7785109e+02   3.5211380e+03   7.8663002e+00   4.4151199e+00   5.2157102e+03
   2.5431763e+03   8.9423905e+02   8.7292183e+02   3.5211789e+03   7.8654748e+00   4.4140694e+00   4.9852033e+03
   2.5603144e+03   8.9871877e+02   8.6799256e+02   3.5212193e+03   7.8646649e+00   4.4130260e+00   4.7677353e+03
   2.5773938e+03   9.0318210e+02   8.6306330e+02   3.5212624e+03   7.8638550e+00   4.4119852e+00   4.5624276e+03
   2.5944150e+03   9.0762913e+02   8.5813403e+02   3.5213047e+03   7.8630352e+00   4.4109432e+00   4.3684694e+03
   2.6113784e+03   9.1205997e+02   8.5320477e+02   3.5213445e+03   7.8622232e+00   4.4099064e+00   4.1851118e+03
   2.6282845e+03   9.1647474e+02   8.4827551e+02   3.5213852e+03   7.8614231e+00   4.4088759e+00   4.0116626e+03
   2.6451337e+03   9.2087354e+02   8.4334624e+02   3.5214276e+03   7.8606202e+00   4.4078468e+00   3.8474815e+03
   2.6619265e+03   9.2525648e+02   8.3841698e+02   3.5214685e+03   7.8598102e+00   4.4068168e+00   3.6919757e+03
   2.6786634e+03   9.2962368e+02   8.3348772e+02   3.5215072e+03   7.8590112e+00   4.4057927e+00   3.5445958e+03
   2.6953449e+03   9.3397527e+02   8.2855845e+02   3.5215478e+03   7.8582204e+00   4.4047739e+00   3.4048327e+03
   2.7119715e+03   9.3831135e+02   8.2362919e+02   3.5215895e+03   7.8574255e+00   4.4037569e+00   3.2722136e+03
   2.7285436e+03   9.4263206e+02   8.1869993e+02   3.5216296e+03   7.8566248e+00   4.4027397e+00   3.1462997e+03
   2.7450620e+03   9.4693753e+02   8.1377066e+02   3.5216678e+03   7.8558375e+00   4.4017286e+00   3.0266833e+03
   2.7615270e+03   9.5122788e+02   8.0884140e+02   3.5217085e+03   7.8550515e+00   4.4007207e+00   2.9129848e+03
   2.7779392e+03   9.5550324e+02   8.0391214e+02   3.5217487e+03   7.8542693e+00   4.3997163e+00   2.8048516e+03
   2.7942993e+03   9.5976377e+02   7.9898287e+02   3.5217887e+03   7.8534787e+00   4.3987109e+00   2.7019547e+03
   2.8106077e+03   9.6400959e+02   7.9405361e+02   3.5218265e+03   7.8527036e+00   4.3977120e+00   2.6039880e+03
   2.8268652e+03   9.6824084e+02   7.8912435e+02   3.5218666e+03   7.8519242e+00   4.3967147e+00   2.5106656e+03
   2.8430723e+03   9.7245769e+02   7.8419508e+02   3.5219054e+03   7.8511546e+00   4.3957229e+00   2.4217212e+03
   2.8592297e+03   9.7666027e+02   7.7926582e+02   3.5219457e+03   7.8503732e+00   4.3947290e+00   2.3369058e+03
   2.8753379e+03   9.8084875e+02   7.7433656e+02   3.5219834e+03   7.8496073e+00   4.3937420e+00   2.2559868e+03
   2.8913977e+03   9.8502329e+02   7.6940729e+02   3.5220235e+03   7.8488342e+00   4.3927558e+00   2.1787468e+03
   2.9074098e+03   9.8918404e+02   7.6447803e+02   3.5220615e+03   7.8480771e+00   4.3917758e+00   2.1049825e+03
   2.9233749e+03   9.9333118e+02   7.5954877e+02   3.5221018e+03   7.8473079e+00   4.3907934e+00   2.0345034e+03
   2.9392936e+03   9.9746487e+02   7.5461950e+02   3.5221393e+03   7.8465488e+00   4.3898169e+00   1.9671311e+03
   2.9551667e+03   1.0015853e+03   7.4969024e+02   3.5221786e+03   7.8457855e+00   4.3888415e+00   1.9026986e+03
   2.9709950e+03   1.0056926e+03   7.4476098e+02   3.5222163e+03   7.8450373e+00   4.3878723e+00   1.8410492e+03
   2.9867792e+03   1.0097871e+03   7.3983171e+02   3.5222564e+03   7.8442804e+00   4.3869018e+00   1.7820356e+03
   3.0025202e+03   1.0138688e+03   7.3490245e+02   3.5222941e+03   7.8435279e+00   4.3859348e+00   1.7255200e+03
   3.0182187e+03   1.0179380e+03   7.2997319e+02   3.5223325e+03   7.8427733e+00   4.3849697e+00   1.6713726e+03
   3.0338757e+03   1.0219949e+03   7.2504392e+02   3.5223699e+03   7.8420332e+00   4.3840110e+00   1.6194715e+03
   3.0494919e+03   1.0260398e+03   7.2011466e+02   3.5224097e+03   7.8412890e+00   4.3830527e+00   1.5697021e+03
   3.0650683e+03   1.0300727e+03   7.1518540e+02   3.5224482e+03   7.8405441e+00   4.3820953e+00   1.5219565e+03
   3.0806058e+03   1.0340939e+03   7.1025613e+02   3.5224861e+03   7.8397978e+00   4.3811398e+00   1.4761333e+03
   3.0961052e+03   1.0381037e+03   7.0532687e+02   3.5225232e+03   7.8390662e+00   4.3801900e+00   1.4321368e+03
   3.1115677e+03   1.0421023e+03   7.0039761e+02   3.5225632e+03   7.8383357e+00   4.3792425e+00   1.3898769e+03
   3.1269942e+03   1.0460899e+03   6.9546834e+02   3.5226030e+03   7.8375970e+00   4.3782938e+00   1.3492687e+03
   3.1423856e+03   1.0500668e+03   6.9053908e+02   3.5226401e+03   7.8368594e+00   4.3773475e+00   1.3102320e+03
   3.1577431e+03   1.0540332e+03   6.8560982e+02   3.5226768e+03   7.8361348e+00   4.3764064e+00   1.2726913e+03
   3.1730677e+03   1.0579893e+03   6.8068055e+02   3.5227162e+03   7.8354144e+00   4.3754683e+00   1.2365750e+03
   3.1883606e+03   1.0619356e+03   6.7575129e+02   3.5227560e+03   7.8346852e+00   4.3745284e+00   1.2018158e+03
   3.2036229e+03   1.0658721e+03   6.7082203e+02   3.5227938e+03   7.8339548e+00   4.3735896e+00   1.1683499e+03
   3.2188558e+03   1.0697992e+03   6.6589276e+02   3.5228310e+03   7.8332354e+00   4.3726560e+00   1.1361170e+03
   3.2340604e+03   1.0737172e+03   6.6096350e+02   3.5228700e+03   7.8325219e+00   4.3717258e+00   1.1050601e+03
   3.2492381e+03   1.0776264e+03   6.5603423e+02   3.5229098e+03   7.8318040e+00   4.3707956e+00   1.0751253e+03
   3.2643902e+03   1.0815271e+03   6.5110497e+02   3.5229483e+03   7.8310810e+00   4.3698642e+00   1.0462613e+03
   3.2795179e+03   1.0854197e+03   6.4617571e+02   3.5229856e+03   7.8303664e+00   4.3689368e+00   1.0184199e+03
   3.2946226e+03   1.0893043e+03   6.4124644e+02   3.5230245e+03   7.8296598e+00   4.3680130e+00   9.9155515e+02
   3.3097058e+03   1.0931815e+03   6.3631718e+02   3.5230649e+03   7.8289502e+00   4.3670900e+00   9.6562354e+02
   3.3247689e+03   1.0970515e+03   6.3138792e+02   3.5231040e+03   7.8282373e+00   4.3661664e+00   9.4058384e+02
   3.3398134e+03   1.1009146e+03   6.2645865e+02   3.5231419e+03   7.8275270e+00   4.3652444e+00   9.1639690e+02
   3.3548409e+03   1.1047713e+03   6.2152939e+02   3.5231801e+03   7.8268270e+00   4.3643261e+00   8.9302555e+02
   3.3698529e+03   1.1086220e+03   6.1660013e+02   3.5232205e+03   7.8261212e+00   4.3634075e+00   8.7043450e+02
   3.3848511e+03   1.1124670e+03   6.1167086e+02   3.5232594e+03   7.8254217e+00   4.3624914e+00   8.4859024e+02
   3.3998372e+03   1.1163068e+03   6.0674160e+02   3.5232994e+03   7.8247136e+00   4.3615729e+00   8.2746087e+02
   3.4148131e+03   1.1201417e+03   6.0181234e+02   3.5233377e+03   7.8240185e+00   4.3606588e+00   8.0701610e+02
   3.4297804e+03   1.1239722e+03   5.9688307e+02   3.5233788e+03   7.8233150e+00   4.3597435e+00   7.8722709e+02
   3.4447410e+03   1.1277988e+03   5.9195381e+02   3.5234178e+03   7.8226236e+00   4.3588323e+00   7.6806643e+02
   3.4596970e+03   1.1316219e+03   5.8702455e+02   3.5234591e+03   7.8219236e+00   4.3579183e+00   7.4950797e+02
   3.4746504e+03   1.1354420e+03   5.8209528e+02   3.5234985e+03   7.8212303e+00   4.3570061e+00   7.3152687e+02
   3.4896031e+03   1.1392596e+03   5.7716602e+02   3.5235395e+03   7.8205311e+00   4.3560929e+00   7.1409940e+02
   3.5045574e+03   1.1430752e+03   5.7223676e+02   3.5235793e+03   7.8198402e+00   4.3551824e+00   6.9720299e+02
   3.5195154e+03   1.1468893e+03   5.6730749e+02   3.5236206e+03   7.8191522e+00   4.3542726e+00   6.8081610e+02
   3.5344795e+03   1.1507025e+03   5.6237823e+02   3.5236626e+03   7.8184593e+00   4.3533605e+00   6.6491819e+02
   3.5494521e+03   1.1545154e+03   5.5744897e+02   3.5237037e+03   7.8177639e+00   4.3524480e+00   6.4948965e+02
   3.5644355e+03   1.1583285e+03   5.5251970e+02   3.5237439e+03   7.8170726e+00   4.3515364e+00   6.3451177e+02
   3.5794325e+03   1.1621425e+03   5.4759044e+02   3.5237853e+03   7.8163897e+00   4.3506267e+00   6.1996669e+02
   3.5944455e+03   1.1659580e+03   5.4266118e+02   3.5238287e+03   7.8157011e+00   4.3497146e+00   6.0583733e+02
   3.6094774e+03   1.1697756e+03   5.3773191e+02   3.5238711e+03   7.8150071e+00   4.3488003e+00   5.9210739e+02
   3.6245311e+03   1.1735961e+03   5.3280265e+02   3.5239125e+03   7.8143136e+00   4.3478857e+00   5.7876127e+02
   3.6396093e+03   1.1774201e+03   5.2787339e+02   3.5239542e+03   7.8136317e+00   4.3469736e+00   5.6578406e+02
   3.6547153e+03   1.1812484e+03   5.2294412e+02   3.5239988e+03   7.8129494e+00   4.3460604e+00   5.5316149e+02
   3.6698522e+03   1.1850817e+03   5.1801486e+02   3.5240436e+03   7.8122537e+00   4.3451414e+00   5.4087992e+02
   3.6850233e+03   1.1889208e+03   5.1308560e+02   3.5240859e+03   7.8115574e+00   4.3442210e+00   5.2892627e+02
   3.7002320e+03   1.1927666e+03   5.0815633e+02   3.5241284e+03   7.8108724e+00   4.3433023e+00   5.1728802e+02
   3.7154818e+03   1.1966199e+03   5.0322707e+02   3.5241737e+03   7.8101892e+00   4.3423826e+00   5.0595319e+02
   3.7307765e+03   1.2004816e+03   4.9829781e+02   3.5242199e+03   7.8094962e+00   4.3414582e+00   4.9491027e+02
   3.7461200e+03   1.2043526e+03   4.9336854e+02   3.5242646e+03   7.8087978e+00   4.3405300e+00   4.8414826e+02
   3.7615162e+03   1.2082339e+03   4.8843928e+02   3.5243088e+03   7.8081071e+00   4.3396019e+00   4.7365659e+02
   3.7769693e+03   1.2121264e+03   4.8351002e+02   3.5243554e+03   7.8074194e+00   4.3386724e+00   4.6342512e+02
   3.7924836e+03   1.2160312e+03   4.7858075e+02   3.5244034e+03   7.8067269e+00   4.3377392e+00   4.5344412e+02
   3.8080637e+03   1.2199494e+03   4.7365149e+02   3.5244507e+03   7.8060234e+00   4.3367992e+00   4.4370425e+02
   3.8237142e+03   1.2238822e+03   4.6872223e+02   3.5244965e+03   7.8053248e+00   4.3358578e+00   4.3419655e+02
   3.8394400e+03   1.2278306e+03   4.6379296e+02   3.5245443e+03   7.8046286e+00   4.3349141e+00   4.2491239e+02
   3.8552464e+03   1.2317960e+03   4.5886370e+02   3.5245937e+03   7.8039277e+00   4.3339661e+00   4.1584349e+02
   3.8711385e+03   1.2357796e+03   4.5393444e+02   3.5246429e+03   7.8032227e+00   4.3330125e+00   4.0698189e+02
   3.8871220e+03   1.2397827e+03   4.4900517e+02   3.5246921e+03   7.8025152e+00   4.3320539e+00   3.9831995e+02
   3.9032027e+03   1.2438068e+03   4.4407591e+02   3.5247419e+03   7.8018081e+00   4.3310914e+00   3.8985028e+02
   3.9032027e+03   1.2438068e+03   4.4407591e+02   8.0000000e+03   5.9992141e+00   3.2462749e+00   1.0000000e+04
   4.2708909e+03   1.2451888e+03   3.9473414e+02   8.0106722e+03   5.9952165e+00   3.2441117e+00   1.0000000e+04
   4.5889979e+03   1.2465708e+03   3.4539237e+02   8.0205148e+03   6.0207956e+00   3.2562299e+00   1.0000000e+04
   4.8541952e+03   1.2479528e+03   2.9605061e+02   8.0297483e+03   6.0425176e+00   3.2665077e+00   1.0000000e+04
   5.0609613e+03   1.2493348e+03   2.4670884e+02   8.0385495e+03   6.0601131e+00   3.2748086e+00   1.0000000e+04
   5.1991412e+03   1.2507168e+03   1.9736707e+02   8.0470773e+03   6.0731412e+00   3.2809138e+00   1.0000000e+04
   5.2474482e+03   1.2520988e+03   1.4802530e+02   8.0555034e+03   6.0807873e+00   3.2844243e+00   1.0000000e+04
   5.1520624e+03   1.2534808e+03   9.8683535e+01   8.0640832e+03   6.0813288e+00   3.2845009e+00   1.0000000e+04
   4.7272344e+03   1.2548628e+03   4.9341768e+01   8.0734685e+03   6.0703367e+00   3.2789901e+00   1.0000000e+04
   2.7158089e+03   1.2562448e+03   0.0000000e+00   8.0900173e+03   6.0308386e+00   3.2595639e+00   1.0000000e+04
