   0.0000000e+00   1.0200000e+02   1.5610000e+03   9.3203919e+02   3.9792509e+00   1.9652120e+00   7.2886017e+04
   2.0353768e-01   1.0552350e+02   1.5608338e+03   9.3203919e+02   3.9794778e+00   1.9653240e+00   4.9189124e+04
   4.0707537e-01   1.0916872e+02   1.5606677e+03   9.3192224e+02   3.9797275e+00   1.9654473e+00   3.3635374e+04
   6.1061305e-01   1.1293986e+02   1.5605015e+03   9.3179359e+02   3.9800023e+00   1.9655830e+00   2.3293530e+04
   8.1415073e-01   1.1684126e+02   1.5603354e+03   9.3165208e+02   3.9803045e+00   1.9657323e+00   1.6330603e+04
   1.0176884e+00   1.2087744e+02   1.5601692e+03   9.3149641e+02   3.9806371e+00   1.9658965e+00   1.1585615e+04
   1.2212261e+00   1.2505305e+02   1.5600031e+03   9.3132517e+02   3.9810030e+00   1.9660773e+00   8.3140745e+03
   1.4247638e+00   1.2937290e+02   1.5598369e+03   9.3113678e+02   3.9814057e+00   1.9662761e+00   6.0328221e+03
   1.6283015e+00   1.3384197e+02   1.5596707e+03   9.3092949e+02   3.9818490e+00   1.9664950e+00   4.4246429e+03
   1.8318392e+00   1.3846542e+02   1.5595045e+03   9.3070141e+02   3.9823368e+00   1.9667360e+00   3.2789269e+03
   2.0353768e+00   1.4324859e+02   1.5593383e+03   9.3045043e+02   3.9828739e+00   1.9670012e+00   2.4543185e+03
   2.2389145e+00   1.4819699e+02   1.5591720e+03   9.3017423e+02   3.9834652e+00   1.9672932e+00   1.8549434e+03
   2.4424522e+00   1.5331632e+02   1.5590057e+03   9.2987033e+02   3.9841161e+00   1.9676147e+00   1.4151118e+03
   2.6459899e+00   1.5861250e+02   1.5588394e+03   9.2953598e+02   3.9848325e+00   1.9679685e+00   1.0893704e+03
   2.8495276e+00   1.6409163e+02   1.5586730e+03   9.2916826e+02   3.9856210e+00   1.9683579e+00   8.4596822e+02
   3.0530653e+00   1.6976003e+02   1.5585066e+03   9.2876403e+02   3.9864882e+00   1.9687862e+00   6.6252086e+02
   3.2566029e+00   1.7562424e+02   1.5583402e+03   9.2831998e+02   3.9874416e+00   1.9692570e+00   5.2310592e+02
   3.4601406e+00   1.8169103e+02   1.5581736e+03   9.2783262e+02   3.9884886e+00   1.9697741e+00   4.1629954e+02
   3.6636783e+00   1.8796739e+02   1.5580070e+03   9.2729841e+02   3.9896373e+00   1.9703414e+00   3.3383667e+02
   3.8672160e+00   1.9446055e+02   1.5578404e+03   9.2671377e+02   3.9908956e+00   1.9709629e+00   2.6968908e+02
   4.0707537e+00   2.0117802e+02   1.5576736e+03   9.2607521e+02   3.9922713e+00   1.9716423e+00   2.1942547e+02
   4.2742914e+00   2.0812754e+02   1.5575068e+03   9.2537947e+02   3.9937718e+00   1.9723833e+00   1.7976358e+02
   4.4778290e+00   2.1531713e+02   1.5573398e+03   9.2462369e+02   3.9954037e+00   1.9731893e+00   1.4825438e+02
   4.6813667e+00   2.2275507e+02   1.5571727e+03   9.2380564e+02   3.9971723e+00   1.9740627e+00   1.2305747e+02
   4.8849044e+00   2.3044995e+02   1.5570055e+03   9.2292396e+02   3.9990812e+00   1.9750054e+00   1.0278025e+02
   5.0884421e+00   2.3841064e+02   1.5568382e+03   9.2197842e+02   4.0011313e+00   1.9760179e+00   8.6361961e+01
   5.2919798e+00   2.4664632e+02   1.5566707e+03   9.2097026e+02   4.0033206e+00   1.9770991e+00   7.2989303e+01
   5.4955175e+00   2.5516650e+02   1.5565030e+03   9.1990247e+02   4.0056434e+00   1.9782463e+00   6.2034826e+01
   5.6990551e+00   2.6398101e+02   1.5563352e+03   9.1878005e+02   4.0080894e+00   1.9794543e+00   5.3011500e+01
   5.9025928e+00   2.7310000e+02   1.5561672e+03   9.1761021e+02   4.0106435e+00   1.9807156e+00   4.5539058e+01
   5.9025928e+00   2.7309825e+02   1.5561672e+03   1.0028352e+03   1.4090419e+00   0.0000000e+00   0.0000000e+00
   6.4907876e+00   2.7309659e+02   1.5557225e+03   1.0031313e+03   1.4100080e+00   0.0000000e+00   0.0000000e+00
   7.0789824e+00   2.7309502e+02   1.5552781e+03   1.0034270e+03   1.4109752e+00   0.0000000e+00   0.0000000e+00
   7.6671773e+00   2.7309353e+02   1.5548340e+03   1.0037222e+03   1.4119436e+00   0.0000000e+00   0.0000000e+00
   8.2553721e+00   2.7309212e+02   1.5543901e+03   1.0040171e+03   1.4129131e+00   0.0000000e+00   0.0000000e+00
   8.8435669e+00   2.7309080e+02   1.5539464e+03   1.0043115e+03   1.4138837e+00   0.0000000e+00   0.0000000e+00
   9.4317617e+00   2.7308956e+02   1.5535031e+03   1.0046056e+03   1.4148553e+00   0.0000000e+00   0.0000000e+00
   1.0019957e+01   2.7308840e+02   1.5530600e+03   1.0048992e+03   1.4158281e+00   0.0000000e+00   0.0000000e+00
   1.0608151e+01   2.7308732e+02   1.5526171e+03   1.0051925e+03   1.4168019e+00   0.0000000e+00   0.0000000e+00
   1.1196346e+01   2.7308633e+02   1.5521745e+03   1.0054853e+03   1.4177768e+00   0.0000000e+00   0.0000000e+00
   1.1784541e+01   2.7308542e+02   1.5517321e+03   1.0057777e+03   1.4187526e+00   0.0000000e+00   0.0000000e+00
   1.2372736e+01   2.7308460e+02   1.5512900e+03   1.0060698e+03   1.4197295e+00   0.0000000e+00   0.0000000e+00
   1.2960931e+01   2.7308385e+02   1.5508482e+03   1.0063614e+03   1.4207073e+00   0.0000000e+00   0.0000000e+00
   1.3549125e+01   2.7308319e+02   1.5504066e+03   1.0066527e+03   1.4216862e+00   0.0000000e+00   0.0000000e+00
   1.4137320e+01   2.7308260e+02   1.5499653e+03   1.0069435e+03   1.4226660e+00   0.0000000e+00   0.0000000e+00
   1.4725515e+01   2.7308210e+02   1.5495242e+03   1.0072339e+03   1.4236467e+00   0.0000000e+00   0.0000000e+00
   1.5313710e+01   2.7308168e+02   1.5490834e+03   1.0075239e+03   1.4246283e+00   0.0000000e+00   0.0000000e+00
   1.5901905e+01   2.7308134e+02   1.5486428e+03   1.0078136e+03   1.4256109e+00   0.0000000e+00   0.0000000e+00
   1.6490099e+01   2.7308108e+02   1.5482025e+03   1.0081028e+03   1.4265944e+00   0.0000000e+00   0.0000000e+00
   1.7078294e+01   2.7308090e+02   1.5477625e+03   1.0083916e+03   1.4275787e+00   0.0000000e+00   0.0000000e+00
   1.7666489e+01   2.7308080e+02   1.5473227e+03   1.0086800e+03   1.4285639e+00   0.0000000e+00   0.0000000e+00
   1.8254684e+01   2.7308078e+02   1.5468831e+03   1.0089681e+03   1.4295499e+00   0.0000000e+00   0.0000000e+00
   1.8842879e+01   2.7308084e+02   1.5464438e+03   1.0092557e+03   1.4305367e+00   0.0000000e+00   0.0000000e+00
   1.9431074e+01   2.7308098e+02   1.5460047e+03   1.0095429e+03   1.4315244e+00   0.0000000e+00   0.0000000e+00
   2.0019268e+01   2.7308119e+02   1.5455659e+03   1.0098297e+03   1.4325129e+00   0.0000000e+00   0.0000000e+00
   2.0607463e+01   2.7308149e+02   1.5451274e+03   1.0101161e+03   1.4335021e+00   0.0000000e+00   0.0000000e+00
   2.1195658e+01   2.7308186e+02   1.5446891e+03   1.0104022e+03   1.4344922e+00   0.0000000e+00   0.0000000e+00
   2.1783853e+01   2.7308231e+02   1.5442510e+03   1.0106878e+03   1.4354831e+00   0.0000000e+00   0.0000000e+00
   2.2372048e+01   2.7308284e+02   1.5438132e+03   1.0109730e+03   1.4364750e+00   0.0000000e+00   0.0000000e+00
   2.2960242e+01   2.7308344e+02   1.5433757e+03   1.0112578e+03   1.4374679e+00   0.0000000e+00   0.0000000e+00
   2.3548437e+01   2.7308412e+02   1.5429384e+03   1.0115423e+03   1.4384617e+00   0.0000000e+00   0.0000000e+00
   2.4136632e+01   2.7308488e+02   1.5425013e+03   1.0118263e+03   1.4394567e+00   0.0000000e+00   0.0000000e+00
   2.4724827e+01   2.7308571e+02   1.5420645e+03   1.0121099e+03   1.4404528e+00   0.0000000e+00   0.0000000e+00
   2.5313022e+01   2.7308662e+02   1.5416280e+03   1.0123931e+03   1.4414500e+00   0.0000000e+00   0.0000000e+00
   2.5901217e+01   2.7308761e+02   1.5411916e+03   1.0126760e+03   1.4424485e+00   0.0000000e+00   0.0000000e+00
   2.6489411e+01   2.7308867e+02   1.5407556e+03   1.0129584e+03   1.4434483e+00   0.0000000e+00   0.0000000e+00
   2.7077606e+01   2.7308981e+02   1.5403198e+03   1.0132404e+03   1.4444493e+00   0.0000000e+00   0.0000000e+00
   2.7665801e+01   2.7309102e+02   1.5398842e+03   1.0135221e+03   1.4454518e+00   0.0000000e+00   0.0000000e+00
   2.8253996e+01   2.7309231e+02   1.5394489e+03   1.0138033e+03   1.4464556e+00   0.0000000e+00   0.0000000e+00
   2.8842191e+01   2.7309367e+02   1.5390138e+03   1.0140842e+03   1.4474610e+00   0.0000000e+00   0.0000000e+00
   2.9430385e+01   2.7309511e+02   1.5385790e+03   1.0143646e+03   1.4484678e+00   0.0000000e+00   0.0000000e+00
   3.0018580e+01   2.7309661e+02   1.5381444e+03   1.0146447e+03   1.4494763e+00   0.0000000e+00   0.0000000e+00
   3.0606775e+01   2.7309820e+02   1.5377100e+03   1.0149243e+03   1.4504863e+00   0.0000000e+00   0.0000000e+00
   3.1194970e+01   2.7309985e+02   1.5372759e+03   1.0152036e+03   1.4514980e+00   0.0000000e+00   0.0000000e+00
   3.1783165e+01   2.7310158e+02   1.5368421e+03   1.0154825e+03   1.4525115e+00   0.0000000e+00   0.0000000e+00
   3.2371359e+01   2.7310339e+02   1.5364085e+03   1.0157609e+03   1.4535266e+00   0.0000000e+00   0.0000000e+00
   3.2959554e+01   2.7310526e+02   1.5359751e+03   1.0160390e+03   1.4545436e+00   0.0000000e+00   0.0000000e+00
   3.3547749e+01   2.7310721e+02   1.5355420e+03   1.0163167e+03   1.4555625e+00   0.0000000e+00   0.0000000e+00
   3.4135944e+01   2.7310923e+02   1.5351091e+03   1.0165940e+03   1.4565833e+00   0.0000000e+00   0.0000000e+00
   3.4724139e+01   2.7311132e+02   1.5346764e+03   1.0168709e+03   1.4576060e+00   0.0000000e+00   0.0000000e+00
   3.5312334e+01   2.7311348e+02   1.5342441e+03   1.0171474e+03   1.4586307e+00   0.0000000e+00   0.0000000e+00
   3.5900528e+01   2.7311572e+02   1.5338119e+03   1.0174235e+03   1.4596575e+00   0.0000000e+00   0.0000000e+00
   3.6488723e+01   2.7311802e+02   1.5333800e+03   1.0176993e+03   1.4606864e+00   0.0000000e+00   0.0000000e+00
   3.7076918e+01   2.7312040e+02   1.5329483e+03   1.0179746e+03   1.4617174e+00   0.0000000e+00   0.0000000e+00
   3.7665113e+01   2.7312284e+02   1.5325169e+03   1.0182495e+03   1.4627506e+00   0.0000000e+00   0.0000000e+00
   3.8253308e+01   2.7312536e+02   1.5320857e+03   1.0185241e+03   1.4637861e+00   0.0000000e+00   0.0000000e+00
   3.8841502e+01   2.7312794e+02   1.5316547e+03   1.0187982e+03   1.4648239e+00   0.0000000e+00   0.0000000e+00
   3.9429697e+01   2.7313060e+02   1.5312240e+03   1.0190720e+03   1.4658640e+00   0.0000000e+00   0.0000000e+00
   4.0017892e+01   2.7313332e+02   1.5307936e+03   1.0193454e+03   1.4669065e+00   0.0000000e+00   0.0000000e+00
   4.0606087e+01   2.7313612e+02   1.5303633e+03   1.0196184e+03   1.4679514e+00   0.0000000e+00   0.0000000e+00
   4.1194282e+01   2.7313898e+02   1.5299333e+03   1.0198910e+03   1.4689987e+00   0.0000000e+00   0.0000000e+00
   4.1782476e+01   2.7314191e+02   1.5295036e+03   1.0201632e+03   1.4700483e+00   0.0000000e+00   0.0000000e+00
   4.2370671e+01   2.7314491e+02   1.5290740e+03   1.0204350e+03   1.4711002e+00   0.0000000e+00   0.0000000e+00
   4.2958866e+01   2.7314798e+02   1.5286448e+03   1.0207064e+03   1.4721542e+00   0.0000000e+00   0.0000000e+00
   4.3547061e+01   2.7315111e+02   1.5282157e+03   1.0209775e+03   1.4732104e+00   0.0000000e+00   0.0000000e+00
   4.4135256e+01   2.7315431e+02   1.5277869e+03   1.0212481e+03   1.4742687e+00   0.0000000e+00   0.0000000e+00
   4.4723451e+01   2.7315758e+02   1.5273584e+03   1.0215184e+03   1.4753289e+00   0.0000000e+00   0.0000000e+00
   4.5311645e+01   2.7316092e+02   1.5269300e+03   1.0217883e+03   1.4763911e+00   0.0000000e+00   0.0000000e+00
   4.5899840e+01   2.7316432e+02   1.5265019e+03   1.0220578e+03   1.4774552e+00   0.0000000e+00   0.0000000e+00
   4.6488035e+01   2.7316779e+02   1.5260741e+03   1.0223269e+03   1.4785212e+00   0.0000000e+00   0.0000000e+00
   4.7076230e+01   2.7317132e+02   1.5256464e+03   1.0225956e+03   1.4795889e+00   0.0000000e+00   0.0000000e+00
   4.7664425e+01   2.7317492e+02   1.5252191e+03   1.0228640e+03   1.4806583e+00   0.0000000e+00   0.0000000e+00
   4.8252619e+01   2.7317859e+02   1.5247919e+03   1.0231319e+03   1.4817293e+00   0.0000000e+00   0.0000000e+00
   4.8840814e+01   2.7318232e+02   1.5243650e+03   1.0233995e+03   1.4828019e+00   0.0000000e+00   0.0000000e+00
   4.9429009e+01   2.7318612e+02   1.5239383e+03   1.0236667e+03   1.4838761e+00   0.0000000e+00   0.0000000e+00
   5.0017204e+01   2.7318998e+02   1.5235118e+03   1.0239335e+03   1.4849517e+00   0.0000000e+00   0.0000000e+00
   5.0605399e+01   2.7319391e+02   1.5230856e+03   1.0241999e+03   1.4860287e+00   0.0000000e+00   0.0000000e+00
   5.1193594e+01   2.7319790e+02   1.5226596e+03   1.0244660e+03   1.4871071e+00   0.0000000e+00   0.0000000e+00
   5.1781788e+01   2.7320195e+02   1.5222339e+03   1.0247316e+03   1.4881868e+00   0.0000000e+00   0.0000000e+00
   5.2369983e+01   2.7320607e+02   1.5218084e+03   1.0249969e+03   1.4892677e+00   0.0000000e+00   0.0000000e+00
   5.2958178e+01   2.7321025e+02   1.5213831e+03   1.0252618e+03   1.4903498e+00   0.0000000e+00   0.0000000e+00
   5.3546373e+01   2.7321450e+02   1.5209580e+03   1.0255264e+03   1.4914330e+00   0.0000000e+00   0.0000000e+00
   5.4134568e+01   2.7321880e+02   1.5205332e+03   1.0257905e+03   1.4925173e+00   0.0000000e+00   0.0000000e+00
   5.4722762e+01   2.7322317e+02   1.5201086e+03   1.0260543e+03   1.4936027e+00   0.0000000e+00   0.0000000e+00
   5.5310957e+01   2.7322761e+02   1.5196843e+03   1.0263176e+03   1.4946890e+00   0.0000000e+00   0.0000000e+00
   5.5899152e+01   2.7323210e+02   1.5192601e+03   1.0265807e+03   1.4957762e+00   0.0000000e+00   0.0000000e+00
   5.6487347e+01   2.7323666e+02   1.5188362e+03   1.0268433e+03   1.4968643e+00   0.0000000e+00   0.0000000e+00
   5.7075542e+01   2.7324128e+02   1.5184126e+03   1.0271055e+03   1.4979532e+00   0.0000000e+00   0.0000000e+00
   5.7663736e+01   2.7324596e+02   1.5179891e+03   1.0273674e+03   1.4990429e+00   0.0000000e+00   0.0000000e+00
   5.8251931e+01   2.7325070e+02   1.5175659e+03   1.0276289e+03   1.5001333e+00   0.0000000e+00   0.0000000e+00
   5.8840126e+01   2.7325550e+02   1.5171430e+03   1.0278900e+03   1.5012244e+00   0.0000000e+00   0.0000000e+00
   5.9428321e+01   2.7326036e+02   1.5167202e+03   1.0281508e+03   1.5023160e+00   0.0000000e+00   0.0000000e+00
   6.0016516e+01   2.7326529e+02   1.5162977e+03   1.0284112e+03   1.5034082e+00   0.0000000e+00   0.0000000e+00
   6.0604711e+01   2.7327027e+02   1.5158754e+03   1.0286712e+03   1.5045009e+00   0.0000000e+00   0.0000000e+00
   6.1192905e+01   2.7327531e+02   1.5154533e+03   1.0289308e+03   1.5055941e+00   0.0000000e+00   0.0000000e+00
   6.1781100e+01   2.7328042e+02   1.5150315e+03   1.0291900e+03   1.5066878e+00   0.0000000e+00   0.0000000e+00
   6.2369295e+01   2.7328558e+02   1.5146099e+03   1.0294489e+03   1.5077820e+00   0.0000000e+00   0.0000000e+00
   6.2957490e+01   2.7329080e+02   1.5141885e+03   1.0297074e+03   1.5088767e+00   0.0000000e+00   0.0000000e+00
   6.3545685e+01   2.7329608e+02   1.5137673e+03   1.0299656e+03   1.5099719e+00   0.0000000e+00   0.0000000e+00
   6.4133879e+01   2.7330142e+02   1.5133464e+03   1.0302233e+03   1.5110676e+00   0.0000000e+00   0.0000000e+00
   6.4722074e+01   2.7330682e+02   1.5129257e+03   1.0304807e+03   1.5121638e+00   0.0000000e+00   0.0000000e+00
   6.5310269e+01   2.7331227e+02   1.5125052e+03   1.0307378e+03   1.5132605e+00   0.0000000e+00   0.0000000e+00
   6.5898464e+01   2.7331779e+02   1.5120850e+03   1.0309944e+03   1.5143578e+00   0.0000000e+00   0.0000000e+00
   6.6486659e+01   2.7332336e+02   1.5116650e+03   1.0312507e+03   1.5154555e+00   0.0000000e+00   0.0000000e+00
   6.7074854e+01   2.7332899e+02   1.5112452e+03   1.0315066e+03   1.5165538e+00   0.0000000e+00   0.0000000e+00
   6.7663048e+01   2.7333467e+02   1.5108256e+03   1.0317622e+03   1.5176525e+00   0.0000000e+00   0.0000000e+00
   6.8251243e+01   2.7334042e+02   1.5104063e+03   1.0320174e+03   1.5187518e+00   0.0000000e+00   0.0000000e+00
   6.8839438e+01   2.7334622e+02   1.5099871e+03   1.0322722e+03   1.5198516e+00   0.0000000e+00   0.0000000e+00
   6.9427633e+01   2.7335207e+02   1.5095682e+03   1.0325266e+03   1.5209519e+00   0.0000000e+00   0.0000000e+00
   7.0015828e+01   2.7335799e+02   1.5091495e+03   1.0327807e+03   1.5220527e+00   0.0000000e+00   0.0000000e+00
   7.0604022e+01   2.7336396e+02   1.5087311e+03   1.0330345e+03   1.5231540e+00   0.0000000e+00   0.0000000e+00
   7.1192217e+01   2.7336998e+02   1.5083129e+03   1.0332878e+03   1.5242558e+00   0.0000000e+00   0.0000000e+00
   7.1780412e+01   2.7337606e+02   1.5078949e+03   1.0335408e+03   1.5253581e+00   0.0000000e+00   0.0000000e+00
   7.2368607e+01   2.7338220e+02   1.5074771e+03   1.0337934e+03   1.5264609e+00   0.0000000e+00   0.0000000e+00
   7.2956802e+01   2.7338839e+02   1.5070595e+03   1.0340457e+03   1.5275641e+00   0.0000000e+00   0.0000000e+00
   7.3544996e+01   2.7339463e+02   1.5066422e+03   1.0342976e+03   1.5286677e+00   0.0000000e+00   0.0000000e+00
   7.4133191e+01   2.7340093e+02   1.5062251e+03   1.0345492e+03   1.5297717e+00   0.0000000e+00   0.0000000e+00
   7.4721386e+01   2.7340729e+02   1.5058082e+03   1.0348004e+03   1.5308761e+00   0.0000000e+00   0.0000000e+00
   7.5309581e+01   2.7341370e+02   1.5053915e+03   1.0350512e+03   1.5319808e+00   0.0000000e+00   0.0000000e+00
   7.5897776e+01   2.7342016e+02   1.5049750e+03   1.0353017e+03   1.5330859e+00   0.0000000e+00   0.0000000e+00
   7.6485971e+01   2.7342668e+02   1.5045588e+03   1.0355518e+03   1.5341913e+00   0.0000000e+00   0.0000000e+00
   7.7074165e+01   2.7343325e+02   1.5041428e+03   1.0358015e+03   1.5352970e+00   0.0000000e+00   0.0000000e+00
   7.7662360e+01   2.7343987e+02   1.5037270e+03   1.0360509e+03   1.5364030e+00   0.0000000e+00   0.0000000e+00
   7.8250555e+01   2.7344655e+02   1.5033114e+03   1.0362999e+03   1.5375092e+00   0.0000000e+00   0.0000000e+00
   7.8838750e+01   2.7345328e+02   1.5028961e+03   1.0365486e+03   1.5386157e+00   0.0000000e+00   0.0000000e+00
   7.9426945e+01   2.7346006e+02   1.5024809e+03   1.0367969e+03   1.5397224e+00   0.0000000e+00   0.0000000e+00
   8.0015139e+01   2.7346690e+02   1.5020660e+03   1.0370449e+03   1.5408292e+00   0.0000000e+00   0.0000000e+00
   8.0603334e+01   2.7347378e+02   1.5016513e+03   1.0372925e+03   1.5419363e+00   0.0000000e+00   0.0000000e+00
   8.1191529e+01   2.7348072e+02   1.5012368e+03   1.0375398e+03   1.5430435e+00   0.0000000e+00   0.0000000e+00
   8.1779724e+01   2.7348771e+02   1.5008226e+03   1.0377867e+03   1.5441509e+00   0.0000000e+00   0.0000000e+00
   8.2367919e+01   2.7349476e+02   1.5004085e+03   1.0380332e+03   1.5452584e+00   0.0000000e+00   0.0000000e+00
   8.2956113e+01   2.7350185e+02   1.4999947e+03   1.0382794e+03   1.5463659e+00   0.0000000e+00   0.0000000e+00
   8.3544308e+01   2.7350900e+02   1.4995811e+03   1.0385253e+03   1.5474736e+00   0.0000000e+00   0.0000000e+00
   8.4132503e+01   2.7351619e+02   1.4991677e+03   1.0387708e+03   1.5485813e+00   0.0000000e+00   0.0000000e+00
   8.4720698e+01   2.7352344e+02   1.4987545e+03   1.0390159e+03   1.5496890e+00   0.0000000e+00   0.0000000e+00
   8.5308893e+01   2.7353074e+02   1.4983416e+03   1.0392607e+03   1.5507968e+00   0.0000000e+00   0.0000000e+00
   8.5897088e+01   2.7353809e+02   1.4979288e+03   1.0395052e+03   1.5519045e+00   0.0000000e+00   0.0000000e+00
   8.6485282e+01   2.7354548e+02   1.4975163e+03   1.0397493e+03   1.5530123e+00   0.0000000e+00   0.0000000e+00
   8.7073477e+01   2.7355293e+02   1.4971040e+03   1.0399930e+03   1.5541200e+00   0.0000000e+00   0.0000000e+00
   8.7661672e+01   2.7356043e+02   1.4966919e+03   1.0402364e+03   1.5552276e+00   0.0000000e+00   0.0000000e+00
   8.8249867e+01   2.7356798e+02   1.4962800e+03   1.0404795e+03   1.5563351e+00   0.0000000e+00   0.0000000e+00
   8.8838062e+01   2.7357557e+02   1.4958684e+03   1.0407222e+03   1.5574426e+00   0.0000000e+00   0.0000000e+00
   8.9426256e+01   2.7358322e+02   1.4954569e+03   1.0409646e+03   1.5585499e+00   0.0000000e+00   0.0000000e+00
   9.0014451e+01   2.7359091e+02   1.4950457e+03   1.0412066e+03   1.5596571e+00   0.0000000e+00   0.0000000e+00
   9.0602646e+01   2.7359866e+02   1.4946346e+03   1.0414483e+03   1.5607641e+00   0.0000000e+00   0.0000000e+00
   9.1190841e+01   2.7360645e+02   1.4942238e+03   1.0416896e+03   1.5618710e+00   0.0000000e+00   0.0000000e+00
   9.1779036e+01   2.7361429e+02   1.4938132e+03   1.0419306e+03   1.5629777e+00   0.0000000e+00   0.0000000e+00
   9.2367231e+01   2.7362218e+02   1.4934029e+03   1.0421712e+03   1.5640843e+00   0.0000000e+00   0.0000000e+00
   9.2955425e+01   2.7363011e+02   1.4929927e+03   1.0424115e+03   1.5651908e+00   0.0000000e+00   0.0000000e+00
   9.3543620e+01   2.7363810e+02   1.4925827e+03   1.0426515e+03   1.5662971e+00   0.0000000e+00   0.0000000e+00
   9.4131815e+01   2.7364613e+02   1.4921730e+03   1.0428911e+03   1.5674034e+00   0.0000000e+00   0.0000000e+00
   9.4720010e+01   2.7365421e+02   1.4917635e+03   1.0431304e+03   1.5685095e+00   0.0000000e+00   0.0000000e+00
   9.5308205e+01   2.7366233e+02   1.4913542e+03   1.0433694e+03   1.5696156e+00   0.0000000e+00   0.0000000e+00
   9.5896399e+01   2.7367050e+02   1.4909450e+03   1.0436080e+03   1.5707216e+00   0.0000000e+00   0.0000000e+00
   9.6484594e+01   2.7367872e+02   1.4905362e+03   1.0438462e+03   1.5718275e+00   0.0000000e+00   0.0000000e+00
   9.7072789e+01   2.7368699e+02   1.4901275e+03   1.0440842e+03   1.5729334e+00   0.0000000e+00   0.0000000e+00
   9.7660984e+01   2.7369530e+02   1.4897190e+03   1.0443218e+03   1.5740392e+00   0.0000000e+00   0.0000000e+00
   9.8249179e+01   2.7370366e+02   1.4893107e+03   1.0445590e+03   1.5751449e+00   0.0000000e+00   0.0000000e+00
   9.8837373e+01   2.7371206e+02   1.4889027e+03   1.0447960e+03   1.5762507e+00   0.0000000e+00   0.0000000e+00
   9.9425568e+01   2.7372051e+02   1.4884948e+03   1.0450326e+03   1.5773564e+00   0.0000000e+00   0.0000000e+00
   1.0001376e+02   2.7372901e+02   1.4880872e+03   1.0452688e+03   1.5784620e+00   0.0000000e+00   0.0000000e+00
   1.0060196e+02   2.7373755e+02   1.4876798e+03   1.0455048e+03   1.5795677e+00   0.0000000e+00   0.0000000e+00
   1.0119015e+02   2.7374613e+02   1.4872726e+03   1.0457404e+03   1.5806734e+00   0.0000000e+00   0.0000000e+00
   1.0177835e+02   2.7375476e+02   1.4868656e+03   1.0459756e+03   1.5817791e+00   0.0000000e+00   0.0000000e+00
   1.0236654e+02   2.7376344e+02   1.4864588e+03   1.0462105e+03   1.5828849e+00   0.0000000e+00   0.0000000e+00
   1.0295474e+02   2.7377216e+02   1.4860522e+03   1.0464452e+03   1.5839906e+00   0.0000000e+00   0.0000000e+00
   1.0354293e+02   2.7378092e+02   1.4856458e+03   1.0466794e+03   1.5850965e+00   0.0000000e+00   0.0000000e+00
   1.0413113e+02   2.7378973e+02   1.4852397e+03   1.0469134e+03   1.5862024e+00   0.0000000e+00   0.0000000e+00
   1.0471932e+02   2.7379858e+02   1.4848337e+03   1.0471470e+03   1.5873084e+00   0.0000000e+00   0.0000000e+00
   1.0530752e+02   2.7380747e+02   1.4844280e+03   1.0473803e+03   1.5884145e+00   0.0000000e+00   0.0000000e+00
   1.0589571e+02   2.7381641e+02   1.4840224e+03   1.0476132e+03   1.5895207e+00   0.0000000e+00   0.0000000e+00
   1.0648391e+02   2.7382539e+02   1.4836171e+03   1.0478459e+03   1.5906270e+00   0.0000000e+00   0.0000000e+00
   1.0707210e+02   2.7383442e+02   1.4832119e+03   1.0480782e+03   1.5917335e+00   0.0000000e+00   0.0000000e+00
   1.0766030e+02   2.7384349e+02   1.4828070e+03   1.0483102e+03   1.5928401e+00   0.0000000e+00   0.0000000e+00
   1.0824849e+02   2.7385260e+02   1.4824023e+03   1.0485418e+03   1.5939468e+00   0.0000000e+00   0.0000000e+00
   1.0883669e+02   2.7386175e+02   1.4819978e+03   1.0487732e+03   1.5950538e+00   0.0000000e+00   0.0000000e+00
   1.0942488e+02   2.7387094e+02   1.4815935e+03   1.0490042e+03   1.5961609e+00   0.0000000e+00   0.0000000e+00
   1.1001307e+02   2.7388018e+02   1.4811894e+03   1.0492349e+03   1.5972682e+00   0.0000000e+00   0.0000000e+00
   1.1060127e+02   2.7388946e+02   1.4807855e+03   1.0494652e+03   1.5983757e+00   0.0000000e+00   0.0000000e+00
   1.1118946e+02   2.7389878e+02   1.4803818e+03   1.0496953e+03   1.5994834e+00   0.0000000e+00   0.0000000e+00
   1.1177766e+02   2.7390815e+02   1.4799783e+03   1.0499250e+03   1.6005913e+00   0.0000000e+00   0.0000000e+00
   1.1236585e+02   2.7391755e+02   1.4795750e+03   1.0501544e+03   1.6016994e+00   0.0000000e+00   0.0000000e+00
   1.1295405e+02   2.7392699e+02   1.4791720e+03   1.0503835e+03   1.6028077e+00   0.0000000e+00   0.0000000e+00
   1.1354224e+02   2.7393648e+02   1.4787691e+03   1.0506123e+03   1.6039161e+00   0.0000000e+00   0.0000000e+00
   1.1413044e+02   2.7394601e+02   1.4783664e+03   1.0508408e+03   1.6050248e+00   0.0000000e+00   0.0000000e+00
   1.1471863e+02   2.7395558e+02   1.4779640e+03   1.0510689e+03   1.6061336e+00   0.0000000e+00   0.0000000e+00
   1.1530683e+02   2.7396518e+02   1.4775617e+03   1.0512967e+03   1.6072425e+00   0.0000000e+00   0.0000000e+00
   1.1589502e+02   2.7397483e+02   1.4771597e+03   1.0515243e+03   1.6083516e+00   0.0000000e+00   0.0000000e+00
   1.1648322e+02   2.7398452e+02   1.4767578e+03   1.0517515e+03   1.6094609e+00   0.0000000e+00   0.0000000e+00
   1.1707141e+02   2.7399425e+02   1.4763562e+03   1.0519783e+03   1.6105703e+00   0.0000000e+00   0.0000000e+00
   1.1765961e+02   2.7400402e+02   1.4759547e+03   1.0522049e+03   1.6116799e+00   0.0000000e+00   0.0000000e+00
   1.1824780e+02   2.7401382e+02   1.4755535e+03   1.0524312e+03   1.6127896e+00   0.0000000e+00   0.0000000e+00
   1.1883600e+02   2.7402367e+02   1.4751524e+03   1.0526571e+03   1.6138994e+00   0.0000000e+00   0.0000000e+00
   1.1942419e+02   2.7403356e+02   1.4747516e+03   1.0528828e+03   1.6150094e+00   0.0000000e+00   0.0000000e+00
   1.2001239e+02   2.7404348e+02   1.4743510e+03   1.0531081e+03   1.6161194e+00   0.0000000e+00   0.0000000e+00
   1.2060058e+02   2.7405345e+02   1.4739505e+03   1.0533331e+03   1.6172296e+00   0.0000000e+00   0.0000000e+00
   1.2118878e+02   2.7406345e+02   1.4735503e+03   1.0535578e+03   1.6183399e+00   0.0000000e+00   0.0000000e+00
   1.2177697e+02   2.7407349e+02   1.4731503e+03   1.0537822e+03   1.6194503e+00   0.0000000e+00   0.0000000e+00
   1.2236517e+02   2.7408357e+02   1.4727504e+03   1.0540063e+03   1.6205609e+00   0.0000000e+00   0.0000000e+00
   1.2295336e+02   2.7409368e+02   1.4723508e+03   1.0542301e+03   1.6216715e+00   0.0000000e+00   0.0000000e+00
   1.2354156e+02   2.7410384e+02   1.4719514e+03   1.0544536e+03   1.6227822e+00   0.0000000e+00   0.0000000e+00
   1.2412975e+02   2.7411403e+02   1.4715522e+03   1.0546767e+03   1.6238930e+00   0.0000000e+00   0.0000000e+00
   1.2471795e+02   2.7412426e+02   1.4711531e+03   1.0548996e+03   1.6250038e+00   0.0000000e+00   0.0000000e+00
   1.2530614e+02   2.7413453e+02   1.4707543e+03   1.0551222e+03   1.6261148e+00   0.0000000e+00   0.0000000e+00
   1.2589433e+02   2.7414483e+02   1.4703557e+03   1.0553445e+03   1.6272259e+00   0.0000000e+00   0.0000000e+00
   1.2648253e+02   2.7415518e+02   1.4699572e+03   1.0555664e+03   1.6283370e+00   0.0000000e+00   0.0000000e+00
   1.2707072e+02   2.7416555e+02   1.4695590e+03   1.0557881e+03   1.6294482e+00   0.0000000e+00   0.0000000e+00
   1.2765892e+02   2.7417597e+02   1.4691610e+03   1.0560094e+03   1.6305594e+00   0.0000000e+00   0.0000000e+00
   1.2824711e+02   2.7418642e+02   1.4687631e+03   1.0562305e+03   1.6316707e+00   0.0000000e+00   0.0000000e+00
   1.2883531e+02   2.7419691e+02   1.4683655e+03   1.0564513e+03   1.6327821e+00   0.0000000e+00   0.0000000e+00
   1.2942350e+02   2.7420743e+02   1.4679681e+03   1.0566717e+03   1.6338935e+00   0.0000000e+00   0.0000000e+00
   1.3001170e+02   2.7421799e+02   1.4675708e+03   1.0568919e+03   1.6350050e+00   0.0000000e+00   0.0000000e+00
   1.3059989e+02   2.7422859e+02   1.4671738e+03   1.0571118e+03   1.6361165e+00   0.0000000e+00   0.0000000e+00
   1.3118809e+02   2.7423922e+02   1.4667769e+03   1.0573313e+03   1.6372281e+00   0.0000000e+00   0.0000000e+00
   1.3177628e+02   2.7424989e+02   1.4663803e+03   1.0575506e+03   1.6383397e+00   0.0000000e+00   0.0000000e+00
   1.3236448e+02   2.7426059e+02   1.4659838e+03   1.0577696e+03   1.6394514e+00   0.0000000e+00   0.0000000e+00
   1.3295267e+02   2.7427133e+02   1.4655876e+03   1.0579883e+03   1.6405631e+00   0.0000000e+00   0.0000000e+00
   1.3354087e+02   2.7428210e+02   1.4651915e+03   1.0582066e+03   1.6416748e+00   0.0000000e+00   0.0000000e+00
   1.3412906e+02   2.7429291e+02   1.4647957e+03   1.0584247e+03   1.6427865e+00   0.0000000e+00   0.0000000e+00
   1.3471726e+02   2.7430375e+02   1.4644000e+03   1.0586425e+03   1.6438983e+00   0.0000000e+00   0.0000000e+00
   1.3530545e+02   2.7431462e+02   1.4640045e+03   1.0588600e+03   1.6450101e+00   0.0000000e+00   0.0000000e+00
   1.3589365e+02   2.7432553e+02   1.4636093e+03   1.0590772e+03   1.6461219e+00   0.0000000e+00   0.0000000e+00
   1.3648184e+02   2.7433648e+02   1.4632142e+03   1.0592941e+03   1.6472337e+00   0.0000000e+00   0.0000000e+00
   1.3707004e+02   2.7434746e+02   1.4628193e+03   1.0595108e+03   1.6483455e+00   0.0000000e+00   0.0000000e+00
   1.3765823e+02   2.7435847e+02   1.4624246e+03   1.0597271e+03   1.6494573e+00   0.0000000e+00   0.0000000e+00
   1.3824643e+02   2.7436951e+02   1.4620301e+03   1.0599431e+03   1.6505692e+00   0.0000000e+00   0.0000000e+00
   1.3883462e+02   2.7438059e+02   1.4616358e+03   1.0601589e+03   1.6516810e+00   0.0000000e+00   0.0000000e+00
   1.3942282e+02   2.7439171e+02   1.4612417e+03   1.0603743e+03   1.6527928e+00   0.0000000e+00   0.0000000e+00
   1.4001101e+02   2.7440285e+02   1.4608478e+03   1.0605895e+03   1.6539046e+00   0.0000000e+00   0.0000000e+00
   1.4059921e+02   2.7441403e+02   1.4604541e+03   1.0608044e+03   1.6550164e+00   0.0000000e+00   0.0000000e+00
   1.4118740e+02   2.7442524e+02   1.4600606e+03   1.0610190e+03   1.6561281e+00   0.0000000e+00   0.0000000e+00
   1.4177559e+02   2.7443649e+02   1.4596673e+03   1.0612333e+03   1.6572399e+00   0.0000000e+00   0.0000000e+00
   1.4236379e+02   2.7444777e+02   1.4592741e+03   1.0614473e+03   1.6583516e+00   0.0000000e+00   0.0000000e+00
   1.4295198e+02   2.7445907e+02   1.4588812e+03   1.0616610e+03   1.6594633e+00   0.0000000e+00   0.0000000e+00
   1.4354018e+02   2.7447042e+02   1.4584885e+03   1.0618745e+03   1.6605749e+00   0.0000000e+00   0.0000000e+00
   1.4412837e+02   2.7448179e+02   1.4580959e+03   1.0620876e+03   1.6616866e+00   0.0000000e+00   0.0000000e+00
   1.4471657e+02   2.7449320e+02   1.4577036e+03   1.0623005e+03   1.6627981e+00   0.0000000e+00   0.0000000e+00
   1.4530476e+02   2.7450463e+02   1.4573114e+03   1.0625131e+03   1.6639096e+00   0.0000000e+00   0.0000000e+00
   1.4589296e+02   2.7451610e+02   1.4569194e+03   1.0627254e+03   1.6650211e+00   0.0000000e+00   0.0000000e+00
   1.4648115e+02   2.7452760e+02   1.4565276e+03   1.0629374e+03   1.6661325e+00   0.0000000e+00   0.0000000e+00
   1.4706935e+02   2.7453913e+02   1.4561360e+03   1.0631491e+03   1.6672438e+00   0.0000000e+00   0.0000000e+00
   1.4765754e+02   2.7455070e+02   1.4557446e+03   1.0633606e+03   1.6683551e+00   0.0000000e+00   0.0000000e+00
   1.4824574e+02   2.7456229e+02   1.4553534e+03   1.0635718e+03   1.6694662e+00   0.0000000e+00   0.0000000e+00
   1.4883393e+02   2.7457392e+02   1.4549624e+03   1.0637827e+03   1.6705773e+00   0.0000000e+00   0.0000000e+00
   1.4942213e+02   2.7458557e+02   1.4545716e+03   1.0639933e+03   1.6716884e+00   0.0000000e+00   0.0000000e+00
   1.5001032e+02   2.7459726e+02   1.4541810e+03   1.0642036e+03   1.6727993e+00   0.0000000e+00   0.0000000e+00
   1.5059852e+02   2.7460897e+02   1.4537905e+03   1.0644136e+03   1.6739102e+00   0.0000000e+00   0.0000000e+00
   1.5118671e+02   2.7462072e+02   1.4534003e+03   1.0646234e+03   1.6750209e+00   0.0000000e+00   0.0000000e+00
   1.5177491e+02   2.7463250e+02   1.4530102e+03   1.0648329e+03   1.6761316e+00   0.0000000e+00   0.0000000e+00
   1.5236310e+02   2.7464431e+02   1.4526203e+03   1.0650421e+03   1.6772421e+00   0.0000000e+00   0.0000000e+00
   1.5295130e+02   2.7465614e+02   1.4522306e+03   1.0652511e+03   1.6783525e+00   0.0000000e+00   0.0000000e+00
   1.5353949e+02   2.7466801e+02   1.4518412e+03   1.0654597e+03   1.6794628e+00   0.0000000e+00   0.0000000e+00
   1.5412769e+02   2.7467991e+02   1.4514519e+03   1.0656681e+03   1.6805730e+00   0.0000000e+00   0.0000000e+00
   1.5471588e+02   2.7469183e+02   1.4510627e+03   1.0658762e+03   1.6816831e+00   0.0000000e+00   0.0000000e+00
   1.5530408e+02   2.7470379e+02   1.4506738e+03   1.0660841e+03   1.6827930e+00   0.0000000e+00   0.0000000e+00
   1.5589227e+02   2.7471577e+02   1.4502851e+03   1.0662916e+03   1.6839028e+00   0.0000000e+00   0.0000000e+00
   1.5648047e+02   2.7472778e+02   1.4498965e+03   1.0664989e+03   1.6850125e+00   0.0000000e+00   0.0000000e+00
   1.5706866e+02   2.7473983e+02   1.4495082e+03   1.0667059e+03   1.6861220e+00   0.0000000e+00   0.0000000e+00
   1.5765685e+02   2.7475190e+02   1.4491200e+03   1.0669127e+03   1.6872314e+00   0.0000000e+00   0.0000000e+00
   1.5824505e+02   2.7476400e+02   1.4487320e+03   1.0671191e+03   1.6883406e+00   0.0000000e+00   0.0000000e+00
   1.5883324e+02   2.7477612e+02   1.4483442e+03   1.0673253e+03   1.6894496e+00   0.0000000e+00   0.0000000e+00
   1.5942144e+02   2.7478828e+02   1.4479566e+03   1.0675312e+03   1.6905585e+00   0.0000000e+00   0.0000000e+00
   1.6000963e+02   2.7480046e+02   1.4475692e+03   1.0677369e+03   1.6916672e+00   0.0000000e+00   0.0000000e+00
   1.6059783e+02   2.7481268e+02   1.4471820e+03   1.0679423e+03   1.6927757e+00   0.0000000e+00   0.0000000e+00
   1.6118602e+02   2.7482492e+02   1.4467949e+03   1.0681474e+03   1.6938841e+00   0.0000000e+00   0.0000000e+00
   1.6177422e+02   2.7483719e+02   1.4464081e+03   1.0683522e+03   1.6949922e+00   0.0000000e+00   0.0000000e+00
   1.6236241e+02   2.7484948e+02   1.4460214e+03   1.0685568e+03   1.6961001e+00   0.0000000e+00   0.0000000e+00
   1.6295061e+02   2.7486181e+02   1.4456349e+03   1.0687611e+03   1.6972078e+00   0.0000000e+00   0.0000000e+00
   1.6353880e+02   2.7487416e+02   1.4452486e+03   1.0689652e+03   1.6983153e+00   0.0000000e+00   0.0000000e+00
   1.6412700e+02   2.7488653e+02   1.4448625e+03   1.0691690e+03   1.6994226e+00   0.0000000e+00   0.0000000e+00
   1.6471519e+02   2.7489894e+02   1.4444766e+03   1.0693725e+03   1.7005296e+00   0.0000000e+00   0.0000000e+00
   1.6530339e+02   2.7491137e+02   1.4440908e+03   1.0695757e+03   1.7016363e+00   0.0000000e+00   0.0000000e+00
   1.6589158e+02   2.7492383e+02   1.4437053e+03   1.0697787e+03   1.7027428e+00   0.0000000e+00   0.0000000e+00
   1.6647978e+02   2.7493632e+02   1.4433199e+03   1.0699814e+03   1.7038490e+00   0.0000000e+00   0.0000000e+00
   1.6706797e+02   2.7494883e+02   1.4429347e+03   1.0701838e+03   1.7049550e+00   0.0000000e+00   0.0000000e+00
   1.6765617e+02   2.7496137e+02   1.4425497e+03   1.0703860e+03   1.7060606e+00   0.0000000e+00   0.0000000e+00
   1.6824436e+02   2.7497394e+02   1.4421649e+03   1.0705880e+03   1.7071660e+00   0.0000000e+00   0.0000000e+00
   1.6883256e+02   2.7498653e+02   1.4417803e+03   1.0707896e+03   1.7082710e+00   0.0000000e+00   0.0000000e+00
   1.6942075e+02   2.7499915e+02   1.4413958e+03   1.0709910e+03   1.7093757e+00   0.0000000e+00   0.0000000e+00
   1.7000895e+02   2.7501179e+02   1.4410116e+03   1.0711922e+03   1.7104800e+00   0.0000000e+00   0.0000000e+00
   1.7059714e+02   2.7502446e+02   1.4406275e+03   1.0713930e+03   1.7115841e+00   0.0000000e+00   0.0000000e+00
   1.7118534e+02   2.7503715e+02   1.4402436e+03   1.0715937e+03   1.7126877e+00   0.0000000e+00   0.0000000e+00
   1.7177353e+02   2.7504988e+02   1.4398599e+03   1.0717940e+03   1.7137910e+00   0.0000000e+00   0.0000000e+00
   1.7236173e+02   2.7506262e+02   1.4394764e+03   1.0719941e+03   1.7148940e+00   0.0000000e+00   0.0000000e+00
   1.7294992e+02   2.7507540e+02   1.4390930e+03   1.0721940e+03   1.7159966e+00   0.0000000e+00   0.0000000e+00
   1.7353811e+02   2.7508819e+02   1.4387099e+03   1.0723936e+03   1.7170988e+00   0.0000000e+00   0.0000000e+00
   1.7412631e+02   2.7510102e+02   1.4383269e+03   1.0725929e+03   1.7182006e+00   0.0000000e+00   0.0000000e+00
   1.7471450e+02   2.7511386e+02   1.4379441e+03   1.0727920e+03   1.7193020e+00   0.0000000e+00   0.0000000e+00
   1.7530270e+02   2.7512674e+02   1.4375615e+03   1.0729908e+03   1.7204031e+00   0.0000000e+00   0.0000000e+00
   1.7589089e+02   2.7513963e+02   1.4371791e+03   1.0731893e+03   1.7215037e+00   0.0000000e+00   0.0000000e+00
   1.7647909e+02   2.7515256e+02   1.4367968e+03   1.0733877e+03   1.7226039e+00   0.0000000e+00   0.0000000e+00
   1.7706728e+02   2.7516550e+02   1.4364147e+03   1.0735857e+03   1.7237037e+00   0.0000000e+00   0.0000000e+00
   1.7765548e+02   2.7517848e+02   1.4360329e+03   1.0737835e+03   1.7248031e+00   0.0000000e+00   0.0000000e+00
   1.7824367e+02   2.7519147e+02   1.4356512e+03   1.0739811e+03   1.7259021e+00   0.0000000e+00   0.0000000e+00
   1.7883187e+02   2.7520449e+02   1.4352696e+03   1.0741784e+03   1.7270005e+00   0.0000000e+00   0.0000000e+00
   1.7942006e+02   2.7521753e+02   1.4348883e+03   1.0743754e+03   1.7280986e+00   0.0000000e+00   0.0000000e+00
   1.8000826e+02   2.7523060e+02   1.4345071e+03   1.0745722e+03   1.7291962e+00   0.0000000e+00   0.0000000e+00
   1.8059645e+02   2.7524369e+02   1.4341262e+03   1.0747688e+03   1.7302933e+00   0.0000000e+00   0.0000000e+00
   1.8118465e+02   2.7525681e+02   1.4337454e+03   1.0749651e+03   1.7313899e+00   0.0000000e+00   0.0000000e+00
   1.8177284e+02   2.7526995e+02   1.4333648e+03   1.0751611e+03   1.7324860e+00   0.0000000e+00   0.0000000e+00
   1.8236104e+02   2.7528311e+02   1.4329843e+03   1.0753570e+03   1.7335815e+00   0.0000000e+00   0.0000000e+00
   1.8294923e+02   2.7529630e+02   1.4326041e+03   1.0755525e+03   1.7346764e+00   0.0000000e+00   0.0000000e+00
   1.8353743e+02   2.7530951e+02   1.4322240e+03   1.0757478e+03   1.7357708e+00   0.0000000e+00   0.0000000e+00
   1.8412562e+02   2.7532274e+02   1.4318441e+03   1.0759429e+03   1.7368645e+00   0.0000000e+00   0.0000000e+00
   1.8471382e+02   2.7533599e+02   1.4314644e+03   1.0761377e+03   1.7379576e+00   0.0000000e+00   0.0000000e+00
   1.8530201e+02   2.7534927e+02   1.4310849e+03   1.0763323e+03   1.7390499e+00   0.0000000e+00   0.0000000e+00
   1.8589021e+02   2.7536257e+02   1.4307055e+03   1.0765266e+03   1.7401416e+00   0.0000000e+00   0.0000000e+00
   1.8647840e+02   2.7537590e+02   1.4303263e+03   1.0767207e+03   1.7412325e+00   0.0000000e+00   0.0000000e+00
   1.8706660e+02   2.7538924e+02   1.4299474e+03   1.0769146e+03   1.7423227e+00   0.0000000e+00   0.0000000e+00
   1.8765479e+02   2.7540261e+02   1.4295685e+03   1.0771082e+03   1.7434121e+00   0.0000000e+00   0.0000000e+00
   1.8824299e+02   2.7541600e+02   1.4291899e+03   1.0773016e+03   1.7445006e+00   0.0000000e+00   0.0000000e+00
   1.8883118e+02   2.7542942e+02   1.4288114e+03   1.0774947e+03   1.7455884e+00   0.0000000e+00   0.0000000e+00
   1.8941937e+02   2.7544285e+02   1.4284332e+03   1.0776876e+03   1.7466752e+00   0.0000000e+00   0.0000000e+00
   1.9000757e+02   2.7545631e+02   1.4280551e+03   1.0778803e+03   1.7477612e+00   0.0000000e+00   0.0000000e+00
   1.9059576e+02   2.7546979e+02   1.4276771e+03   1.0780727e+03   1.7488463e+00   0.0000000e+00   0.0000000e+00
   1.9118396e+02   2.7548329e+02   1.4272994e+03   1.0782648e+03   1.7499305e+00   0.0000000e+00   0.0000000e+00
   1.9177215e+02   2.7549681e+02   1.4269218e+03   1.0784568e+03   1.7510136e+00   0.0000000e+00   0.0000000e+00
   1.9236035e+02   2.7551036e+02   1.4265444e+03   1.0786485e+03   1.7520958e+00   0.0000000e+00   0.0000000e+00
   1.9294854e+02   2.7552392e+02   1.4261672e+03   1.0788400e+03   1.7531769e+00   0.0000000e+00   0.0000000e+00
   1.9353674e+02   2.7553751e+02   1.4257902e+03   1.0790312e+03   1.7542569e+00   0.0000000e+00   0.0000000e+00
   1.9412493e+02   2.7555112e+02   1.4254133e+03   1.0792222e+03   1.7553358e+00   0.0000000e+00   0.0000000e+00
   1.9471313e+02   2.7556474e+02   1.4250366e+03   1.0794130e+03   1.7564135e+00   0.0000000e+00   0.0000000e+00
   1.9530132e+02   2.7557839e+02   1.4246601e+03   1.0796035e+03   1.7574901e+00   0.0000000e+00   0.0000000e+00
   1.9588952e+02   2.7559206e+02   1.4242838e+03   1.0797938e+03   1.7585655e+00   0.0000000e+00   0.0000000e+00
   1.9588952e+02   2.7559206e+02   1.4242838e+03   3.4588605e+03   7.7971275e+00   4.4471843e+00   1.4831305e+12
   2.4544592e+02   2.8895703e+02   1.4143886e+03   3.4588605e+03   7.7488709e+00   4.4166751e+00   4.0617314e+11
   2.9470895e+02   3.0223721e+02   1.4044934e+03   3.4432388e+03   7.9529530e+00   4.5376255e+00   1.2557159e+11
   3.4345817e+02   3.1543273e+02   1.3945981e+03   3.5124544e+03   7.9201116e+00   4.5163802e+00   4.3094586e+10
   3.9289545e+02   3.2854372e+02   1.3847029e+03   3.5020512e+03   7.9511432e+00   4.5334956e+00   1.6244710e+10
   4.4187607e+02   3.4157029e+02   1.3748077e+03   3.5131883e+03   7.9500872e+00   4.5313425e+00   6.6315971e+09
   4.9070485e+02   3.5451259e+02   1.3649125e+03   3.5135275e+03   7.9489515e+00   4.5291461e+00   2.9062629e+09
   5.3922809e+02   3.6737074e+02   1.3550173e+03   3.5138504e+03   7.9477512e+00   4.5269180e+00   1.3558709e+09
   5.8744603e+02   3.8014488e+02   1.3451220e+03   3.5141594e+03   7.9464842e+00   4.5246581e+00   6.6879277e+08
   6.3535893e+02   3.9283515e+02   1.3352268e+03   3.5144526e+03   7.9451204e+00   4.5223515e+00   3.4673492e+08
   6.8296709e+02   4.0544171e+02   1.3253316e+03   3.5147256e+03   7.9437031e+00   4.5200213e+00   1.8798696e+08
   7.3027076e+02   4.1796470e+02   1.3154364e+03   3.5149863e+03   7.9422537e+00   4.5176765e+00   1.0611194e+08
   7.7727032e+02   4.3040427e+02   1.3055412e+03   3.5152378e+03   7.9407523e+00   4.5153108e+00   6.2120384e+07
   8.2396622e+02   4.4276059e+02   1.2956459e+03   3.5154771e+03   7.9391926e+00   4.5129188e+00   3.7589898e+07
   8.7035890e+02   4.5503382e+02   1.2857507e+03   3.5157023e+03   7.9376027e+00   4.5105178e+00   2.3441470e+07
   9.1644880e+02   4.6722413e+02   1.2758555e+03   3.5159196e+03   7.9359987e+00   4.5081135e+00   1.5025707e+07
   9.6223648e+02   4.7933170e+02   1.2659603e+03   3.5161316e+03   7.9343386e+00   4.5056873e+00   9.8766614e+06
   1.0077225e+03   4.9135671e+02   1.2560651e+03   3.5163299e+03   7.9326649e+00   4.5032584e+00   6.6437085e+06
   1.0529075e+03   5.0329934e+02   1.2461698e+03   3.5165228e+03   7.9309736e+00   4.5008286e+00   4.5649120e+06
   1.0977921e+03   5.1515979e+02   1.2362746e+03   3.5167091e+03   7.9292515e+00   4.4983893e+00   3.1985697e+06
   1.1423770e+03   5.2693825e+02   1.2263794e+03   3.5168873e+03   7.9275160e+00   4.4959483e+00   2.2820967e+06
   1.1866628e+03   5.3863493e+02   1.2164842e+03   3.5170596e+03   7.9257737e+00   4.4935111e+00   1.6557105e+06
   1.2306503e+03   5.5025005e+02   1.2065889e+03   3.5172283e+03   7.9240084e+00   4.4910701e+00   1.2200581e+06
   1.2743404e+03   5.6178382e+02   1.1966937e+03   3.5173889e+03   7.9222296e+00   4.4886290e+00   9.1210697e+05
   1.3177338e+03   5.7323646e+02   1.1867985e+03   3.5175448e+03   7.9204588e+00   4.4861977e+00   6.9111037e+05
   1.3608314e+03   5.8460822e+02   1.1769033e+03   3.5176982e+03   7.9186648e+00   4.4837637e+00   5.3026344e+05
   1.4036342e+03   5.9589934e+02   1.1670081e+03   3.5178449e+03   7.9168617e+00   4.4813333e+00   4.1164191e+05
   1.4461430e+03   6.0711005e+02   1.1571128e+03   3.5179870e+03   7.9150734e+00   4.4789154e+00   3.2307473e+05
   1.4883589e+03   6.1824064e+02   1.1472176e+03   3.5181290e+03   7.9132643e+00   4.4764964e+00   2.5617779e+05
   1.5302828e+03   6.2929135e+02   1.1373224e+03   3.5182639e+03   7.9114518e+00   4.4740842e+00   2.0509707e+05
   1.5719160e+03   6.4026247e+02   1.1274272e+03   3.5183953e+03   7.9096551e+00   4.4716861e+00   1.6569280e+05
   1.6132594e+03   6.5115428e+02   1.1175320e+03   3.5185267e+03   7.9078422e+00   4.4692877e+00   1.3500216e+05
   1.6543143e+03   6.6196709e+02   1.1076367e+03   3.5186520e+03   7.9060332e+00   4.4669006e+00   1.1088063e+05
   1.6950819e+03   6.7270120e+02   1.0977415e+03   3.5187743e+03   7.9042287e+00   4.4645235e+00   9.1759239e+04
   1.7355634e+03   6.8335693e+02   1.0878463e+03   3.5188956e+03   7.9024255e+00   4.4621539e+00   7.6478468e+04
   1.7757602e+03   6.9393461e+02   1.0779511e+03   3.5190137e+03   7.9006294e+00   4.4597975e+00   6.4173166e+04
   1.8156736e+03   7.0443458e+02   1.0680559e+03   3.5191296e+03   7.8988215e+00   4.4574443e+00   5.4191920e+04
   1.8553051e+03   7.1485720e+02   1.0581606e+03   3.5192408e+03   7.8970373e+00   4.4551077e+00   4.6040016e+04
   1.8946562e+03   7.2520284e+02   1.0482654e+03   3.5193536e+03   7.8952473e+00   4.4527796e+00   3.9338654e+04
   1.9337284e+03   7.3547189e+02   1.0383702e+03   3.5194617e+03   7.8934587e+00   4.4504601e+00   3.3795526e+04
   1.9725233e+03   7.4566473e+02   1.0284750e+03   3.5195676e+03   7.8916925e+00   4.4481590e+00   2.9183388e+04
   2.0110427e+03   7.5578180e+02   1.0185797e+03   3.5196749e+03   7.8899099e+00   4.4458597e+00   2.5324327e+04
   2.0492882e+03   7.6582350e+02   1.0086845e+03   3.5197764e+03   7.8881516e+00   4.4435790e+00   2.2078113e+04
   2.0872617e+03   7.7579030e+02   9.9878930e+02   3.5198789e+03   7.8863939e+00   4.4413072e+00   1.9333501e+04
   2.1249652e+03   7.8568266e+02   9.8889408e+02   3.5199790e+03   7.8846387e+00   4.4390468e+00   1.7001700e+04
   2.1624006e+03   7.9550105e+02   9.7899886e+02   3.5200764e+03   7.8829012e+00   4.4368016e+00   1.5011425e+04
   2.1995699e+03   8.0524599e+02   9.6910364e+02   3.5201743e+03   7.8811617e+00   4.4345644e+00   1.3305117e+04
   2.2364754e+03   8.1491800e+02   9.5920842e+02   3.5202690e+03   7.8794445e+00   4.4323456e+00   1.1836058e+04
   2.2731192e+03   8.2451763e+02   9.4931320e+02   3.5203654e+03   7.8777224e+00   4.4301339e+00   1.0566125e+04
   2.3095038e+03   8.3404544e+02   9.3941797e+02   3.5204576e+03   7.8760143e+00   4.4279381e+00   9.4640618e+03
   2.3456316e+03   8.4350203e+02   9.2952275e+02   3.5205500e+03   7.8743092e+00   4.4257512e+00   8.5041153e+03
   2.3815051e+03   8.5288801e+02   9.1962753e+02   3.5206398e+03   7.8726207e+00   4.4235796e+00   7.6649725e+03
   2.4171271e+03   8.6220403e+02   9.0973231e+02   3.5207299e+03   7.8709345e+00   4.4214197e+00   6.9289166e+03
   2.4525002e+03   8.7145078e+02   8.9983709e+02   3.5208178e+03   7.8692694e+00   4.4192750e+00   6.2811588e+03
   2.4876275e+03   8.8062894e+02   8.8994187e+02   3.5209076e+03   7.8676019e+00   4.4171397e+00   5.7093039e+03
   2.5225120e+03   8.8973926e+02   8.8004665e+02   3.5209931e+03   7.8659507e+00   4.4150191e+00   5.2029227e+03
   2.5571569e+03   8.9878251e+02   8.7015143e+02   3.5210799e+03   7.8643072e+00   4.4129108e+00   4.7532067e+03
   2.5915655e+03   9.0775949e+02   8.6025621e+02   3.5211653e+03   7.8626713e+00   4.4108140e+00   4.3526900e+03
   2.6257414e+03   9.1667104e+02   8.5036098e+02   3.5212497e+03   7.8610517e+00   4.4087326e+00   3.9950221e+03
   2.6596882e+03   9.2551805e+02   8.4046576e+02   3.5213348e+03   7.8594324e+00   4.4066598e+00   3.6747833e+03
   2.6934097e+03   9.3430143e+02   8.3057054e+02   3.5214166e+03   7.8578367e+00   4.4046034e+00   3.3873331e+03
   2.7269100e+03   9.4302217e+02   8.2067532e+02   3.5215011e+03   7.8562340e+00   4.4025553e+00   3.1286859e+03
   2.7601934e+03   9.5168127e+02   8.1078010e+02   3.5215814e+03   7.8546558e+00   4.4005234e+00   2.8954079e+03
   2.7932642e+03   9.6027980e+02   8.0088488e+02   3.5216647e+03   7.8530755e+00   4.3984999e+00   2.6845324e+03
   2.8261271e+03   9.6881888e+02   7.9098966e+02   3.5217444e+03   7.8515169e+00   4.3964911e+00   2.4934887e+03
   2.8587871e+03   9.7729969e+02   7.8109444e+02   3.5218258e+03   7.8499591e+00   4.3944921e+00   2.3200432e+03
   2.8912492e+03   9.8572345e+02   7.7119921e+02   3.5219059e+03   7.8484163e+00   4.3925066e+00   2.1622501e+03
   2.9235189e+03   9.9409148e+02   7.6130399e+02   3.5219865e+03   7.8468833e+00   4.3905310e+00   2.0184102e+03
   2.9556019e+03   1.0024051e+03   7.5140877e+02   3.5220663e+03   7.8453575e+00   4.3885672e+00   1.8870353e+03
   2.9875043e+03   1.0106659e+03   7.4151355e+02   3.5221459e+03   7.8438459e+00   4.3866145e+00   1.7668194e+03
   3.0192323e+03   1.0188752e+03   7.3161833e+02   3.5222256e+03   7.8423357e+00   4.3846708e+00   1.6566137e+03
   3.0507927e+03   1.0270347e+03   7.2172311e+02   3.5223040e+03   7.8408456e+00   4.3827411e+00   1.5554050e+03
   3.0821924e+03   1.0351462e+03   7.1182789e+02   3.5223844e+03   7.8393512e+00   4.3808166e+00   1.4622980e+03
   3.1134390e+03   1.0432113e+03   7.0193267e+02   3.5224621e+03   7.8378828e+00   4.3789067e+00   1.3764999e+03
   3.1445404e+03   1.0512320e+03   6.9203745e+02   3.5225438e+03   7.8364034e+00   4.3770005e+00   1.2973070e+03
   3.1755048e+03   1.0592102e+03   6.8214222e+02   3.5226201e+03   7.8349563e+00   4.3751103e+00   1.2240936e+03
   3.2063411e+03   1.0671481e+03   6.7224700e+02   3.5227021e+03   7.8334898e+00   4.3732190e+00   1.1563022e+03
   3.2370587e+03   1.0750480e+03   6.6235178e+02   3.5227788e+03   7.8320556e+00   4.3713449e+00   1.0934352e+03
   3.2676673e+03   1.0829122e+03   6.5245656e+02   3.5228605e+03   7.8306086e+00   4.3694709e+00   1.0350472e+03
   3.2981777e+03   1.0907432e+03   6.4256134e+02   3.5229382e+03   7.8291861e+00   4.3676094e+00   9.8073953e+02
   3.3286009e+03   1.0985438e+03   6.3266612e+02   3.5230204e+03   7.8277583e+00   4.3657508e+00   9.3015399e+02
   3.3589489e+03   1.1063167e+03   6.2277090e+02   3.5230993e+03   7.8263470e+00   4.3639003e+00   8.8296863e+02
   3.3892343e+03   1.1140651e+03   6.1287568e+02   3.5231808e+03   7.8249362e+00   4.3620537e+00   8.3889340e+02
   3.4194705e+03   1.1217922e+03   6.0298045e+02   3.5232617e+03   7.8235321e+00   4.3602112e+00   7.9766661e+02
   3.4496719e+03   1.1295013e+03   5.9308523e+02   3.5233441e+03   7.8221360e+00   4.3583743e+00   7.5905173e+02
   3.4798539e+03   1.1371963e+03   5.8319001e+02   3.5234271e+03   7.8207382e+00   4.3565368e+00   7.2283467e+02
   3.5100328e+03   1.1448810e+03   5.7329479e+02   3.5235098e+03   7.8193501e+00   4.3547040e+00   6.8882132e+02
   3.5402263e+03   1.1525598e+03   5.6339957e+02   3.5235943e+03   7.8179621e+00   4.3528699e+00   6.5683538e+02
   3.5704529e+03   1.1602370e+03   5.5350435e+02   3.5236788e+03   7.8165774e+00   4.3510366e+00   6.2671655e+02
   3.6007330e+03   1.1679176e+03   5.4360913e+02   3.5237640e+03   7.8151984e+00   4.3492027e+00   5.9831879e+02
   3.6310880e+03   1.1756068e+03   5.3371391e+02   3.5238512e+03   7.8138133e+00   4.3473649e+00   5.7150890e+02
   3.6615413e+03   1.1833102e+03   5.2381869e+02   3.5239379e+03   7.8124400e+00   4.3455268e+00   5.4616517e+02
   3.6921178e+03   1.1910338e+03   5.1392346e+02   3.5240285e+03   7.8110497e+00   4.3436781e+00   5.2217628e+02
   3.7228445e+03   1.1987842e+03   5.0402824e+02   3.5241166e+03   7.8096782e+00   4.3418292e+00   4.9944021e+02
   3.7537505e+03   1.2065683e+03   4.9413302e+02   3.5242104e+03   7.8082816e+00   4.3399648e+00   4.7786335e+02
   3.7848672e+03   1.2143939e+03   4.8423780e+02   3.5243014e+03   7.8069007e+00   4.3380967e+00   4.5735970e+02
   3.8162287e+03   1.2222691e+03   4.7434258e+02   3.5243984e+03   7.8054983e+00   4.3362111e+00   4.3785013e+02
   3.8478719e+03   1.2302029e+03   4.6444736e+02   3.5244932e+03   7.8041005e+00   4.3343154e+00   4.1926171e+02
   3.8798369e+03   1.2382050e+03   4.5455214e+02   3.5245929e+03   7.8026888e+00   4.3324012e+00   4.0152717e+02
   3.9121674e+03   1.2462860e+03   4.4465692e+02   3.5246929e+03   7.8012713e+00   4.3304690e+00   3.8458433e+02
   3.9121674e+03   1.2462860e+03   4.4465692e+02   8.0000000e+03   5.9999300e+00   3.2466201e+00   1.0000000e+04
   4.2832329e+03   1.2476708e+03   3.9525059e+02   8.0106388e+03   5.9959445e+00   3.2444635e+00   1.0000000e+04
   4.6052314e+03   1.2490555e+03   3.4584427e+02   8.0204432e+03   6.0218021e+00   3.2567169e+00   1.0000000e+04
   4.8751228e+03   1.2504403e+03   2.9643794e+02   8.0296328e+03   6.0438434e+00   3.2671500e+00   1.0000000e+04
   5.0878822e+03   1.2518251e+03   2.4703162e+02   8.0383822e+03   6.0618227e+00   3.2756376e+00   1.0000000e+04
   5.2342871e+03   1.2532098e+03   1.9762530e+02   8.0468463e+03   6.0753396e+00   3.2819804e+00   1.0000000e+04
   5.2950262e+03   1.2545946e+03   1.4821897e+02   8.0551884e+03   6.0836560e+00   3.2858166e+00   1.0000000e+04
   5.2213015e+03   1.2559794e+03   9.8812648e+01   8.0636430e+03   6.0852127e+00   3.2863864e+00   1.0000000e+04
   4.8447354e+03   1.2573641e+03   4.9406324e+01   8.0727828e+03   6.0760081e+00   3.2817439e+00   1.0000000e+04
   3.0258589e+03   1.2587489e+03   0.0000000e+00   8.0875863e+03   6.0409711e+00   3.2645073e+00   1.0000000e+04
