   0.0000000e+00   1.1000000e+02   2.6341000e+03   9.3245349e+02   3.9798936e+00   1.9655294e+00   3.0951647e+04
   7.3788719e+00   2.1901013e+02   2.6285584e+03   9.3245349e+02   3.9956076e+00   1.9732899e+00   1.3494394e+02
   1.4757744e+01   2.1904689e+02   2.6230124e+03   9.3303806e+02   3.9938669e+00   1.9724303e+00   1.3481976e+02
   2.2136616e+01   2.1908533e+02   2.6174765e+03   9.3359341e+02   3.9921319e+00   1.9715734e+00   1.3469012e+02
   2.9515488e+01   2.1912551e+02   2.6119505e+03   9.3411434e+02   3.9904053e+00   1.9707207e+00   1.3455477e+02
   3.6894360e+01   2.1916752e+02   2.6064341e+03   9.3459512e+02   3.9886901e+00   1.9698736e+00   1.3441347e+02
   4.4273231e+01   2.1921143e+02   2.6009273e+03   9.3502945e+02   3.9869892e+00   1.9690336e+00   1.3426597e+02
   5.1652103e+01   2.1925734e+02   2.5954298e+03   9.3541044e+02   3.9853051e+00   1.9682019e+00   1.3411201e+02
   5.9030975e+01   2.1930534e+02   2.5899412e+03   9.3573055e+02   3.9836407e+00   1.9673799e+00   1.3395131e+02
   6.6409847e+01   2.1935552e+02   2.5844614e+03   9.3598161e+02   3.9819983e+00   1.9665688e+00   1.3378358e+02
   7.3788719e+01   2.1940797e+02   2.5789898e+03   9.3615483e+02   3.9803803e+00   1.9657697e+00   1.3360854e+02
   8.1167591e+01   2.1946282e+02   2.5735261e+03   9.3624093e+02   3.9787890e+00   1.9649838e+00   1.3342587e+02
   8.8546463e+01   2.1952016e+02   2.5680699e+03   9.3623030e+02   3.9772263e+00   1.9642121e+00   1.3323525e+02
   9.5925335e+01   2.1958011e+02   2.5626206e+03   9.3611334e+02   3.9756943e+00   1.9634555e+00   1.3303636e+02
   1.0330421e+02   2.1964278e+02   2.5571776e+03   9.3588085e+02   3.9741947e+00   1.9627148e+00   1.3282884e+02
   1.1068308e+02   2.1970832e+02   2.5517404e+03   9.3552478e+02   3.9727289e+00   1.9619909e+00   1.3261235e+02
   1.1806195e+02   2.1977683e+02   2.5463083e+03   9.3503906e+02   3.9712984e+00   1.9612845e+00   1.3238651e+02
   1.2544082e+02   2.1984847e+02   2.5408806e+03   9.3442065e+02   3.9699044e+00   1.9605960e+00   1.3215093e+02
   1.3281969e+02   2.1992338e+02   2.5354566e+03   9.3367088e+02   3.9685479e+00   1.9599261e+00   1.3190523e+02
   1.4019857e+02   2.6000000e+02   2.5300357e+03   9.3279663e+02   3.9778618e+00   1.9645259e+00   5.6836658e+01
   1.4388701e+02   2.6000000e+02   2.5276645e+03   1.0655454e+03   1.6012296e+00   0.0000000e+00   0.0000000e+00
   1.4757546e+02   2.6000000e+02   2.5252976e+03   1.0669840e+03   1.6086321e+00   0.0000000e+00   0.0000000e+00
   1.5126391e+02   2.6000000e+02   2.5229348e+03   1.0684100e+03   1.6160217e+00   0.0000000e+00   0.0000000e+00
   1.5495236e+02   2.6000000e+02   2.5205762e+03   1.0698237e+03   1.6233964e+00   0.0000000e+00   0.0000000e+00
   1.5864080e+02   2.6000000e+02   2.5182216e+03   1.0712252e+03   1.6307541e+00   0.0000000e+00   0.0000000e+00
   1.6232925e+02   2.6000000e+02   2.5158711e+03   1.0726147e+03   1.6380932e+00   0.0000000e+00   0.0000000e+00
   1.6601770e+02   2.6000000e+02   2.5135246e+03   1.0739924e+03   1.6454119e+00   0.0000000e+00   0.0000000e+00
   1.6970615e+02   2.6000000e+02   2.5111820e+03   1.0753586e+03   1.6527091e+00   0.0000000e+00   0.0000000e+00
   1.7339459e+02   2.6000000e+02   2.5088434e+03   1.0767135e+03   1.6599834e+00   0.0000000e+00   0.0000000e+00
   1.7708304e+02   2.6000000e+02   2.5065087e+03   1.0780571e+03   1.6672337e+00   0.0000000e+00   0.0000000e+00
   1.8077149e+02   2.6000000e+02   2.5041779e+03   1.0793898e+03   1.6744587e+00   0.0000000e+00   0.0000000e+00
   1.8445994e+02   2.6000000e+02   2.5018508e+03   1.0807116e+03   1.6816576e+00   0.0000000e+00   0.0000000e+00
   1.8814839e+02   2.6000000e+02   2.4995276e+03   1.0820227e+03   1.6888293e+00   0.0000000e+00   0.0000000e+00
   1.9183683e+02   2.6000000e+02   2.4972082e+03   1.0833234e+03   1.6959733e+00   0.0000000e+00   0.0000000e+00
   1.9552528e+02   2.6000000e+02   2.4948925e+03   1.0846136e+03   1.7030886e+00   0.0000000e+00   0.0000000e+00
   1.9921373e+02   2.6000000e+02   2.4925805e+03   1.0858938e+03   1.7101746e+00   0.0000000e+00   0.0000000e+00
   2.0290218e+02   2.6000000e+02   2.4902722e+03   1.0871639e+03   1.7172304e+00   0.0000000e+00   0.0000000e+00
   2.0659062e+02   2.6000000e+02   2.4879675e+03   1.0884243e+03   1.7242551e+00   0.0000000e+00   0.0000000e+00
   2.1027907e+02   2.6000000e+02   2.4856664e+03   1.0896749e+03   1.7312477e+00   0.0000000e+00   0.0000000e+00
   2.1396752e+02   2.6000000e+02   2.4833689e+03   1.0909161e+03   1.7382070e+00   0.0000000e+00   0.0000000e+00
   2.1765597e+02   2.6000000e+02   2.4810750e+03   1.0921480e+03   1.7451310e+00   0.0000000e+00   0.0000000e+00
   2.2134441e+02   2.6000000e+02   2.4787846e+03   1.0933707e+03   1.7520174e+00   0.0000000e+00   0.0000000e+00
   2.2503286e+02   2.6000000e+02   2.4764977e+03   1.0945844e+03   1.7588637e+00   0.0000000e+00   0.0000000e+00
   2.2872131e+02   2.6000000e+02   2.4742143e+03   1.0957893e+03   1.7656668e+00   0.0000000e+00   0.0000000e+00
   2.3240976e+02   2.6000000e+02   2.4719344e+03   1.0969854e+03   1.7724235e+00   0.0000000e+00   0.0000000e+00
   2.3609820e+02   2.6000000e+02   2.4696579e+03   1.0981731e+03   1.7791327e+00   0.0000000e+00   0.0000000e+00
   2.3978665e+02   2.6000000e+02   2.4673847e+03   1.0993523e+03   1.7857943e+00   0.0000000e+00   0.0000000e+00
   2.4347510e+02   2.6000000e+02   2.4651150e+03   1.1005233e+03   1.7924086e+00   0.0000000e+00   0.0000000e+00
   2.4716355e+02   2.6000000e+02   2.4628486e+03   1.1016863e+03   1.7989771e+00   0.0000000e+00   0.0000000e+00
   2.5085200e+02   2.6000000e+02   2.4605855e+03   1.1028413e+03   1.8055022e+00   0.0000000e+00   0.0000000e+00
   2.5454044e+02   2.6000000e+02   2.4583258e+03   1.1039886e+03   1.8119855e+00   0.0000000e+00   0.0000000e+00
   2.5822889e+02   2.6000000e+02   2.4560693e+03   1.1051283e+03   1.8184280e+00   0.0000000e+00   0.0000000e+00
   2.6191734e+02   2.6000000e+02   2.4538161e+03   1.1062605e+03   1.8248306e+00   0.0000000e+00   0.0000000e+00
   2.6560579e+02   2.6000000e+02   2.4515661e+03   1.1073852e+03   1.8311942e+00   0.0000000e+00   0.0000000e+00
   2.6929423e+02   2.6000000e+02   2.4493194e+03   1.1085027e+03   1.8375193e+00   0.0000000e+00   0.0000000e+00
   2.7298268e+02   2.6000000e+02   2.4470758e+03   1.1096129e+03   1.8438068e+00   0.0000000e+00   0.0000000e+00
   2.7667113e+02   2.6000000e+02   2.4448354e+03   1.1107161e+03   1.8500572e+00   0.0000000e+00   0.0000000e+00
   2.8035958e+02   2.6000000e+02   2.4425982e+03   1.1118123e+03   1.8562711e+00   0.0000000e+00   0.0000000e+00
   2.8404802e+02   2.6000000e+02   2.4403642e+03   1.1129015e+03   1.8624493e+00   0.0000000e+00   0.0000000e+00
   2.8773647e+02   2.6000000e+02   2.4381332e+03   1.1139841e+03   1.8685938e+00   0.0000000e+00   0.0000000e+00
   2.9142492e+02   2.6000000e+02   2.4359053e+03   1.1150599e+03   1.8747065e+00   0.0000000e+00   0.0000000e+00
   2.9511337e+02   2.6000000e+02   2.4336806e+03   1.1161292e+03   1.8807899e+00   0.0000000e+00   0.0000000e+00
   2.9880181e+02   2.6000000e+02   2.4314589e+03   1.1171920e+03   1.8868461e+00   0.0000000e+00   0.0000000e+00
   3.0249026e+02   2.6000000e+02   2.4292402e+03   1.1182484e+03   1.8928773e+00   0.0000000e+00   0.0000000e+00
   3.0617871e+02   2.6000000e+02   2.4270246e+03   1.1192986e+03   1.8988834e+00   0.0000000e+00   0.0000000e+00
   3.0986716e+02   2.6000000e+02   2.4248119e+03   1.1203425e+03   1.9048623e+00   0.0000000e+00   0.0000000e+00
   3.1355560e+02   2.6000000e+02   2.4226023e+03   1.1213802e+03   1.9108122e+00   0.0000000e+00   0.0000000e+00
   3.1724405e+02   2.6000000e+02   2.4203956e+03   1.1224119e+03   1.9167308e+00   0.0000000e+00   0.0000000e+00
   3.2093250e+02   2.6000000e+02   2.4181919e+03   1.1234376e+03   1.9226160e+00   0.0000000e+00   0.0000000e+00
   3.2462095e+02   2.6000000e+02   2.4159912e+03   1.1244574e+03   1.9284662e+00   0.0000000e+00   0.0000000e+00
   3.2830940e+02   2.6000000e+02   2.4137933e+03   1.1254714e+03   1.9342808e+00   0.0000000e+00   0.0000000e+00
   3.3199784e+02   2.6000000e+02   2.4115984e+03   1.1264796e+03   1.9400593e+00   0.0000000e+00   0.0000000e+00
   3.3568629e+02   2.6000000e+02   2.4094064e+03   1.1274821e+03   1.9458012e+00   0.0000000e+00   0.0000000e+00
   3.3937474e+02   2.6000000e+02   2.4072172e+03   1.1284790e+03   1.9515060e+00   0.0000000e+00   0.0000000e+00
   3.4306319e+02   2.6000000e+02   2.4050310e+03   1.1294704e+03   1.9571732e+00   0.0000000e+00   0.0000000e+00
   3.4675163e+02   2.6000000e+02   2.4028475e+03   1.1304564e+03   1.9628026e+00   0.0000000e+00   0.0000000e+00
   3.5044008e+02   2.6000000e+02   2.4006669e+03   1.1314370e+03   1.9683940e+00   0.0000000e+00   0.0000000e+00
   3.5412853e+02   2.6000000e+02   2.3984891e+03   1.1324124e+03   1.9739475e+00   0.0000000e+00   0.0000000e+00
   3.5781698e+02   2.6000000e+02   2.3963142e+03   1.1333825e+03   1.9794633e+00   0.0000000e+00   0.0000000e+00
   3.6150542e+02   2.6000000e+02   2.3941420e+03   1.1343475e+03   1.9849416e+00   0.0000000e+00   0.0000000e+00
   3.6519387e+02   2.6000000e+02   2.3919726e+03   1.1353075e+03   1.9903827e+00   0.0000000e+00   0.0000000e+00
   3.6888232e+02   2.6000000e+02   2.3898059e+03   1.1362625e+03   1.9957871e+00   0.0000000e+00   0.0000000e+00
   3.7257077e+02   2.6000000e+02   2.3876420e+03   1.1372126e+03   2.0011552e+00   0.0000000e+00   0.0000000e+00
   3.7625921e+02   2.6000000e+02   2.3854809e+03   1.1381580e+03   2.0064875e+00   0.0000000e+00   0.0000000e+00
   3.7994766e+02   2.6000000e+02   2.3833224e+03   1.1390986e+03   2.0117848e+00   0.0000000e+00   0.0000000e+00
   3.8363611e+02   2.6000000e+02   2.3811667e+03   1.1400345e+03   2.0170477e+00   0.0000000e+00   0.0000000e+00
   3.8732456e+02   2.6000000e+02   2.3790137e+03   1.1409659e+03   2.0222770e+00   0.0000000e+00   0.0000000e+00
   3.9101301e+02   2.6000000e+02   2.3768634e+03   1.1418927e+03   2.0274735e+00   0.0000000e+00   0.0000000e+00
   3.9470145e+02   2.6000000e+02   2.3747157e+03   1.1428150e+03   2.0326382e+00   0.0000000e+00   0.0000000e+00
   3.9838990e+02   2.6000000e+02   2.3725707e+03   1.1437328e+03   2.0377719e+00   0.0000000e+00   0.0000000e+00
   4.0207835e+02   2.6005327e+02   2.3705964e+03   1.2420358e+03   4.2394788e+00   2.2161434e+00   1.2398759e+02
   4.0576680e+02   2.6032024e+02   2.3686235e+03   1.2425977e+03   4.2385202e+00   2.2156423e+00   1.2398759e+02
   4.0945524e+02   2.6057828e+02   2.3666521e+03   1.2431567e+03   4.2375670e+00   2.2151441e+00   1.2398759e+02
   4.1314369e+02   2.6083633e+02   2.3646822e+03   1.2437124e+03   4.2366203e+00   2.2146492e+00   1.2398759e+02
   4.1683214e+02   2.6109438e+02   2.3627138e+03   1.2442647e+03   4.2356800e+00   2.2141576e+00   1.2398759e+02
   4.2052059e+02   2.6135242e+02   2.3607468e+03   1.2448135e+03   4.2347461e+00   2.2136694e+00   1.2398759e+02
   4.2420903e+02   2.6161047e+02   2.3587812e+03   1.2453590e+03   4.2338186e+00   2.2131846e+00   1.2398759e+02
   4.2789748e+02   2.6186852e+02   2.3568171e+03   1.2459010e+03   4.2328975e+00   2.2127031e+00   1.2398759e+02
   4.3158593e+02   2.6212313e+02   2.3548545e+03   1.2464398e+03   4.2319826e+00   2.2122248e+00   1.2398759e+02
   4.3527438e+02   2.6237069e+02   2.3528933e+03   1.2469756e+03   4.2310732e+00   2.2117495e+00   1.2398759e+02
   4.3896282e+02   2.6261824e+02   2.3509336e+03   1.2475080e+03   4.2301704e+00   2.2112775e+00   1.2398759e+02
   4.4265127e+02   2.6286579e+02   2.3489752e+03   1.2480369e+03   4.2292739e+00   2.2108089e+00   1.2398759e+02
   4.4633972e+02   2.6311334e+02   2.3470184e+03   1.2485624e+03   4.2283838e+00   2.2103436e+00   1.2398759e+02
   4.5002817e+02   2.6336090e+02   2.3450629e+03   1.2490844e+03   4.2275002e+00   2.2098817e+00   1.2398759e+02
   4.5371661e+02   2.6360845e+02   2.3431088e+03   1.2496029e+03   4.2266230e+00   2.2094232e+00   1.2398759e+02
   4.5740506e+02   2.6385136e+02   2.3411562e+03   1.2501183e+03   4.2257516e+00   2.2089677e+00   1.2398759e+02
   4.6109351e+02   2.6408891e+02   2.3392050e+03   1.2506305e+03   4.2248861e+00   2.2085153e+00   1.2398759e+02
   4.6478196e+02   2.6432645e+02   2.3372552e+03   1.2511393e+03   4.2240270e+00   2.2080662e+00   1.2398759e+02
   4.6847041e+02   2.6456400e+02   2.3353068e+03   1.2516446e+03   4.2231743e+00   2.2076204e+00   1.2398759e+02
   4.7215885e+02   2.6480155e+02   2.3333597e+03   1.2521464e+03   4.2223280e+00   2.2071780e+00   1.2398759e+02
   4.7584730e+02   2.6503909e+02   2.3314141e+03   1.2526448e+03   4.2214880e+00   2.2067389e+00   1.2398759e+02
   4.7953575e+02   2.6527664e+02   2.3294699e+03   1.2531396e+03   4.2206543e+00   2.2063031e+00   1.2398759e+02
   4.8322420e+02   2.6550845e+02   2.3275270e+03   1.2536314e+03   4.2198265e+00   2.2058704e+00   1.2398759e+02
   4.8691264e+02   2.6573645e+02   2.3255855e+03   1.2541199e+03   4.2190045e+00   2.2054407e+00   1.2398759e+02
   4.9060109e+02   2.6596444e+02   2.3236454e+03   1.2546050e+03   4.2181888e+00   2.2050143e+00   1.2398759e+02
   4.9428954e+02   2.6619244e+02   2.3217067e+03   1.2550866e+03   4.2173795e+00   2.2045912e+00   1.2398759e+02
   4.9797799e+02   2.6642043e+02   2.3197693e+03   1.2555647e+03   4.2165764e+00   2.2041715e+00   1.2398759e+02
   5.0166643e+02   2.6664843e+02   2.3178333e+03   1.2560393e+03   4.2157797e+00   2.2037549e+00   1.2398759e+02
   5.0535488e+02   2.6687642e+02   2.3158987e+03   1.2565105e+03   4.2149891e+00   2.2033417e+00   1.2398759e+02
   5.0904333e+02   2.6709770e+02   2.3139654e+03   1.2569786e+03   4.2142042e+00   2.2029314e+00   1.2398759e+02
   5.1273178e+02   2.6731658e+02   2.3120334e+03   1.2574435e+03   4.2134252e+00   2.2025242e+00   1.2398759e+02
   5.1642022e+02   2.6753545e+02   2.3101028e+03   1.2579049e+03   4.2126524e+00   2.2021202e+00   1.2398759e+02
   5.2010867e+02   2.6775433e+02   2.3081735e+03   1.2583628e+03   4.2118858e+00   2.2017195e+00   1.2398759e+02
   5.2379712e+02   2.6797320e+02   2.3062456e+03   1.2588173e+03   4.2111254e+00   2.2013220e+00   1.2398759e+02
   5.2748557e+02   2.6819208e+02   2.3043190e+03   1.2592683e+03   4.2103711e+00   2.2009277e+00   1.2398759e+02
   5.3117401e+02   2.6841095e+02   2.3023937e+03   1.2597160e+03   4.2096230e+00   2.2005366e+00   1.2398759e+02
   5.3486246e+02   2.6862223e+02   2.3004698e+03   1.2601606e+03   4.2088802e+00   2.2001483e+00   1.2398759e+02
   5.3855091e+02   2.6883239e+02   2.2985471e+03   1.2606020e+03   4.2081434e+00   2.1997632e+00   1.2398759e+02
   5.4223936e+02   2.6904255e+02   2.2966258e+03   1.2610399e+03   4.2074127e+00   2.1993812e+00   1.2398759e+02
   5.4592781e+02   2.6925272e+02   2.2947058e+03   1.2614744e+03   4.2066880e+00   2.1990024e+00   1.2398759e+02
   5.4961625e+02   2.6946288e+02   2.2927871e+03   1.2619055e+03   4.2059694e+00   2.1986267e+00   1.2398759e+02
   5.5330470e+02   2.6967304e+02   2.2908697e+03   1.2623332e+03   4.2052568e+00   2.1982542e+00   1.2398759e+02
   5.5699315e+02   2.6988314e+02   2.2889536e+03   1.2627576e+03   4.2045501e+00   2.1978848e+00   1.2398759e+02
   5.6068160e+02   2.7008498e+02   2.2870388e+03   1.2631791e+03   4.2038486e+00   2.1975181e+00   1.2398759e+02
   5.6437004e+02   2.7028682e+02   2.2851253e+03   1.2635972e+03   4.2031530e+00   2.1971545e+00   1.2398759e+02
   5.6805849e+02   2.7048867e+02   2.2832131e+03   1.2640119e+03   4.2024633e+00   2.1967940e+00   1.2398759e+02
   5.7174694e+02   2.7069051e+02   2.2813021e+03   1.2644234e+03   4.2017796e+00   2.1964365e+00   1.2398759e+02
   5.7543539e+02   2.7089235e+02   2.2793925e+03   1.2648315e+03   4.2011017e+00   2.1960822e+00   1.2398759e+02
   5.7912383e+02   2.7109420e+02   2.2774841e+03   1.2652362e+03   4.2004296e+00   2.1957309e+00   1.2398759e+02
   5.8281228e+02   2.7129489e+02   2.2755770e+03   1.2656378e+03   4.1997633e+00   2.1953825e+00   1.2398759e+02
   5.8650073e+02   2.7148879e+02   2.2736712e+03   1.2660364e+03   4.1991020e+00   2.1950369e+00   1.2398759e+02
   5.9018918e+02   2.7168269e+02   2.2717666e+03   1.2664318e+03   4.1984465e+00   2.1946942e+00   1.2398759e+02
   5.9387762e+02   2.7187659e+02   2.2698633e+03   1.2668239e+03   4.1977967e+00   2.1943546e+00   1.2398759e+02
   5.9756607e+02   2.7207049e+02   2.2679612e+03   1.2672127e+03   4.1971527e+00   2.1940179e+00   1.2398759e+02
   6.0125452e+02   2.7226438e+02   2.2660604e+03   1.2675982e+03   4.1965143e+00   2.1936842e+00   1.2398759e+02
   6.0494297e+02   2.7245828e+02   2.2641609e+03   1.2679805e+03   4.1958816e+00   2.1933535e+00   1.2398759e+02
   6.0863142e+02   2.7265005e+02   2.2622626e+03   1.2683597e+03   4.1952544e+00   2.1930256e+00   1.2398759e+02
   6.1231986e+02   2.7283636e+02   2.2603656e+03   1.2687361e+03   4.1946321e+00   2.1927003e+00   1.2398759e+02
   6.1600831e+02   2.7302268e+02   2.2584697e+03   1.2691092e+03   4.1940154e+00   2.1923779e+00   1.2398759e+02
   6.1969676e+02   2.7320899e+02   2.2565752e+03   1.2694791e+03   4.1934043e+00   2.1920585e+00   1.2398759e+02
   6.2338521e+02   2.7339531e+02   2.2546818e+03   1.2698459e+03   4.1927987e+00   2.1917419e+00   1.2398759e+02
   6.2707365e+02   2.7358162e+02   2.2527898e+03   1.2702095e+03   4.1921986e+00   2.1914282e+00   1.2398759e+02
   6.3076210e+02   2.7376794e+02   2.2508989e+03   1.2705699e+03   4.1916039e+00   2.1911173e+00   1.2398759e+02
   6.3445055e+02   2.7397010e+02   2.2490092e+03   1.2709262e+03   4.1910163e+00   2.1908102e+00   1.2398759e+02
   6.3813900e+02   2.7419438e+02   2.2471208e+03   1.2712780e+03   4.1904365e+00   2.1905071e+00   1.2398759e+02
   6.4182744e+02   2.7441867e+02   2.2453997e+03   1.3943743e+03   4.4923373e+00   2.3192146e+00   1.4711741e+02
   6.4551589e+02   2.7464296e+02   2.2436790e+03   1.3943597e+03   4.4923609e+00   2.3192268e+00   1.4644960e+02
   6.4920434e+02   2.7486725e+02   2.2419587e+03   1.3943450e+03   4.4923845e+00   2.3192390e+00   1.4578591e+02
   6.5289279e+02   2.7509154e+02   2.2402387e+03   1.3943304e+03   4.4924081e+00   2.3192512e+00   1.4512629e+02
   6.5658123e+02   2.7531583e+02   2.2385191e+03   1.3943157e+03   4.4924318e+00   2.3192634e+00   1.4447073e+02
   6.6026968e+02   2.7557563e+02   2.2367999e+03   1.3942987e+03   4.4924591e+00   2.3192775e+00   1.4371638e+02
   6.6395813e+02   2.7586409e+02   2.2350810e+03   1.3942798e+03   4.4924895e+00   2.3192932e+00   1.4288512e+02
   6.6764658e+02   2.7615254e+02   2.2333626e+03   1.3942609e+03   4.4925200e+00   2.3193089e+00   1.4206039e+02
   6.7133502e+02   2.7644099e+02   2.2316445e+03   1.3942421e+03   4.4925504e+00   2.3193246e+00   1.4124213e+02
   6.7502347e+02   2.7672944e+02   2.2299267e+03   1.3942232e+03   4.4925808e+00   2.3193403e+00   1.4043027e+02
   6.7871192e+02   2.7701790e+02   2.2282094e+03   1.3942043e+03   4.4926112e+00   2.3193560e+00   1.3962476e+02
   6.8240037e+02   2.7730635e+02   2.2264924e+03   1.3941854e+03   4.4926417e+00   2.3193718e+00   1.3882552e+02
   6.8608882e+02   2.7758704e+02   2.2247759e+03   1.3941670e+03   4.4926713e+00   2.3193871e+00   1.3805377e+02
   6.8977726e+02   2.7786424e+02   2.2230597e+03   1.3941489e+03   4.4927005e+00   2.3194022e+00   1.3729735e+02
   6.9346571e+02   2.7814143e+02   2.2213439e+03   1.3941307e+03   4.4927298e+00   2.3194173e+00   1.3654657e+02
   6.9715416e+02   2.7841863e+02   2.2196285e+03   1.3941125e+03   4.4927591e+00   2.3194324e+00   1.3580137e+02
   7.0084261e+02   2.7869583e+02   2.2179136e+03   1.3940944e+03   4.4927884e+00   2.3194475e+00   1.3506172e+02
   7.0453105e+02   2.7897303e+02   2.2161990e+03   1.3940762e+03   4.4928176e+00   2.3194626e+00   1.3432755e+02
   7.0821950e+02   2.7925023e+02   2.2144848e+03   1.3940580e+03   4.4928469e+00   2.3194777e+00   1.3359881e+02
   7.1190795e+02   2.7951882e+02   2.2127710e+03   1.3940404e+03   4.4928753e+00   2.3194924e+00   1.3289783e+02
   7.1559640e+02   2.7978561e+02   2.2110576e+03   1.3940229e+03   4.4929035e+00   2.3195069e+00   1.3220654e+02
   7.1928484e+02   2.8005239e+02   2.2093447e+03   1.3940054e+03   4.4929317e+00   2.3195215e+00   1.3152015e+02
   7.2297329e+02   2.8031918e+02   2.2076321e+03   1.3939879e+03   4.4929599e+00   2.3195361e+00   1.3083862e+02
   7.2666174e+02   2.8058596e+02   2.2059200e+03   1.3939704e+03   4.4929881e+00   2.3195506e+00   1.3016191e+02
   7.3035019e+02   2.8085275e+02   2.2042083e+03   1.3939529e+03   4.4930164e+00   2.3195652e+00   1.2948998e+02
   7.3403863e+02   2.8111953e+02   2.2024970e+03   1.3939354e+03   4.4930446e+00   2.3195798e+00   1.2882277e+02
   7.3772708e+02   2.8137704e+02   2.2007861e+03   1.3939185e+03   4.4930718e+00   2.3195938e+00   1.2818321e+02
   7.4141553e+02   2.8163419e+02   2.1990757e+03   1.3939016e+03   4.4930990e+00   2.3196079e+00   1.2754888e+02
   7.4510398e+02   2.8189134e+02   2.1973657e+03   1.3938847e+03   4.4931263e+00   2.3196219e+00   1.2691883e+02
   7.4879243e+02   2.8214849e+02   2.1956561e+03   1.3938678e+03   4.4931535e+00   2.3196360e+00   1.2629304e+02
   7.5248087e+02   2.8240564e+02   2.1939469e+03   1.3938509e+03   4.4931807e+00   2.3196501e+00   1.2567146e+02
   7.5616932e+02   2.8266280e+02   2.1922382e+03   1.3938340e+03   4.4932079e+00   2.3196641e+00   1.2505406e+02
   7.5985777e+02   2.8291907e+02   2.1905300e+03   1.3938172e+03   4.4932351e+00   2.3196781e+00   1.2444290e+02
   7.6354622e+02   2.8316731e+02   2.1888221e+03   1.3938009e+03   4.4932614e+00   2.3196917e+00   1.2385479e+02
   7.6723466e+02   2.8341555e+02   2.1871147e+03   1.3937845e+03   4.4932877e+00   2.3197053e+00   1.2327049e+02
   7.7092311e+02   2.8366379e+02   2.1854078e+03   1.3937682e+03   4.4933140e+00   2.3197188e+00   1.2268995e+02
   7.7461156e+02   2.8391203e+02   2.1837013e+03   1.3937519e+03   4.4933403e+00   2.3197324e+00   1.2211316e+02
   7.7830001e+02   2.8416027e+02   2.1819953e+03   1.3937356e+03   4.4933666e+00   2.3197460e+00   1.2154007e+02
   7.8198845e+02   2.8440851e+02   2.1802897e+03   1.3937193e+03   4.4933929e+00   2.3197596e+00   1.2097068e+02
   7.8567690e+02   2.8465481e+02   2.1785846e+03   1.3937031e+03   4.4934190e+00   2.3197731e+00   1.2040933e+02
   7.8936535e+02   2.8489481e+02   2.1768799e+03   1.3936873e+03   4.4934445e+00   2.3197862e+00   1.1986577e+02
   7.9305380e+02   2.8513482e+02   2.1751757e+03   1.3936715e+03   4.4934699e+00   2.3197994e+00   1.1932558e+02
   7.9674224e+02   2.8537482e+02   2.1734719e+03   1.3936557e+03   4.4934954e+00   2.3198125e+00   1.1878873e+02
   8.0043069e+02   2.8561482e+02   2.1717687e+03   1.3936399e+03   4.4935208e+00   2.3198256e+00   1.1825518e+02
   8.0411914e+02   2.8585483e+02   2.1700659e+03   1.3936241e+03   4.4935463e+00   2.3198388e+00   1.1772492e+02
   8.0780759e+02   2.8609483e+02   2.1683635e+03   1.3936083e+03   4.4935717e+00   2.3198519e+00   1.1719793e+02
   8.1149603e+02   2.8633201e+02   2.1666617e+03   1.3935927e+03   4.4935969e+00   2.3198649e+00   1.1668031e+02
   8.1518448e+02   2.8656441e+02   2.1649603e+03   1.3935774e+03   4.4936216e+00   2.3198777e+00   1.1617618e+02
   8.1887293e+02   2.8679680e+02   2.1632594e+03   1.3935621e+03   4.4936462e+00   2.3198904e+00   1.1567503e+02
   8.2256138e+02   2.8702920e+02   2.1615590e+03   1.3935468e+03   4.4936709e+00   2.3199031e+00   1.1517686e+02
   8.2624983e+02   2.8726160e+02   2.1598591e+03   1.3935315e+03   4.4936956e+00   2.3199159e+00   1.1468163e+02
   8.2993827e+02   2.8749400e+02   2.1581596e+03   1.3935162e+03   4.4937203e+00   2.3199286e+00   1.1418932e+02
   8.3362672e+02   2.8772639e+02   2.1564607e+03   1.3935009e+03   4.4937449e+00   2.3199413e+00   1.1369992e+02
   8.3731517e+02   2.8795523e+02   2.1547622e+03   1.3934858e+03   4.4937692e+00   2.3199539e+00   1.1322084e+02
   8.4100362e+02   2.8818061e+02   2.1530642e+03   1.3934710e+03   4.4937932e+00   2.3199662e+00   1.1275170e+02
   8.4469206e+02   2.8840599e+02   2.1513668e+03   1.3934561e+03   4.4938171e+00   2.3199786e+00   1.1228523e+02
   8.4838051e+02   2.8863137e+02   2.1496698e+03   1.3934413e+03   4.4938411e+00   2.3199910e+00   1.1182142e+02
   8.5206896e+02   2.8885675e+02   2.1479733e+03   1.3934264e+03   4.4938650e+00   2.3200033e+00   1.1136024e+02
   8.5575741e+02   2.8908213e+02   2.1462774e+03   1.3934116e+03   4.4938890e+00   2.3200157e+00   1.1090168e+02
   8.5944585e+02   2.8930751e+02   2.1445819e+03   1.3933967e+03   4.4939129e+00   2.3200281e+00   1.1044572e+02
   8.6313430e+02   2.8952872e+02   2.1428870e+03   1.3933822e+03   4.4939364e+00   2.3200402e+00   1.1000069e+02
   8.6682275e+02   2.8974764e+02   2.1411926e+03   1.3933677e+03   4.4939597e+00   2.3200522e+00   1.0956272e+02
   8.7051120e+02   2.8996656e+02   2.1394987e+03   1.3933533e+03   4.4939830e+00   2.3200642e+00   1.0912715e+02
   8.7419964e+02   2.9018547e+02   2.1378053e+03   1.3933389e+03   4.4940063e+00   2.3200762e+00   1.0869396e+02
   8.7788809e+02   2.9040439e+02   2.1361124e+03   1.3933244e+03   4.4940295e+00   2.3200883e+00   1.0826314e+02
   8.8157654e+02   2.9062330e+02   2.1344201e+03   1.3933100e+03   4.4940528e+00   2.3201003e+00   1.0783468e+02
   8.8526499e+02   2.9084222e+02   2.1327282e+03   1.3932955e+03   4.4940761e+00   2.3201123e+00   1.0740856e+02
   8.8895344e+02   2.9105650e+02   2.1310369e+03   1.3932814e+03   4.4940989e+00   2.3201241e+00   1.0699370e+02
   8.9264188e+02   2.9126947e+02   2.1293462e+03   1.3932674e+03   4.4941216e+00   2.3201358e+00   1.0658357e+02
   8.9633033e+02   2.9148244e+02   2.1276560e+03   1.3932533e+03   4.4941442e+00   2.3201475e+00   1.0617561e+02
   9.0001878e+02   2.9169541e+02   2.1259663e+03   1.3932393e+03   4.4941669e+00   2.3201592e+00   1.0576980e+02
   9.0370723e+02   2.9190838e+02   2.1242771e+03   1.3932252e+03   4.4941895e+00   2.3201709e+00   1.0536613e+02
   9.0739567e+02   2.9212135e+02   2.1225885e+03   1.3932112e+03   4.4942122e+00   2.3201826e+00   1.0496459e+02
   9.1108412e+02   2.9233432e+02   2.1209005e+03   1.3931971e+03   4.4942349e+00   2.3201943e+00   1.0456516e+02
   9.1477257e+02   2.9254229e+02   2.1192129e+03   1.3931834e+03   4.4942570e+00   2.3202057e+00   1.0417713e+02
   9.1846102e+02   2.9274980e+02   2.1175260e+03   1.3931697e+03   4.4942791e+00   2.3202171e+00   1.0379193e+02
   9.2214946e+02   2.9295732e+02   2.1158396e+03   1.3931560e+03   4.4943012e+00   2.3202285e+00   1.0340870e+02
   9.2583791e+02   2.9316483e+02   2.1141537e+03   1.3931423e+03   4.4943233e+00   2.3202399e+00   1.0302743e+02
   9.2952636e+02   2.9337235e+02   2.1124684e+03   1.3931286e+03   4.4943454e+00   2.3202513e+00   1.0264810e+02
   9.3321481e+02   2.9357986e+02   2.1107837e+03   1.3931149e+03   4.4943675e+00   2.3202627e+00   1.0227070e+02
   9.3690325e+02   2.9378711e+02   2.1090995e+03   1.3931012e+03   4.4943896e+00   2.3202741e+00   1.0189569e+02
   9.4059170e+02   2.9398963e+02   2.1074159e+03   1.3930878e+03   4.4944111e+00   2.3202853e+00   1.0153108e+02
   9.4428015e+02   2.9419214e+02   2.1057328e+03   1.3930744e+03   4.4944327e+00   2.3202964e+00   1.0116828e+02
   9.4796860e+02   2.9439466e+02   2.1040503e+03   1.3930611e+03   4.4944543e+00   2.3203076e+00   1.0080727e+02
   9.5165704e+02   2.9459718e+02   2.1023684e+03   1.3930477e+03   4.4944759e+00   2.3203187e+00   1.0044804e+02
   9.5534549e+02   2.9479970e+02   2.1006871e+03   1.3930343e+03   4.4944975e+00   2.3203298e+00   1.0009058e+02
   9.5903394e+02   2.9500221e+02   2.0990063e+03   1.3930209e+03   4.4945190e+00   2.3203410e+00   9.9734884e+01
   9.6272239e+02   2.9520387e+02   2.0973262e+03   1.3930076e+03   4.4945405e+00   2.3203521e+00   9.9382441e+01
   9.6641084e+02   2.9540182e+02   2.0956466e+03   1.3929945e+03   4.4945616e+00   2.3203630e+00   9.9038142e+01
   9.7009928e+02   2.9559977e+02   2.0939676e+03   1.3929814e+03   4.4945827e+00   2.3203739e+00   9.8695495e+01
   9.7378773e+02   2.9579773e+02   2.0922892e+03   1.3929684e+03   4.4946038e+00   2.3203848e+00   9.8354490e+01
   9.7747618e+02   2.9599568e+02   2.0906113e+03   1.3929553e+03   4.4946250e+00   2.3203957e+00   9.8015117e+01
   9.8116463e+02   2.9619364e+02   2.0889341e+03   1.3929422e+03   4.4946461e+00   2.3204066e+00   9.7677366e+01
   9.8485307e+02   2.9639159e+02   2.0872575e+03   1.3929291e+03   4.4946672e+00   2.3204175e+00   9.7341228e+01
   9.8854152e+02   2.9658819e+02   2.0855814e+03   1.3929161e+03   4.4946881e+00   2.3204283e+00   9.7008972e+01
   9.9222997e+02   2.9678199e+02   2.0839060e+03   1.3929033e+03   4.4947088e+00   2.3204390e+00   9.6682991e+01
   9.9591842e+02   2.9697579e+02   2.0822311e+03   1.3928905e+03   4.4947295e+00   2.3204496e+00   9.6358530e+01
   9.9960686e+02   2.9716959e+02   2.0805569e+03   1.3928777e+03   4.4947502e+00   2.3204603e+00   9.6035578e+01
   1.0032953e+03   2.9736339e+02   2.0788833e+03   1.3928649e+03   4.4947708e+00   2.3204710e+00   9.5714127e+01
   1.0069838e+03   2.9755718e+02   2.0772103e+03   1.3928520e+03   4.4947915e+00   2.3204816e+00   9.5394170e+01
   1.0106722e+03   2.9775098e+02   2.0755379e+03   1.3928392e+03   4.4948122e+00   2.3204923e+00   9.5075696e+01
   1.0143607e+03   2.9794304e+02   2.0738661e+03   1.3928265e+03   4.4948327e+00   2.3205029e+00   9.4761536e+01
   1.0180491e+03   2.9813307e+02   2.0721949e+03   1.3928140e+03   4.4948530e+00   2.3205134e+00   9.4452114e+01
   1.0217375e+03   2.9832310e+02   2.0705244e+03   1.3928014e+03   4.4948733e+00   2.3205238e+00   9.4144094e+01
   1.0254260e+03   2.9851313e+02   2.0688545e+03   1.3927888e+03   4.4948935e+00   2.3205343e+00   9.3837469e+01
   1.0291144e+03   2.9870316e+02   2.0671852e+03   1.3927762e+03   4.4949138e+00   2.3205448e+00   9.3532231e+01
   1.0328029e+03   2.9889319e+02   2.0655165e+03   1.3927637e+03   4.4949341e+00   2.3205553e+00   9.3228373e+01
   1.0364913e+03   2.9908322e+02   2.0638485e+03   1.3927511e+03   4.4949544e+00   2.3205657e+00   9.2925885e+01
   1.0401798e+03   2.9927122e+02   2.0621811e+03   1.3927387e+03   4.4949745e+00   2.3205761e+00   9.2627979e+01
   1.0438682e+03   2.9945784e+02   2.0605143e+03   1.3927263e+03   4.4949944e+00   2.3205864e+00   9.2333555e+01
   1.0475567e+03   2.9964447e+02   2.0588482e+03   1.3927140e+03   4.4950143e+00   2.3205967e+00   9.2040432e+01
   1.0512451e+03   2.9983110e+02   2.0571827e+03   1.3927016e+03   4.4950343e+00   2.3206070e+00   9.1748602e+01
   1.0549336e+03   3.0001772e+02   2.0555179e+03   1.3926893e+03   4.4950542e+00   2.3206173e+00   9.1458059e+01
   1.0586220e+03   3.0020435e+02   2.0538537e+03   1.3926769e+03   4.4950741e+00   2.3206276e+00   9.1168796e+01
   1.0623105e+03   3.0039097e+02   2.0521902e+03   1.3926645e+03   4.4950941e+00   2.3206379e+00   9.0880805e+01
   1.0659989e+03   3.0057535e+02   2.0505273e+03   1.3926523e+03   4.4951138e+00   2.3206480e+00   9.0597523e+01
   1.0696874e+03   3.0075892e+02   2.0488650e+03   1.3926402e+03   4.4951334e+00   2.3206581e+00   9.0316710e+01
   1.0733758e+03   3.0094249e+02   2.0472035e+03   1.3926280e+03   4.4951530e+00   2.3206683e+00   9.0037109e+01
   1.0770643e+03   3.0112606e+02   2.0455426e+03   1.3926159e+03   4.4951726e+00   2.3206784e+00   8.9758713e+01
   1.0807527e+03   3.0130962e+02   2.0438823e+03   1.3926037e+03   4.4951923e+00   2.3206885e+00   8.9481516e+01
   1.0844412e+03   3.0149319e+02   2.0422227e+03   1.3925916e+03   4.4952119e+00   2.3206987e+00   8.9205510e+01
   1.0881296e+03   3.0167676e+02   2.0405638e+03   1.3925794e+03   4.4952315e+00   2.3207088e+00   8.8930690e+01
   1.0918181e+03   3.0185795e+02   2.0389055e+03   1.3925674e+03   4.4952509e+00   2.3207188e+00   8.8660587e+01
   1.0955065e+03   3.0203878e+02   2.0372479e+03   1.3925554e+03   4.4952702e+00   2.3207288e+00   8.8392152e+01
   1.0991950e+03   3.0221962e+02   2.0355910e+03   1.3925435e+03   4.4952895e+00   2.3207387e+00   8.8124849e+01
   1.1028834e+03   3.0240045e+02   2.0339348e+03   1.3925315e+03   4.4953089e+00   2.3207487e+00   8.7858672e+01
   1.1065718e+03   3.0258129e+02   2.0322792e+03   1.3925195e+03   4.4953282e+00   2.3207587e+00   8.7593617e+01
   1.1102603e+03   3.0276212e+02   2.0306244e+03   1.3925075e+03   4.4953475e+00   2.3207687e+00   8.7329676e+01
   1.1139487e+03   3.0294294e+02   2.0289702e+03   1.3924955e+03   4.4953669e+00   2.3207787e+00   8.7066868e+01
   1.1176372e+03   3.0312135e+02   2.0273167e+03   1.3924837e+03   4.4953860e+00   2.3207885e+00   8.6808638e+01
   1.1213256e+03   3.0329976e+02   2.0256639e+03   1.3924719e+03   4.4954050e+00   2.3207984e+00   8.6551477e+01
   1.1250141e+03   3.0347817e+02   2.0240117e+03   1.3924601e+03   4.4954241e+00   2.3208082e+00   8.6295379e+01
   1.1287025e+03   3.0365659e+02   2.0223603e+03   1.3924482e+03   4.4954432e+00   2.3208181e+00   8.6040339e+01
   1.1323910e+03   3.0383500e+02   2.0207096e+03   1.3924364e+03   4.4954623e+00   2.3208279e+00   8.5786350e+01
   1.1360794e+03   3.0401341e+02   2.0190596e+03   1.3924246e+03   4.4954814e+00   2.3208378e+00   8.5533408e+01
   1.1397679e+03   3.0419152e+02   2.0174102e+03   1.3924128e+03   4.4955004e+00   2.3208476e+00   8.5281936e+01
   1.1434563e+03   3.0436780e+02   2.0157616e+03   1.3924011e+03   4.4955193e+00   2.3208574e+00   8.5034057e+01
   1.1471448e+03   3.0454408e+02   2.0141137e+03   1.3923894e+03   4.4955382e+00   2.3208671e+00   8.4787185e+01
   1.1508332e+03   3.0472037e+02   2.0124665e+03   1.3923777e+03   4.4955570e+00   2.3208769e+00   8.4541313e+01
   1.1545217e+03   3.0489665e+02   2.0108200e+03   1.3923660e+03   4.4955759e+00   2.3208866e+00   8.4296438e+01
   1.1582101e+03   3.0507293e+02   2.0091742e+03   1.3923544e+03   4.4955948e+00   2.3208963e+00   8.4052554e+01
   1.1618986e+03   3.0524921e+02   2.0075291e+03   1.3923427e+03   4.4956136e+00   2.3209061e+00   8.3809656e+01
   1.1655870e+03   3.0542498e+02   2.0058848e+03   1.3923310e+03   4.4956325e+00   2.3209158e+00   8.3568447e+01
   1.1692755e+03   3.0559941e+02   2.0042412e+03   1.3923194e+03   4.4956511e+00   2.3209254e+00   8.3330029e+01
   1.1729639e+03   3.0577384e+02   2.0025983e+03   1.3923079e+03   4.4956698e+00   2.3209351e+00   8.3092562e+01
   1.1766524e+03   3.0594827e+02   2.0009561e+03   1.3922963e+03   4.4956885e+00   2.3209447e+00   8.2856041e+01
   1.1803408e+03   3.0612270e+02   1.9993147e+03   1.3922847e+03   4.4957072e+00   2.3209544e+00   8.2620462e+01
   1.1840292e+03   3.0629713e+02   1.9976740e+03   1.3922732e+03   4.4957258e+00   2.3209640e+00   8.2385819e+01
   1.1877177e+03   3.0647156e+02   1.9960340e+03   1.3922616e+03   4.4957445e+00   2.3209736e+00   8.2152109e+01
   1.1914061e+03   3.0664534e+02   1.9943947e+03   1.3922501e+03   4.4957631e+00   2.3209832e+00   8.1920205e+01
   1.1950946e+03   3.0681818e+02   1.9927562e+03   1.3922386e+03   4.4957816e+00   2.3209928e+00   8.1690448e+01
   1.1987830e+03   3.0699102e+02   1.9911185e+03   1.3922271e+03   4.4958002e+00   2.3210024e+00   8.1461593e+01
   1.2024715e+03   3.0716387e+02   1.9894815e+03   1.3922157e+03   4.4958187e+00   2.3210119e+00   8.1233636e+01
   1.2061599e+03   3.0733671e+02   1.9878452e+03   1.3922042e+03   4.4958372e+00   2.3210215e+00   8.1006571e+01
   1.2098484e+03   3.0750956e+02   1.9862097e+03   1.3921927e+03   4.4958557e+00   2.3210310e+00   8.0780396e+01
   1.2135368e+03   3.0768240e+02   1.9845749e+03   1.3921813e+03   4.4958742e+00   2.3210406e+00   8.0555105e+01
   1.2172253e+03   3.0785451e+02   1.9829409e+03   1.3921699e+03   4.4958927e+00   2.3210501e+00   8.0331649e+01
   1.2209137e+03   3.0802602e+02   1.9813077e+03   1.3921585e+03   4.4959110e+00   2.3210596e+00   8.0109835e+01
   1.2246022e+03   3.0819752e+02   1.9796752e+03   1.3921471e+03   4.4959294e+00   2.3210691e+00   7.9888879e+01
   1.2282906e+03   3.0836903e+02   1.9780434e+03   1.3921357e+03   4.4959478e+00   2.3210786e+00   7.9668778e+01
   1.2319791e+03   3.0854054e+02   1.9764125e+03   1.3921243e+03   4.4959662e+00   2.3210881e+00   7.9449526e+01
   1.2356675e+03   3.0871205e+02   1.9747822e+03   1.3921129e+03   4.4959846e+00   2.3210976e+00   7.9231120e+01
   1.2393560e+03   3.0888356e+02   1.9731528e+03   1.3921016e+03   4.4960029e+00   2.3211071e+00   7.9013557e+01
   1.2430444e+03   3.0905431e+02   1.9715241e+03   1.3920902e+03   4.4960212e+00   2.3211165e+00   7.8797783e+01
   1.2467329e+03   3.0922472e+02   1.9698962e+03   1.3920789e+03   4.4960395e+00   2.3211259e+00   7.8583265e+01
   1.2504213e+03   3.0939513e+02   1.9682691e+03   1.3920676e+03   4.4960578e+00   2.3211354e+00   7.8369567e+01
   1.2541098e+03   3.0956555e+02   1.9666428e+03   1.3920563e+03   4.4960760e+00   2.3211448e+00   7.8156684e+01
   1.2577982e+03   3.0973596e+02   1.9650172e+03   1.3920450e+03   4.4960943e+00   2.3211542e+00   7.7944613e+01
   1.2614866e+03   3.0990637e+02   1.9633925e+03   1.3920337e+03   4.4961126e+00   2.3211637e+00   7.7733349e+01
   1.2651751e+03   3.1007678e+02   1.9617685e+03   1.3920223e+03   4.4961309e+00   2.3211731e+00   7.7522890e+01
   1.2688635e+03   3.1024648e+02   1.9601453e+03   1.3920111e+03   4.4961491e+00   2.3211825e+00   7.7314110e+01
   1.2725520e+03   3.1041602e+02   1.9585229e+03   1.3919998e+03   4.4961672e+00   2.3211919e+00   7.7106306e+01
   1.2762404e+03   3.1058556e+02   1.9569012e+03   1.3919886e+03   4.4961854e+00   2.3212013e+00   7.6899287e+01
   1.2799289e+03   3.1075510e+02   1.9552804e+03   1.3919773e+03   4.4962036e+00   2.3212107e+00   7.6693049e+01
   1.2836173e+03   3.1092465e+02   1.9536604e+03   1.3919660e+03   4.4962218e+00   2.3212200e+00   7.6487588e+01
   1.2873058e+03   3.1109419e+02   1.9520412e+03   1.3919548e+03   4.4962400e+00   2.3212294e+00   7.6282901e+01
   1.2909942e+03   3.1126373e+02   1.9504227e+03   1.3919435e+03   4.4962582e+00   2.3212388e+00   7.6078983e+01
   1.2946827e+03   3.1143265e+02   1.9488051e+03   1.3919323e+03   4.4962763e+00   2.3212482e+00   7.5876580e+01
   1.2983711e+03   3.1160154e+02   1.9471883e+03   1.3919211e+03   4.4962944e+00   2.3212575e+00   7.5674966e+01
   1.3020596e+03   3.1177043e+02   1.9455723e+03   1.3919099e+03   4.4963125e+00   2.3212669e+00   7.5474104e+01
   1.3057480e+03   3.1193932e+02   1.9439571e+03   1.3918986e+03   4.4963307e+00   2.3212762e+00   7.5273993e+01
   1.3094365e+03   3.1210821e+02   1.9423427e+03   1.3918874e+03   4.4963488e+00   2.3212856e+00   7.5074627e+01
   1.3131249e+03   3.1227710e+02   1.9407292e+03   1.3918762e+03   4.4963669e+00   2.3212950e+00   7.4876004e+01
   1.3168134e+03   3.1244595e+02   1.9391164e+03   1.3918650e+03   4.4963850e+00   2.3213043e+00   7.4678172e+01
   1.3205018e+03   3.1261439e+02   1.9375045e+03   1.3918538e+03   4.4964031e+00   2.3213136e+00   7.4481542e+01
   1.3241903e+03   3.1278284e+02   1.9358934e+03   1.3918426e+03   4.4964212e+00   2.3213230e+00   7.4285642e+01
   1.3278787e+03   3.1295128e+02   1.9342831e+03   1.3918314e+03   4.4964393e+00   2.3213323e+00   7.4090467e+01
   1.3315672e+03   3.1311973e+02   1.9326737e+03   1.3918202e+03   4.4964573e+00   2.3213416e+00   7.3896013e+01
   1.3352556e+03   3.1328818e+02   1.9310651e+03   1.3918090e+03   4.4964754e+00   2.3213510e+00   7.3702279e+01
   1.3389440e+03   3.1345662e+02   1.9294573e+03   1.3917978e+03   4.4964935e+00   2.3213603e+00   7.3509259e+01
   1.3426325e+03   3.1362501e+02   1.9278504e+03   1.3917866e+03   4.4965116e+00   2.3213696e+00   7.3317017e+01
   1.3463209e+03   3.1379321e+02   1.9262443e+03   1.3917755e+03   4.4965296e+00   2.3213790e+00   7.3125699e+01
   1.3500094e+03   3.1396141e+02   1.9246390e+03   1.3917643e+03   4.4965477e+00   2.3213883e+00   7.2935083e+01
   1.3536978e+03   3.1412961e+02   1.9230346e+03   1.3917531e+03   4.4965658e+00   2.3213976e+00   7.2745168e+01
   1.3573863e+03   3.1429781e+02   1.9214310e+03   1.3917419e+03   4.4965838e+00   2.3214069e+00   7.2555950e+01
   1.3610747e+03   3.1446601e+02   1.9198283e+03   1.3917307e+03   4.4966019e+00   2.3214163e+00   7.2367426e+01
   1.3647632e+03   3.1463420e+02   1.9182264e+03   1.3917196e+03   4.4966199e+00   2.3214256e+00   7.2179592e+01
   1.3684516e+03   3.1480238e+02   1.9166254e+03   1.3917084e+03   4.4966380e+00   2.3214349e+00   7.1992469e+01
   1.3721401e+03   3.1497052e+02   1.9150252e+03   1.3916972e+03   4.4966561e+00   2.3214442e+00   7.1806071e+01
   1.3758285e+03   3.1513867e+02   1.9134259e+03   1.3916860e+03   4.4966741e+00   2.3214536e+00   7.1620353e+01
   1.3795170e+03   3.1530681e+02   1.9118274e+03   1.3916748e+03   4.4966922e+00   2.3214629e+00   7.1435312e+01
   1.3832054e+03   3.1547495e+02   1.9102298e+03   1.3916637e+03   4.4967102e+00   2.3214722e+00   7.1250946e+01
   1.3868939e+03   3.1564309e+02   1.9086331e+03   1.3916525e+03   4.4967283e+00   2.3214815e+00   7.1067252e+01
   1.3905823e+03   3.1581123e+02   1.9070372e+03   1.3916413e+03   4.4967464e+00   2.3214909e+00   7.0884226e+01
   1.3942708e+03   3.1597944e+02   1.9054422e+03   1.3916301e+03   4.4967644e+00   2.3215002e+00   7.0701798e+01
   1.3979592e+03   3.1614771e+02   1.9038481e+03   1.3916189e+03   4.4967825e+00   2.3215095e+00   7.0519965e+01
   1.4016477e+03   3.1631597e+02   1.9022548e+03   1.3916077e+03   4.4968006e+00   2.3215189e+00   7.0338793e+01
   1.4053361e+03   3.1648424e+02   1.9006624e+03   1.3915965e+03   4.4968187e+00   2.3215282e+00   7.0158279e+01
   1.4090246e+03   3.1665251e+02   1.8990709e+03   1.3915854e+03   4.4968368e+00   2.3215375e+00   6.9978419e+01
   1.4127130e+03   3.1682077e+02   1.8974803e+03   1.3915742e+03   4.4968548e+00   2.3215469e+00   6.9799210e+01
   1.4164014e+03   3.1698904e+02   1.8958905e+03   1.3915630e+03   4.4968729e+00   2.3215562e+00   6.9620650e+01
   1.4200899e+03   3.1715750e+02   1.8943017e+03   1.3915518e+03   4.4968910e+00   2.3215655e+00   6.9442532e+01
   1.4237783e+03   3.1732606e+02   1.8927137e+03   1.3915406e+03   4.4969091e+00   2.3215749e+00   6.9264947e+01
   1.4274668e+03   3.1749463e+02   1.8911266e+03   1.3915293e+03   4.4969273e+00   2.3215842e+00   6.9088003e+01
   1.4311552e+03   3.1766319e+02   1.8895404e+03   1.3915181e+03   4.4969454e+00   2.3215936e+00   6.8911698e+01
   1.4348437e+03   3.1783176e+02   1.8879551e+03   1.3915069e+03   4.4969635e+00   2.3216030e+00   6.8736029e+01
   1.4385321e+03   3.1800032e+02   1.8863707e+03   1.3914957e+03   4.4969816e+00   2.3216123e+00   6.8560994e+01
   1.4422206e+03   3.1816889e+02   1.8847871e+03   1.3914845e+03   4.4969997e+00   2.3216217e+00   6.8386590e+01
   1.4459090e+03   3.1833782e+02   1.8832045e+03   1.3914732e+03   4.4970179e+00   2.3216310e+00   6.8212439e+01
   1.4495975e+03   3.1850685e+02   1.8816228e+03   1.3914620e+03   4.4970361e+00   2.3216404e+00   6.8038809e+01
   1.4532859e+03   3.1867588e+02   1.8800420e+03   1.3914508e+03   4.4970542e+00   2.3216498e+00   6.7865805e+01
   1.4569744e+03   3.1884491e+02   1.8784621e+03   1.3914395e+03   4.4970724e+00   2.3216592e+00   6.7693424e+01
   1.4606628e+03   3.1901395e+02   1.8768831e+03   1.3914283e+03   4.4970906e+00   2.3216686e+00   6.7521662e+01
   1.4643513e+03   3.1918298e+02   1.8753050e+03   1.3914170e+03   4.4971088e+00   2.3216780e+00   6.7350518e+01
   1.4680397e+03   3.1935201e+02   1.8737278e+03   1.3914058e+03   4.4971269e+00   2.3216873e+00   6.7179988e+01
   1.4717282e+03   3.1952162e+02   1.8721516e+03   1.3913945e+03   4.4971452e+00   2.3216968e+00   6.7009493e+01
   1.4754166e+03   3.1969128e+02   1.8705762e+03   1.3913832e+03   4.4971634e+00   2.3217062e+00   6.6839557e+01
   1.4791051e+03   3.1986094e+02   1.8690018e+03   1.3913719e+03   4.4971817e+00   2.3217156e+00   6.6670231e+01
   1.4827935e+03   3.2003060e+02   1.8674283e+03   1.3913606e+03   4.4971999e+00   2.3217250e+00   6.6501514e+01
   1.4864820e+03   3.2020026e+02   1.8658557e+03   1.3913493e+03   4.4972182e+00   2.3217344e+00   6.6333402e+01
   1.4901704e+03   3.2036992e+02   1.8642841e+03   1.3913380e+03   4.4972364e+00   2.3217439e+00   6.6165891e+01
   1.4938588e+03   3.2053962e+02   1.8627133e+03   1.3913267e+03   4.4972547e+00   2.3217533e+00   6.5998942e+01
   1.4975473e+03   3.2071006e+02   1.8611435e+03   1.3913154e+03   4.4972730e+00   2.3217627e+00   6.5831861e+01
   1.5012357e+03   3.2088051e+02   1.8595747e+03   1.3913040e+03   4.4972914e+00   2.3217722e+00   6.5665381e+01
   1.5049242e+03   3.2105095e+02   1.8580067e+03   1.3912927e+03   4.4973097e+00   2.3217817e+00   6.5499497e+01
   1.5086126e+03   3.2122140e+02   1.8564397e+03   1.3912813e+03   4.4973280e+00   2.3217911e+00   6.5334208e+01
   1.5123011e+03   3.2139184e+02   1.8548737e+03   1.3912700e+03   4.4973464e+00   2.3218006e+00   6.5169511e+01
   1.5159895e+03   3.2156229e+02   1.8533086e+03   1.3912587e+03   4.4973647e+00   2.3218101e+00   6.5005402e+01
   1.5196780e+03   3.2173291e+02   1.8517444e+03   1.3912473e+03   4.4973831e+00   2.3218196e+00   6.4841713e+01
   1.5233664e+03   3.2190428e+02   1.8501812e+03   1.3912359e+03   4.4974015e+00   2.3218291e+00   6.4677884e+01
   1.5270549e+03   3.2207566e+02   1.8486189e+03   1.3912245e+03   4.4974199e+00   2.3218386e+00   6.4514642e+01
   1.5307433e+03   3.2224704e+02   1.8470576e+03   1.3912131e+03   4.4974384e+00   2.3218481e+00   6.4351986e+01
   1.5344318e+03   3.2241842e+02   1.8454972e+03   1.3912017e+03   4.4974568e+00   2.3218576e+00   6.4189912e+01
   1.5381202e+03   3.2258980e+02   1.8439377e+03   1.3911902e+03   4.4974753e+00   2.3218672e+00   6.4028417e+01
   1.5418087e+03   3.2276118e+02   1.8423793e+03   1.3911788e+03   4.4974937e+00   2.3218767e+00   6.3867500e+01
   1.5454971e+03   3.2293291e+02   1.8408218e+03   1.3911674e+03   4.4975122e+00   2.3218862e+00   6.3706831e+01
   1.5491856e+03   3.2310537e+02   1.8392652e+03   1.3911559e+03   4.4975308e+00   2.3218958e+00   6.3546056e+01
   1.5528740e+03   3.2327783e+02   1.8377096e+03   1.3911444e+03   4.4975493e+00   2.3219054e+00   6.3385858e+01
   1.5565625e+03   3.2345029e+02   1.8361550e+03   1.3911329e+03   4.4975679e+00   2.3219150e+00   6.3226233e+01
   1.5602509e+03   3.2362274e+02   1.8346013e+03   1.3911215e+03   4.4975865e+00   2.3219246e+00   6.3067181e+01
   1.5639394e+03   3.2379520e+02   1.8330486e+03   1.3911100e+03   4.4976050e+00   2.3219342e+00   6.2908697e+01
   1.5676278e+03   3.2396766e+02   1.8314969e+03   1.3910985e+03   4.4976236e+00   2.3219437e+00   6.2750779e+01
   1.5713162e+03   3.2414068e+02   1.8299461e+03   1.3910870e+03   4.4976422e+00   2.3219534e+00   6.2592914e+01
   1.5750047e+03   3.2431437e+02   1.8283964e+03   1.3910754e+03   4.4976609e+00   2.3219630e+00   6.2435014e+01
   1.5786931e+03   3.2448805e+02   1.8268475e+03   1.3910638e+03   4.4976796e+00   2.3219727e+00   6.2277681e+01
   1.5823816e+03   3.2466173e+02   1.8252997e+03   1.3910523e+03   4.4976983e+00   2.3219823e+00   6.2120913e+01
   1.5860700e+03   3.2483541e+02   1.8237529e+03   1.3910407e+03   4.4977170e+00   2.3219920e+00   6.1964706e+01
   1.5897585e+03   3.2500909e+02   1.8222070e+03   1.3910291e+03   4.4977357e+00   2.3220016e+00   6.1809058e+01
   1.5934469e+03   3.2518277e+02   1.8206621e+03   1.3910176e+03   4.4977544e+00   2.3220113e+00   6.1653967e+01
   1.5971354e+03   3.2535726e+02   1.8191182e+03   1.3910059e+03   4.4977732e+00   2.3220210e+00   6.1498710e+01
   1.6008238e+03   3.2553231e+02   1.8175753e+03   1.3909943e+03   4.4977921e+00   2.3220307e+00   6.1343523e+01
   1.6045123e+03   3.2570735e+02   1.8160334e+03   1.3909826e+03   4.4978109e+00   2.3220405e+00   6.1188895e+01
   1.6082007e+03   3.2588239e+02   1.8144925e+03   1.3909710e+03   4.4978298e+00   2.3220502e+00   6.1034822e+01
   1.6118892e+03   3.2605743e+02   1.8129525e+03   1.3909593e+03   4.4978486e+00   2.3220599e+00   6.0881302e+01
   1.6155776e+03   3.2623247e+02   1.8114136e+03   1.3909476e+03   4.4978675e+00   2.3220697e+00   6.0728331e+01
   1.6192661e+03   3.2640751e+02   1.8098757e+03   1.3909360e+03   4.4978864e+00   2.3220794e+00   6.0575909e+01
   1.6229545e+03   3.2658364e+02   1.8083387e+03   1.3909242e+03   4.4979053e+00   2.3220892e+00   6.0423085e+01
   1.6266430e+03   3.2676018e+02   1.8068028e+03   1.3909125e+03   4.4979243e+00   2.3220990e+00   6.0270465e+01
   1.6303314e+03   3.2693671e+02   1.8052679e+03   1.3909007e+03   4.4979434e+00   2.3221088e+00   6.0118395e+01
   1.6340199e+03   3.2711325e+02   1.8037339e+03   1.3908889e+03   4.4979624e+00   2.3221186e+00   5.9966872e+01
   1.6377083e+03   3.2728978e+02   1.8022010e+03   1.3908772e+03   4.4979814e+00   2.3221285e+00   5.9815894e+01
   1.6413968e+03   3.2746632e+02   1.8006691e+03   1.3908654e+03   4.4980004e+00   2.3221383e+00   5.9665459e+01
   1.6450852e+03   3.2764285e+02   1.7991382e+03   1.3908537e+03   4.4980194e+00   2.3221481e+00   5.9515563e+01
   1.6487736e+03   3.2782080e+02   1.7976083e+03   1.3908418e+03   4.4980386e+00   2.3221580e+00   5.9365012e+01
   1.6524621e+03   3.2799896e+02   1.7960795e+03   1.3908299e+03   4.4980578e+00   2.3221679e+00   5.9214826e+01
   1.6561505e+03   3.2817711e+02   1.7945516e+03   1.3908181e+03   4.4980770e+00   2.3221778e+00   5.9065182e+01
   1.6598390e+03   3.2835527e+02   1.7930248e+03   3.5482569e+03   4.6132830e+00   2.6107582e+00   2.8015908e+12
   1.7297837e+03   3.3856936e+02   1.7816835e+03   3.5482569e+03   4.6145205e+00   2.6102952e+00   1.3379918e+12
   1.7992552e+03   3.4872942e+02   1.7703423e+03   3.5493789e+03   4.6252368e+00   2.6175737e+00   6.6894608e+11
   1.8682747e+03   3.5883557e+02   1.7590011e+03   3.5562242e+03   8.1196412e+00   4.5989826e+00   3.4866851e+11
   1.9369517e+03   3.6888797e+02   1.7476598e+03   3.5653918e+03   8.1782967e+00   4.6441754e+00   1.8879809e+11
   2.0053259e+03   3.7888677e+02   1.7363186e+03   3.5859488e+03   8.2418914e+00   4.6932345e+00   1.0586325e+11
   2.0736075e+03   3.8883210e+02   1.7249774e+03   3.6081136e+03   8.2437727e+00   4.6921658e+00   6.1311120e+10
   2.1418129e+03   3.9872413e+02   1.7136361e+03   3.6091151e+03   8.2456575e+00   4.6911003e+00   3.6579861e+10
   2.2095294e+03   4.0856302e+02   1.7022949e+03   3.6101167e+03   8.2474594e+00   4.6899998e+00   2.2414815e+10
   2.2767555e+03   4.1834893e+02   1.6909537e+03   3.6110978e+03   8.2492139e+00   4.6888853e+00   1.4077355e+10
   2.3434894e+03   4.2808202e+02   1.6796124e+03   3.6120649e+03   8.2509053e+00   4.6877489e+00   9.0446628e+09
   2.4097293e+03   4.3776247e+02   1.6682712e+03   3.6130160e+03   8.2525421e+00   4.6865933e+00   5.9350064e+09
   2.4754734e+03   4.4739046e+02   1.6569300e+03   3.6139512e+03   8.2541367e+00   4.6854268e+00   3.9714519e+09
   2.5407199e+03   4.5696616e+02   1.6455887e+03   3.6148741e+03   8.2556636e+00   4.6842356e+00   2.7063263e+09
   2.6054668e+03   4.6648977e+02   1.6342475e+03   3.6157790e+03   8.3444703e+00   4.7333336e+00   1.8757365e+09
   2.6697125e+03   4.7596147e+02   1.6229063e+03   3.6238496e+03   8.3574207e+00   4.7387308e+00   1.3207808e+09
   2.7335814e+03   4.8538146e+02   1.6115650e+03   3.6256597e+03   8.4153429e+00   4.7699886e+00   9.4401251e+08
   2.7969577e+03   4.9474995e+02   1.6002238e+03   3.6311811e+03   8.4289542e+00   4.7757417e+00   6.8412125e+08
   2.8599032e+03   5.0406713e+02   1.5888826e+03   3.6330390e+03   8.4301266e+00   4.7743534e+00   5.0228857e+08
   2.9223502e+03   5.1333324e+02   1.5775413e+03   3.6338639e+03   8.4312486e+00   4.7729504e+00   3.7329727e+08
   2.9842785e+03   5.2254848e+02   1.5662001e+03   3.6346740e+03   8.4323351e+00   4.7715416e+00   2.8061427e+08
   3.0456860e+03   5.3171309e+02   1.5548589e+03   3.6354729e+03   8.4333802e+00   4.7701231e+00   2.1321862e+08
   3.1065707e+03   5.4082730e+02   1.5435176e+03   3.6362598e+03   8.4343847e+00   4.7686964e+00   1.6365551e+08
   3.1669304e+03   5.4989135e+02   1.5321764e+03   3.6370334e+03   8.4353536e+00   4.7672641e+00   1.2681667e+08
   3.2267630e+03   5.5890549e+02   1.5208352e+03   3.6377960e+03   8.4362799e+00   4.7658227e+00   9.9158718e+07
   3.2860663e+03   5.6786996e+02   1.5094940e+03   3.6385450e+03   8.4371746e+00   4.7643775e+00   7.8195153e+07
   3.3448381e+03   5.7678505e+02   1.4981527e+03   3.6392836e+03   8.4380264e+00   4.7629226e+00   6.2161849e+07
   3.4030761e+03   5.8565101e+02   1.4868115e+03   3.6400088e+03   8.4388486e+00   4.7614661e+00   4.9794112e+07
   3.4607781e+03   5.9446813e+02   1.4754703e+03   3.6407243e+03   8.4396264e+00   4.7599997e+00   4.0176265e+07
   3.5179416e+03   6.0323669e+02   1.4641290e+03   3.6414256e+03   8.4403783e+00   4.7585332e+00   3.2639077e+07
   3.5745643e+03   6.1195700e+02   1.4527878e+03   3.6421173e+03   8.4410844e+00   4.7570565e+00   2.6689030e+07
   3.6306438e+03   6.2062935e+02   1.4414466e+03   3.6427957e+03   8.4417668e+00   4.7555801e+00   2.1959075e+07
   3.6861776e+03   6.2925407e+02   1.4301053e+03   3.6434639e+03   8.4424050e+00   4.7540951e+00   1.8173991e+07
   3.7411631e+03   6.3783148e+02   1.4187641e+03   3.6441190e+03   8.4430159e+00   4.7526097e+00   1.5125808e+07
   3.7955976e+03   6.4636192e+02   1.4074229e+03   3.6447645e+03   8.4435868e+00   4.7511173e+00   1.2656204e+07
   3.8494787e+03   6.5484573e+02   1.3960816e+03   3.6453969e+03   8.4441271e+00   4.7496222e+00   1.0643797e+07
   3.9028035e+03   6.6328328e+02   1.3847404e+03   3.6460184e+03   8.4446332e+00   4.7481233e+00   8.9948944e+06
   3.9555693e+03   6.7167494e+02   1.3733992e+03   3.6466288e+03   8.4451052e+00   4.7466213e+00   7.6367057e+06
   4.0077732e+03   6.8002108e+02   1.3620579e+03   3.6472269e+03   8.4455390e+00   4.7451141e+00   6.5123273e+06
   4.0594123e+03   6.8832211e+02   1.3507167e+03   3.6478128e+03   8.4459407e+00   4.7436032e+00   5.5770093e+06
   4.1104835e+03   6.9657844e+02   1.3393755e+03   3.6483879e+03   8.4463081e+00   4.7420896e+00   4.7953586e+06
   4.1609839e+03   7.0479048e+02   1.3280342e+03   3.6489511e+03   8.4466372e+00   4.7405706e+00   4.1392285e+06
   4.2109102e+03   7.1295868e+02   1.3166930e+03   3.6495018e+03   8.4469413e+00   4.7390521e+00   3.5861167e+06
   4.2602593e+03   7.2108349e+02   1.3053518e+03   3.6500426e+03   8.4472022e+00   4.7375259e+00   3.1179424e+06
   4.3090277e+03   7.2916539e+02   1.2940105e+03   3.6505705e+03   8.4474331e+00   4.7359989e+00   2.7201065e+06
   4.3572121e+03   7.3720484e+02   1.2826693e+03   3.6510871e+03   8.4476190e+00   4.7344637e+00   2.3807660e+06
   4.4048090e+03   7.4520237e+02   1.2713281e+03   3.6515897e+03   8.4477840e+00   4.7329307e+00   2.0902699e+06
   4.4518147e+03   7.5315849e+02   1.2599868e+03   3.6520831e+03   8.4478988e+00   4.7313871e+00   1.8407198e+06
   4.4982254e+03   7.6107374e+02   1.2486456e+03   3.6525617e+03   8.4479887e+00   4.7298452e+00   1.6256240e+06
   4.5440374e+03   7.6894869e+02   1.2373044e+03   3.6530306e+03   8.4480311e+00   4.7282945e+00   1.4396258e+06
   4.5892468e+03   7.7678390e+02   1.2259631e+03   3.6534851e+03   8.4480435e+00   4.7267420e+00   1.2782875e+06
   4.6338493e+03   7.8457999e+02   1.2146219e+03   3.6539280e+03   8.4480169e+00   4.7251845e+00   1.1379191e+06
   4.6778408e+03   7.9233758e+02   1.2032807e+03   3.6543583e+03   8.4479529e+00   4.7236227e+00   1.0154411e+06
   4.7212169e+03   8.0005733e+02   1.1919394e+03   3.6547765e+03   8.4478492e+00   4.7220558e+00   9.0827426e+05
   4.7639732e+03   8.0773989e+02   1.1805982e+03   3.6551813e+03   8.4477012e+00   4.7204809e+00   8.1425141e+05
   4.8061049e+03   8.1538598e+02   1.1692570e+03   3.6555719e+03   8.4475277e+00   4.7189072e+00   7.3154529e+05
   4.8476073e+03   8.2299633e+02   1.1579157e+03   3.6559530e+03   8.4472992e+00   4.7173208e+00   6.5861044e+05
   4.8884755e+03   8.3057168e+02   1.1465745e+03   3.6563176e+03   8.4470386e+00   4.7157336e+00   5.9413577e+05
   4.9287043e+03   8.3811283e+02   1.1352333e+03   3.6566706e+03   8.4467311e+00   4.7141372e+00   5.3700564e+05
   4.9682883e+03   8.4562059e+02   1.1238920e+03   3.6570093e+03   8.4463837e+00   4.7125353e+00   4.8626802e+05
   5.0072220e+03   8.5309582e+02   1.1125508e+03   3.6573349e+03   8.4459923e+00   4.7109265e+00   4.4110822e+05
   5.0454997e+03   8.6053940e+02   1.1012096e+03   3.6576460e+03   8.4455566e+00   4.7093102e+00   4.0082719e+05
   5.0831156e+03   8.6795226e+02   1.0898683e+03   3.6579433e+03   8.4450806e+00   4.7076887e+00   3.6482350e+05
   5.1200633e+03   8.7533535e+02   1.0785271e+03   3.6582271e+03   8.4445485e+00   4.7060541e+00   3.3257844e+05
   5.1563365e+03   8.8268970e+02   1.0671859e+03   3.6584945e+03   8.4439826e+00   4.7044163e+00   3.0364348e+05
   5.1919286e+03   8.9001633e+02   1.0558446e+03   3.6587494e+03   8.4433557e+00   4.7027657e+00   2.7762990e+05
   5.2268327e+03   8.9731634e+02   1.0445034e+03   3.6589870e+03   8.4426880e+00   4.7011079e+00   2.5419998e+05
   5.2610415e+03   9.0459088e+02   1.0331622e+03   3.6592115e+03   8.4419699e+00   4.6994411e+00   2.3305966e+05
   5.2945476e+03   9.1184113e+02   1.0218209e+03   3.6594200e+03   8.4411963e+00   4.6977612e+00   2.1395237e+05
   5.3273432e+03   9.1906834e+02   1.0104797e+03   3.6596119e+03   8.4403792e+00   4.6960748e+00   1.9665370e+05
   5.3594201e+03   9.2627381e+02   9.9913848e+02   3.6597898e+03   8.4394960e+00   4.6943714e+00   1.8096701e+05
   5.3907699e+03   9.3345889e+02   9.8779725e+02   3.6599484e+03   8.4385670e+00   4.6926592e+00   1.6671965e+05
   5.4213837e+03   9.4062503e+02   9.7645602e+02   3.6600924e+03   8.4375768e+00   4.6909331e+00   1.5375970e+05
   5.4512524e+03   9.4777369e+02   9.6511478e+02   3.6602187e+03   8.4365298e+00   4.6891935e+00   1.4195324e+05
   5.4803662e+03   9.5490645e+02   9.5377355e+02   3.6603277e+03   8.4354268e+00   4.6874422e+00   1.3118203e+05
   5.5087152e+03   9.6202495e+02   9.4243232e+02   3.6604198e+03   8.4342531e+00   4.6856714e+00   1.2134142e+05
   5.5362887e+03   9.6913089e+02   9.3109108e+02   3.6604926e+03   8.4330230e+00   4.6838877e+00   1.1233868e+05
   5.5630757e+03   9.7622608e+02   9.1974985e+02   3.6605476e+03   8.4317248e+00   4.6820863e+00   1.0409148e+05
   5.5890647e+03   9.8331242e+02   9.0840862e+02   3.6605830e+03   8.4303612e+00   4.6802674e+00   9.6526608e+04
   5.6142436e+03   9.9039188e+02   8.9706739e+02   3.6605996e+03   8.4289308e+00   4.6784325e+00   8.9578831e+04
   5.6385996e+03   9.9746656e+02   8.8572615e+02   3.6605969e+03   8.4274244e+00   4.6765748e+00   8.3189966e+04
   5.6621194e+03   1.0045387e+03   8.7438492e+02   3.6605727e+03   8.4258460e+00   4.6746980e+00   7.7308019e+04
   5.6847890e+03   1.0116105e+03   8.6304369e+02   3.6605277e+03   8.4241877e+00   4.6727976e+00   7.1886460e+04
   5.7065938e+03   1.0186845e+03   8.5170246e+02   3.6604612e+03   8.4224551e+00   4.6708758e+00   6.6883588e+04
   5.7275182e+03   1.0257632e+03   8.4036122e+02   3.6603733e+03   8.4206422e+00   4.6689307e+00   6.2261977e+04
   5.7475459e+03   1.0328493e+03   8.2901999e+02   3.6602630e+03   8.4187389e+00   4.6669573e+00   5.7987991e+04
   5.7666597e+03   1.0399458e+03   8.1767876e+02   3.6601281e+03   8.4167537e+00   4.6649598e+00   5.4031359e+04
   5.7848417e+03   1.0470555e+03   8.0633753e+02   3.6599700e+03   8.4146713e+00   4.6629311e+00   5.0364801e+04
   5.8020726e+03   1.0541818e+03   7.9499629e+02   3.6597861e+03   8.4124991e+00   4.6608743e+00   4.6963705e+04
   5.8183323e+03   1.0613279e+03   7.8365506e+02   3.6595773e+03   8.4102310e+00   4.6587867e+00   4.3805832e+04
   5.8335995e+03   1.0684975e+03   7.7231383e+02   3.6593425e+03   8.4078517e+00   4.6566617e+00   4.0871070e+04
   5.8478517e+03   1.0756943e+03   7.6097259e+02   3.6590787e+03   8.4053760e+00   4.6545054e+00   3.8141203e+04
   5.8610650e+03   1.0829224e+03   7.4963136e+02   3.6587887e+03   8.4027798e+00   4.6523070e+00   3.5599718e+04
   5.8732141e+03   1.0901860e+03   7.3829013e+02   3.6584676e+03   8.4000786e+00   4.6500730e+00   3.3231625e+04
   5.8842723e+03   1.0974896e+03   7.2694890e+02   3.6581180e+03   8.3972523e+00   4.6477957e+00   3.1023306e+04
   5.8942109e+03   1.1048382e+03   7.1560766e+02   3.6577359e+03   8.3942952e+00   4.6454723e+00   2.8962374e+04
   5.9029998e+03   1.1122367e+03   7.0426643e+02   3.6573201e+03   8.3912162e+00   4.6431055e+00   2.7037549e+04
   5.9106068e+03   1.1196906e+03   6.9292520e+02   3.6568723e+03   8.3879882e+00   4.6406835e+00   2.5238553e+04
   5.9106068e+03   1.1196906e+03   6.9292520e+02   8.0000000e+03   6.1574614e+00   3.3226724e+00   1.0000000e+04
   6.0055185e+03   1.1209347e+03   6.1593351e+02   8.0071791e+03   6.1547005e+00   3.3211825e+00   1.0000000e+04
   5.7658781e+03   1.1221788e+03   5.3894182e+02   8.0146442e+03   6.1592082e+00   3.3232008e+00   1.0000000e+04
   5.0858520e+03   1.1234229e+03   4.6195013e+02   8.0231703e+03   6.1373072e+00   3.3124298e+00   1.0000000e+04
   3.7834138e+03   1.1246670e+03   3.8495844e+02   8.0348587e+03   6.0797107e+00   3.2843509e+00   1.0000000e+04
   1.5163734e+03   1.1259111e+03   3.0796675e+02   8.0651516e+03   5.9653970e+00   3.2285392e+00   1.0000000e+04
  -2.4485852e+03   1.1271552e+03   2.3097507e+02   8.0450161e+03   5.7891799e+00   3.1441954e+00   1.0000000e+04
  -9.9217757e+03   1.1283993e+03   1.5398338e+02   8.0393757e+03   5.4549956e+00   2.9843787e+00   1.0000000e+04
  -2.7233692e+04   1.1296434e+03   7.6991689e+01   8.0366010e+03   4.7579470e+00   2.6551464e+00   1.0000000e+04
  -9.7206817e+04   1.1308875e+03   0.0000000e+00   8.0324321e+03   2.4751180e+00   1.6561875e+00   1.0000000e+04
