   0.0000000e+00   1.1000000e+02   2.6341000e+03   9.3261833e+02   3.9798936e+00   1.9655294e+00   2.7451649e+04
   8.8221755e+00   2.3350369e+02   2.6274756e+03   9.3261833e+02   3.9989425e+00   1.9749369e+00   9.0730676e+01
   1.7644351e+01   2.3357401e+02   2.6208476e+03   9.3336843e+02   3.9968687e+00   1.9739128e+00   9.0591817e+01
   2.6466526e+01   2.3364426e+02   2.6142342e+03   9.3408927e+02   3.9948039e+00   1.9728930e+00   9.0453374e+01
   3.5288702e+01   2.3371446e+02   2.6076354e+03   9.3477494e+02   3.9927531e+00   1.9718802e+00   9.0315345e+01
   4.4110877e+01   2.3378459e+02   2.6010510e+03   9.3541910e+02   3.9907210e+00   1.9708766e+00   9.0177724e+01
   5.2933053e+01   2.3385467e+02   2.5944807e+03   9.3601493e+02   3.9887124e+00   1.9698847e+00   9.0040508e+01
   6.1755228e+01   2.3392469e+02   2.5879242e+03   9.3655512e+02   3.9867317e+00   1.9689064e+00   8.9903693e+01
   7.0577404e+01   2.3399466e+02   2.5813811e+03   9.3703186e+02   3.9847829e+00   1.9679440e+00   8.9767273e+01
   7.9399579e+01   2.3406457e+02   2.5748512e+03   9.3743680e+02   3.9828701e+00   1.9669993e+00   8.9631244e+01
   8.8221755e+01   2.3413444e+02   2.5683339e+03   9.3776116e+02   3.9809968e+00   1.9660742e+00   8.9495599e+01
   9.7043930e+01   2.3420425e+02   2.5618288e+03   9.3799572e+02   3.9791663e+00   1.9651701e+00   8.9360335e+01
   1.0586611e+02   2.3427402e+02   2.5553353e+03   9.3813105e+02   3.9773814e+00   1.9642886e+00   8.9225443e+01
   1.1468828e+02   2.3434375e+02   2.5488528e+03   9.3815770e+02   3.9756446e+00   1.9634309e+00   8.9090920e+01
   1.2351046e+02   2.3441344e+02   2.5423806e+03   9.3806661e+02   3.9739583e+00   1.9625981e+00   8.8956758e+01
   1.3233263e+02   2.3448308e+02   2.5359181e+03   9.3784961e+02   3.9723241e+00   1.9617911e+00   8.8822952e+01
   1.4115481e+02   2.3455269e+02   2.5294644e+03   9.3750019e+02   3.9707436e+00   1.9610105e+00   8.8689494e+01
   1.4997698e+02   2.3462227e+02   2.5230187e+03   9.3701438e+02   3.9692179e+00   1.9602570e+00   8.8556379e+01
   1.5879916e+02   2.3469182e+02   2.5165802e+03   9.3639181e+02   3.9677477e+00   1.9595309e+00   8.8423600e+01
   1.6762133e+02   2.5500000e+02   2.5101482e+03   9.3563689e+02   3.9718196e+00   1.9615419e+00   5.9086651e+01
   1.7124884e+02   2.5500000e+02   2.5080387e+03   1.1720550e+03   1.7962642e+00   0.0000000e+00   0.0000000e+00
   1.7487635e+02   2.5500000e+02   2.5059319e+03   1.1731724e+03   1.8025240e+00   0.0000000e+00   0.0000000e+00
   1.7850386e+02   2.5500000e+02   2.5038276e+03   1.1742824e+03   1.8087425e+00   0.0000000e+00   0.0000000e+00
   1.8213137e+02   2.5500000e+02   2.5017258e+03   1.1753850e+03   1.8149202e+00   0.0000000e+00   0.0000000e+00
   1.8575887e+02   2.5500000e+02   2.4996266e+03   1.1764804e+03   1.8210577e+00   0.0000000e+00   0.0000000e+00
   1.8938638e+02   2.5500000e+02   2.4975298e+03   1.1775687e+03   1.8271555e+00   0.0000000e+00   0.0000000e+00
   1.9301389e+02   2.5500000e+02   2.4954356e+03   1.1786499e+03   1.8332141e+00   0.0000000e+00   0.0000000e+00
   1.9664140e+02   2.5500000e+02   2.4933438e+03   1.1797242e+03   1.8392341e+00   0.0000000e+00   0.0000000e+00
   2.0026891e+02   2.5500000e+02   2.4912545e+03   1.1807917e+03   1.8452160e+00   0.0000000e+00   0.0000000e+00
   2.0389642e+02   2.5500000e+02   2.4891676e+03   1.1818525e+03   1.8511604e+00   0.0000000e+00   0.0000000e+00
   2.0752392e+02   2.5500000e+02   2.4870831e+03   1.1829067e+03   1.8570677e+00   0.0000000e+00   0.0000000e+00
   2.1115143e+02   2.5500000e+02   2.4850011e+03   1.1839545e+03   1.8629387e+00   0.0000000e+00   0.0000000e+00
   2.1477894e+02   2.5500000e+02   2.4829214e+03   1.1849959e+03   1.8687737e+00   0.0000000e+00   0.0000000e+00
   2.1840645e+02   2.5500000e+02   2.4808441e+03   1.1860310e+03   1.8745731e+00   0.0000000e+00   0.0000000e+00
   2.2203396e+02   2.5500000e+02   2.4787692e+03   1.1870599e+03   1.8803370e+00   0.0000000e+00   0.0000000e+00
   2.2566146e+02   2.5500000e+02   2.4766966e+03   1.1880827e+03   1.8860652e+00   0.0000000e+00   0.0000000e+00
   2.2928897e+02   2.5500000e+02   2.4746264e+03   1.1890996e+03   1.8917570e+00   0.0000000e+00   0.0000000e+00
   2.3291648e+02   2.5500000e+02   2.4725584e+03   1.1901105e+03   1.8974114e+00   0.0000000e+00   0.0000000e+00
   2.3654399e+02   2.5500000e+02   2.4704928e+03   1.1911156e+03   1.9030262e+00   0.0000000e+00   0.0000000e+00
   2.4017150e+02   2.5500000e+02   2.4684295e+03   1.1921149e+03   1.9085982e+00   0.0000000e+00   0.0000000e+00
   2.4379900e+02   2.5500000e+02   2.4663685e+03   1.1931086e+03   1.9141242e+00   0.0000000e+00   0.0000000e+00
   2.4742651e+02   2.5500000e+02   2.4643097e+03   1.1940968e+03   1.9196007e+00   0.0000000e+00   0.0000000e+00
   2.5105402e+02   2.5500000e+02   2.4622532e+03   1.1950794e+03   1.9250243e+00   0.0000000e+00   0.0000000e+00
   2.5468153e+02   2.5500000e+02   2.4601989e+03   1.1960568e+03   1.9303929e+00   0.0000000e+00   0.0000000e+00
   2.5830904e+02   2.5500000e+02   2.4581469e+03   1.1970288e+03   1.9357080e+00   0.0000000e+00   0.0000000e+00
   2.6193655e+02   2.5500000e+02   2.4560970e+03   1.1979956e+03   1.9409712e+00   0.0000000e+00   0.0000000e+00
   2.6556405e+02   2.5500000e+02   2.4540494e+03   1.1989573e+03   1.9461858e+00   0.0000000e+00   0.0000000e+00
   2.6919156e+02   2.5500000e+02   2.4520040e+03   1.1999140e+03   1.9513566e+00   0.0000000e+00   0.0000000e+00
   2.7281907e+02   2.5500000e+02   2.4499608e+03   1.2008657e+03   1.9564884e+00   0.0000000e+00   0.0000000e+00
   2.7644658e+02   2.5500000e+02   2.4479197e+03   1.2018126e+03   1.9615841e+00   0.0000000e+00   0.0000000e+00
   2.8007409e+02   2.5500000e+02   2.4458808e+03   1.2027547e+03   1.9666457e+00   0.0000000e+00   0.0000000e+00
   2.8370159e+02   2.5500000e+02   2.4438440e+03   1.2036921e+03   1.9716744e+00   0.0000000e+00   0.0000000e+00
   2.8732910e+02   2.5500000e+02   2.4418094e+03   1.2046249e+03   1.9766683e+00   0.0000000e+00   0.0000000e+00
   2.9095661e+02   2.5500000e+02   2.4397769e+03   1.2055532e+03   1.9816250e+00   0.0000000e+00   0.0000000e+00
   2.9458412e+02   2.5500000e+02   2.4377466e+03   1.2064770e+03   1.9865421e+00   0.0000000e+00   0.0000000e+00
   2.9821163e+02   2.5500000e+02   2.4357183e+03   1.2073965e+03   1.9914172e+00   0.0000000e+00   0.0000000e+00
   3.0183914e+02   2.5500000e+02   2.4336922e+03   1.2083117e+03   1.9962483e+00   0.0000000e+00   0.0000000e+00
   3.0546664e+02   2.5500000e+02   2.4316681e+03   1.2092227e+03   2.0010361e+00   0.0000000e+00   0.0000000e+00
   3.0909415e+02   2.5500000e+02   2.4296461e+03   1.2101294e+03   2.0057842e+00   0.0000000e+00   0.0000000e+00
   3.1272166e+02   2.5500000e+02   2.4276262e+03   1.2110319e+03   2.0104965e+00   0.0000000e+00   0.0000000e+00
   3.1634917e+02   2.5500000e+02   2.4256084e+03   1.2119304e+03   2.0151777e+00   0.0000000e+00   0.0000000e+00
   3.1997668e+02   2.5500000e+02   2.4235926e+03   1.2128247e+03   2.0198331e+00   0.0000000e+00   0.0000000e+00
   3.2360418e+02   2.5500000e+02   2.4215789e+03   1.2137151e+03   2.0244675e+00   0.0000000e+00   0.0000000e+00
   3.2723169e+02   2.5500000e+02   2.4195672e+03   1.2146015e+03   2.0290840e+00   0.0000000e+00   0.0000000e+00
   3.3085920e+02   2.5500000e+02   2.4175575e+03   1.2154839e+03   2.0336851e+00   0.0000000e+00   0.0000000e+00
   3.3448671e+02   2.5500000e+02   2.4155498e+03   1.2163624e+03   2.0382727e+00   0.0000000e+00   0.0000000e+00
   3.3811422e+02   2.5500000e+02   2.4135442e+03   1.2172371e+03   2.0428483e+00   0.0000000e+00   0.0000000e+00
   3.4174172e+02   2.5500000e+02   2.4115405e+03   1.2181080e+03   2.0474129e+00   0.0000000e+00   0.0000000e+00
   3.4536923e+02   2.5500000e+02   2.4095389e+03   1.2189752e+03   2.0519674e+00   0.0000000e+00   0.0000000e+00
   3.4899674e+02   2.5500000e+02   2.4075392e+03   1.2198386e+03   2.0565123e+00   0.0000000e+00   0.0000000e+00
   3.5262425e+02   2.5500000e+02   2.4055415e+03   1.2206982e+03   2.0610482e+00   0.0000000e+00   0.0000000e+00
   3.5625176e+02   2.5500000e+02   2.4035458e+03   1.2215542e+03   2.0655753e+00   0.0000000e+00   0.0000000e+00
   3.5987927e+02   2.5500000e+02   2.4015521e+03   1.2224066e+03   2.0700941e+00   0.0000000e+00   0.0000000e+00
   3.6350677e+02   2.5500000e+02   2.3995603e+03   1.2232553e+03   2.0746049e+00   0.0000000e+00   0.0000000e+00
   3.6713428e+02   2.5500000e+02   2.3975704e+03   1.2241004e+03   2.0791077e+00   0.0000000e+00   0.0000000e+00
   3.7076179e+02   2.5500000e+02   2.3955825e+03   1.2249419e+03   2.0836027e+00   0.0000000e+00   0.0000000e+00
   3.7438930e+02   2.5500000e+02   2.3935965e+03   1.2257799e+03   2.0880902e+00   0.0000000e+00   0.0000000e+00
   3.7801681e+02   2.5500000e+02   2.3916124e+03   1.2266144e+03   2.0925701e+00   0.0000000e+00   0.0000000e+00
   3.8164431e+02   2.5500000e+02   2.3896303e+03   1.2274454e+03   2.0970426e+00   0.0000000e+00   0.0000000e+00
   3.8527182e+02   2.5500000e+02   2.3876501e+03   1.2282729e+03   2.1015077e+00   0.0000000e+00   0.0000000e+00
   3.8889933e+02   2.5509510e+02   2.3856895e+03   1.2402428e+03   4.2425422e+00   2.2177448e+00   1.2398759e+02
   3.9252684e+02   2.5529908e+02   2.3837304e+03   1.2408110e+03   4.2415706e+00   2.2172369e+00   1.2398759e+02
   3.9615435e+02   2.5550307e+02   2.3817727e+03   1.2413760e+03   4.2406052e+00   2.2167323e+00   1.2398759e+02
   3.9978186e+02   2.5570705e+02   2.3798165e+03   1.2419378e+03   4.2396460e+00   2.2162308e+00   1.2398759e+02
   4.0340936e+02   2.5591103e+02   2.3778617e+03   1.2424963e+03   4.2386930e+00   2.2157327e+00   1.2398759e+02
   4.0703687e+02   2.5611352e+02   2.3759083e+03   1.2430517e+03   4.2377460e+00   2.2152376e+00   1.2398759e+02
   4.1066438e+02   2.5631475e+02   2.3739563e+03   1.2436039e+03   4.2368051e+00   2.2147458e+00   1.2398759e+02
   4.1429189e+02   2.5651598e+02   2.3720057e+03   1.2441528e+03   4.2358704e+00   2.2142572e+00   1.2398759e+02
   4.1791940e+02   2.5671721e+02   2.3700566e+03   1.2446984e+03   4.2349419e+00   2.2137718e+00   1.2398759e+02
   4.2154690e+02   2.5691845e+02   2.3681088e+03   1.2452408e+03   4.2340196e+00   2.2132897e+00   1.2398759e+02
   4.2517441e+02   2.5711968e+02   2.3661624e+03   1.2457798e+03   4.2331035e+00   2.2128108e+00   1.2398759e+02
   4.2880192e+02   2.5732091e+02   2.3642175e+03   1.2463155e+03   4.2321936e+00   2.2123351e+00   1.2398759e+02
   4.3242943e+02   2.5751902e+02   2.3622739e+03   1.2468481e+03   4.2312896e+00   2.2118626e+00   1.2398759e+02
   4.3605694e+02   2.5771472e+02   2.3603317e+03   1.2473775e+03   4.2303915e+00   2.2113932e+00   1.2398759e+02
   4.3968444e+02   2.5791042e+02   2.3583908e+03   1.2479036e+03   4.2294997e+00   2.2109270e+00   1.2398759e+02
   4.4331195e+02   2.5810613e+02   2.3564514e+03   1.2484264e+03   4.2286141e+00   2.2104640e+00   1.2398759e+02
   4.4693946e+02   2.5830183e+02   2.3545133e+03   1.2489458e+03   4.2277347e+00   2.2100043e+00   1.2398759e+02
   4.5056697e+02   2.5849753e+02   2.3525766e+03   1.2494619e+03   4.2268615e+00   2.2095479e+00   1.2398759e+02
   4.5419448e+02   2.5869323e+02   2.3506412e+03   1.2499746e+03   4.2259945e+00   2.2090946e+00   1.2398759e+02
   4.5782199e+02   2.5888486e+02   2.3487072e+03   1.2504843e+03   4.2251332e+00   2.2086444e+00   1.2398759e+02
   4.6144949e+02   2.5907361e+02   2.3467746e+03   1.2509907e+03   4.2242779e+00   2.2081973e+00   1.2398759e+02
   4.6507700e+02   2.5926236e+02   2.3448433e+03   1.2514938e+03   4.2234287e+00   2.2077534e+00   1.2398759e+02
   4.6870451e+02   2.5945112e+02   2.3429133e+03   1.2519936e+03   4.2225857e+00   2.2073127e+00   1.2398759e+02
   4.7233202e+02   2.5963987e+02   2.3409847e+03   1.2524900e+03   4.2217489e+00   2.2068753e+00   1.2398759e+02
   4.7595953e+02   2.5982862e+02   2.3390574e+03   1.2529830e+03   4.2209182e+00   2.2064411e+00   1.2398759e+02
   4.7958703e+02   2.6001737e+02   2.3371314e+03   1.2534727e+03   4.2200936e+00   2.2060100e+00   1.2398759e+02
   4.8321454e+02   2.6020149e+02   2.3352068e+03   1.2539593e+03   4.2192748e+00   2.2055820e+00   1.2398759e+02
   4.8684205e+02   2.6038261e+02   2.3332835e+03   1.2544427e+03   4.2184617e+00   2.2051569e+00   1.2398759e+02
   4.9046956e+02   2.6056373e+02   2.3313615e+03   1.2549228e+03   4.2176547e+00   2.2047351e+00   1.2398759e+02
   4.9409707e+02   2.6074485e+02   2.3294408e+03   1.2553995e+03   4.2168539e+00   2.2043165e+00   1.2398759e+02
   4.9772458e+02   2.6092597e+02   2.3275215e+03   1.2558728e+03   4.2160591e+00   2.2039010e+00   1.2398759e+02
   5.0135208e+02   2.6110709e+02   2.3256034e+03   1.2563428e+03   4.2152704e+00   2.2034887e+00   1.2398759e+02
   5.0497959e+02   2.6128821e+02   2.3236866e+03   1.2568095e+03   4.2144878e+00   2.2030796e+00   1.2398759e+02
   5.0860710e+02   2.6146436e+02   2.3217712e+03   1.2572731e+03   4.2137107e+00   2.2026734e+00   1.2398759e+02
   5.1223461e+02   2.6163758e+02   2.3198570e+03   1.2577336e+03   4.2129393e+00   2.2022702e+00   1.2398759e+02
   5.1586212e+02   2.6181080e+02   2.3179441e+03   1.2581907e+03   4.2121739e+00   2.2018701e+00   1.2398759e+02
   5.1948962e+02   2.6198401e+02   2.3160325e+03   1.2586444e+03   4.2114145e+00   2.2014731e+00   1.2398759e+02
   5.2311713e+02   2.6215723e+02   2.3141222e+03   1.2590949e+03   4.2106611e+00   2.2010793e+00   1.2398759e+02
   5.2674464e+02   2.6233045e+02   2.3122131e+03   1.2595420e+03   4.2099137e+00   2.2006886e+00   1.2398759e+02
   5.3037215e+02   2.6250366e+02   2.3103053e+03   1.2599858e+03   4.2091722e+00   2.2003010e+00   1.2398759e+02
   5.3399966e+02   2.6267172e+02   2.3083988e+03   1.2604266e+03   4.2084361e+00   2.1999162e+00   1.2398759e+02
   5.3762716e+02   2.6283699e+02   2.3064936e+03   1.2608643e+03   4.2077056e+00   2.1995343e+00   1.2398759e+02
   5.4125467e+02   2.6300226e+02   2.3045896e+03   1.2612987e+03   4.2069810e+00   2.1991556e+00   1.2398759e+02
   5.4488218e+02   2.6316752e+02   2.3026869e+03   1.2617297e+03   4.2062623e+00   2.1987799e+00   1.2398759e+02
   5.4850969e+02   2.6333279e+02   2.3007854e+03   1.2621575e+03   4.2055494e+00   2.1984072e+00   1.2398759e+02
   5.5213720e+02   2.6349806e+02   2.2988852e+03   1.2625820e+03   4.2048424e+00   2.1980376e+00   1.2398759e+02
   5.5576471e+02   2.6366333e+02   2.2969862e+03   1.2630032e+03   4.2041412e+00   2.1976710e+00   1.2398759e+02
   5.5939221e+02   2.6382333e+02   2.2950885e+03   1.2634215e+03   4.2034451e+00   2.1973072e+00   1.2398759e+02
   5.6301972e+02   2.6398074e+02   2.2931920e+03   1.2638367e+03   4.2027546e+00   2.1969462e+00   1.2398759e+02
   5.6664723e+02   2.6413814e+02   2.2912967e+03   1.2642487e+03   4.2020698e+00   2.1965883e+00   1.2398759e+02
   5.7027474e+02   2.6429555e+02   2.2894027e+03   1.2646574e+03   4.2013908e+00   2.1962333e+00   1.2398759e+02
   5.7390225e+02   2.6445295e+02   2.2875099e+03   1.2650629e+03   4.2007174e+00   2.1958813e+00   1.2398759e+02
   5.7752975e+02   2.6461036e+02   2.2856183e+03   1.2654651e+03   4.2000497e+00   2.1955323e+00   1.2398759e+02
   5.8115726e+02   2.6476776e+02   2.2837280e+03   1.2658642e+03   4.1993876e+00   2.1951862e+00   1.2398759e+02
   5.8478477e+02   2.6491984e+02   2.2818388e+03   1.2662604e+03   4.1987307e+00   2.1948428e+00   1.2398759e+02
   5.8841228e+02   2.6506955e+02   2.2799509e+03   1.2666535e+03   4.1980790e+00   2.1945021e+00   1.2398759e+02
   5.9203979e+02   2.6521925e+02   2.2780642e+03   1.2670435e+03   4.1974329e+00   2.1941644e+00   1.2398759e+02
   5.9566730e+02   2.6536895e+02   2.2761787e+03   1.2674303e+03   4.1967924e+00   2.1938295e+00   1.2398759e+02
   5.9929480e+02   2.6551866e+02   2.2742944e+03   1.2678139e+03   4.1961574e+00   2.1934976e+00   1.2398759e+02
   6.0292231e+02   2.6566836e+02   2.2724113e+03   1.2681944e+03   4.1955279e+00   2.1931685e+00   1.2398759e+02
   6.0654982e+02   2.6581806e+02   2.2705293e+03   1.2685717e+03   4.1949038e+00   2.1928423e+00   1.2398759e+02
   6.1017733e+02   2.6596243e+02   2.2686486e+03   1.2689463e+03   4.1942846e+00   2.1925186e+00   1.2398759e+02
   6.1380484e+02   2.6610463e+02   2.2667691e+03   1.2693179e+03   4.1936706e+00   2.1921977e+00   1.2398759e+02
   6.1743234e+02   2.6624684e+02   2.2648908e+03   1.2696864e+03   4.1930620e+00   2.1918795e+00   1.2398759e+02
   6.2105985e+02   2.6638904e+02   2.2630136e+03   1.2700518e+03   4.1924588e+00   2.1915642e+00   1.2398759e+02
   6.2468736e+02   2.6653125e+02   2.2611377e+03   1.2704142e+03   4.1918609e+00   2.1912517e+00   1.2398759e+02
   6.2831487e+02   2.6667346e+02   2.2592629e+03   1.2707734e+03   4.1912683e+00   2.1909419e+00   1.2398759e+02
   6.3194238e+02   2.6681566e+02   2.2573893e+03   1.2711297e+03   4.1906809e+00   2.1906348e+00   1.2398759e+02
   6.3556988e+02   2.6702206e+02   2.2555168e+03   1.2714788e+03   4.1901055e+00   2.1903341e+00   1.2398759e+02
   6.3919739e+02   2.6725186e+02   2.2538106e+03   1.3948423e+03   4.4915837e+00   2.3188256e+00   1.6041528e+02
   6.4282490e+02   2.6748166e+02   2.2521047e+03   1.3948273e+03   4.4916078e+00   2.3188380e+00   1.5963747e+02
   6.4645241e+02   2.6771147e+02   2.2503991e+03   1.3948123e+03   4.4916319e+00   2.3188505e+00   1.5886474e+02
   6.5007992e+02   2.6794127e+02   2.2486939e+03   1.3947974e+03   4.4916560e+00   2.3188629e+00   1.5809708e+02
   6.5370743e+02   2.6817107e+02   2.2469890e+03   1.3947824e+03   4.4916801e+00   2.3188753e+00   1.5733443e+02
   6.5733493e+02   2.6840087e+02   2.2452844e+03   1.3947675e+03   4.4917042e+00   2.3188878e+00   1.5657675e+02
   6.6096244e+02   2.6864577e+02   2.2435802e+03   1.3947515e+03   4.4917298e+00   2.3189010e+00   1.5577472e+02
   6.6458995e+02   2.6889560e+02   2.2418763e+03   1.3947352e+03   4.4917561e+00   2.3189146e+00   1.5496226e+02
   6.6821746e+02   2.6914543e+02   2.2401727e+03   1.3947189e+03   4.4917823e+00   2.3189281e+00   1.5415554e+02
   6.7184497e+02   2.6939527e+02   2.2384695e+03   1.3947027e+03   4.4918085e+00   2.3189416e+00   1.5335450e+02
   6.7547247e+02   2.6964510e+02   2.2367667e+03   1.3946864e+03   4.4918347e+00   2.3189552e+00   1.5255910e+02
   6.7909998e+02   2.6989493e+02   2.2350642e+03   1.3946701e+03   4.4918610e+00   2.3189687e+00   1.5176929e+02
   6.8272749e+02   2.7014477e+02   2.2333621e+03   1.3946538e+03   4.4918872e+00   2.3189823e+00   1.5098501e+02
   6.8635500e+02   2.7038613e+02   2.2316603e+03   1.3946380e+03   4.4919126e+00   2.3189954e+00   1.5023252e+02
   6.8998251e+02   2.7062504e+02   2.2299589e+03   1.3946224e+03   4.4919377e+00   2.3190083e+00   1.4949270e+02
   6.9361002e+02   2.7086395e+02   2.2282578e+03   1.3946069e+03   4.4919628e+00   2.3190213e+00   1.4875783e+02
   6.9723752e+02   2.7110286e+02   2.2265571e+03   1.3945913e+03   4.4919879e+00   2.3190342e+00   1.4802785e+02
   7.0086503e+02   2.7134177e+02   2.2248568e+03   1.3945757e+03   4.4920130e+00   2.3190472e+00   1.4730272e+02
   7.0449254e+02   2.7158068e+02   2.2231568e+03   1.3945601e+03   4.4920381e+00   2.3190602e+00   1.4658242e+02
   7.0812005e+02   2.7181959e+02   2.2214572e+03   1.3945445e+03   4.4920633e+00   2.3190732e+00   1.4586690e+02
   7.1174756e+02   2.7205033e+02   2.2197580e+03   1.3945294e+03   4.4920875e+00   2.3190857e+00   1.4518034e+02
   7.1537506e+02   2.7227897e+02   2.2180592e+03   1.3945145e+03   4.4921116e+00   2.3190981e+00   1.4450435e+02
   7.1900257e+02   2.7250761e+02   2.2163607e+03   1.3944995e+03   4.4921356e+00   2.3191105e+00   1.4383263e+02
   7.2263008e+02   2.7273626e+02   2.2146627e+03   1.3944846e+03   4.4921597e+00   2.3191229e+00   1.4316515e+02
   7.2625759e+02   2.7296490e+02   2.2129650e+03   1.3944696e+03   4.4921838e+00   2.3191354e+00   1.4250188e+02
   7.2988510e+02   2.7319354e+02   2.2112677e+03   1.3944547e+03   4.4922078e+00   2.3191478e+00   1.4184279e+02
   7.3351260e+02   2.7342219e+02   2.2095708e+03   1.3944398e+03   4.4922319e+00   2.3191602e+00   1.4118783e+02
   7.3714011e+02   2.7364298e+02   2.2078742e+03   1.3944253e+03   4.4922552e+00   2.3191722e+00   1.4055927e+02
   7.4076762e+02   2.7386202e+02   2.2061781e+03   1.3944110e+03   4.4922782e+00   2.3191841e+00   1.3993947e+02
   7.4439513e+02   2.7408105e+02   2.2044824e+03   1.3943967e+03   4.4923013e+00   2.3191961e+00   1.3932340e+02
   7.4802264e+02   2.7430009e+02   2.2027870e+03   1.3943823e+03   4.4923244e+00   2.3192080e+00   1.3871101e+02
   7.5165015e+02   2.7451912e+02   2.2010921e+03   1.3943680e+03   4.4923475e+00   2.3192199e+00   1.3810228e+02
   7.5527765e+02   2.7473815e+02   2.1993976e+03   1.3943537e+03   4.4923706e+00   2.3192318e+00   1.3749719e+02
   7.5890516e+02   2.7495719e+02   2.1977034e+03   1.3943394e+03   4.4923936e+00   2.3192437e+00   1.3689571e+02
   7.6253267e+02   2.7516870e+02   2.1960097e+03   1.3943255e+03   4.4924159e+00   2.3192552e+00   1.3631828e+02
   7.6616018e+02   2.7537877e+02   2.1943164e+03   1.3943118e+03   4.4924381e+00   2.3192667e+00   1.3574809e+02
   7.6978769e+02   2.7558883e+02   2.1926235e+03   1.3942980e+03   4.4924602e+00   2.3192781e+00   1.3518116e+02
   7.7341519e+02   2.7579889e+02   2.1909311e+03   1.3942843e+03   4.4924824e+00   2.3192895e+00   1.3461745e+02
   7.7704270e+02   2.7600895e+02   2.1892390e+03   1.3942705e+03   4.4925046e+00   2.3193010e+00   1.3405695e+02
   7.8067021e+02   2.7621901e+02   2.1875474e+03   1.3942568e+03   4.4925267e+00   2.3193124e+00   1.3349963e+02
   7.8429772e+02   2.7642907e+02   2.1858562e+03   1.3942430e+03   4.4925489e+00   2.3193239e+00   1.3294546e+02
   7.8792523e+02   2.7663196e+02   2.1841654e+03   1.3942297e+03   4.4925703e+00   2.3193349e+00   1.3241322e+02
   7.9155274e+02   2.7683366e+02   2.1824750e+03   1.3942165e+03   4.4925916e+00   2.3193459e+00   1.3188696e+02
   7.9518024e+02   2.7703536e+02   2.1807851e+03   1.3942033e+03   4.4926129e+00   2.3193569e+00   1.3136355e+02
   7.9880775e+02   2.7723706e+02   2.1790956e+03   1.3941901e+03   4.4926342e+00   2.3193679e+00   1.3084297e+02
   8.0243526e+02   2.7743876e+02   2.1774066e+03   1.3941768e+03   4.4926555e+00   2.3193789e+00   1.3032521e+02
   8.0606277e+02   2.7764046e+02   2.1757180e+03   1.3941636e+03   4.4926768e+00   2.3193899e+00   1.2981024e+02
   8.0969028e+02   2.7784216e+02   2.1740298e+03   1.3941504e+03   4.4926981e+00   2.3194009e+00   1.2929806e+02
   8.1331778e+02   2.7803701e+02   2.1723421e+03   1.3941376e+03   4.4927186e+00   2.3194115e+00   1.2880587e+02
   8.1694529e+02   2.7823093e+02   2.1706548e+03   1.3941249e+03   4.4927391e+00   2.3194221e+00   1.2831859e+02
   8.2057280e+02   2.7842485e+02   2.1689679e+03   1.3941122e+03   4.4927596e+00   2.3194326e+00   1.2783382e+02
   8.2420031e+02   2.7861878e+02   2.1672816e+03   1.3940995e+03   4.4927801e+00   2.3194432e+00   1.2735156e+02
   8.2782782e+02   2.7881270e+02   2.1655956e+03   1.3940868e+03   4.4928006e+00   2.3194538e+00   1.2687178e+02
   8.3145532e+02   2.7900662e+02   2.1639102e+03   1.3940741e+03   4.4928211e+00   2.3194644e+00   1.2639448e+02
   8.3508283e+02   2.7920054e+02   2.1622251e+03   1.3940613e+03   4.4928416e+00   2.3194750e+00   1.2591963e+02
   8.3871034e+02   2.7938795e+02   2.1605406e+03   1.3940490e+03   4.4928614e+00   2.3194852e+00   1.2546303e+02
   8.4233785e+02   2.7957465e+02   2.1588565e+03   1.3940368e+03   4.4928811e+00   2.3194954e+00   1.2501044e+02
   8.4596536e+02   2.7976134e+02   2.1571729e+03   1.3940246e+03   4.4929009e+00   2.3195056e+00   1.2456008e+02
   8.4959287e+02   2.7994803e+02   2.1554897e+03   1.3940123e+03   4.4929206e+00   2.3195158e+00   1.2411194e+02
   8.5322037e+02   2.8013473e+02   2.1538070e+03   1.3940001e+03   4.4929403e+00   2.3195260e+00   1.2366600e+02
   8.5684788e+02   2.8032142e+02   2.1521248e+03   1.3939878e+03   4.4929601e+00   2.3195362e+00   1.2322226e+02
   8.6047539e+02   2.8050812e+02   2.1504431e+03   1.3939755e+03   4.4929798e+00   2.3195463e+00   1.2278070e+02
   8.6410290e+02   2.8068863e+02   2.1487618e+03   1.3939637e+03   4.4929989e+00   2.3195562e+00   1.2235581e+02
   8.6773041e+02   2.8086863e+02   2.1470811e+03   1.3939519e+03   4.4930180e+00   2.3195660e+00   1.2193416e+02
   8.7135791e+02   2.8104862e+02   2.1454008e+03   1.3939401e+03   4.4930370e+00   2.3195759e+00   1.2151451e+02
   8.7498542e+02   2.8122861e+02   2.1437210e+03   1.3939282e+03   4.4930561e+00   2.3195857e+00   1.2109683e+02
   8.7861293e+02   2.8140860e+02   2.1420416e+03   1.3939164e+03   4.4930751e+00   2.3195955e+00   1.2068111e+02
   8.8224044e+02   2.8158859e+02   2.1403628e+03   1.3939046e+03   4.4930942e+00   2.3196054e+00   1.2026736e+02
   8.8586795e+02   2.8176858e+02   2.1386845e+03   1.3938928e+03   4.4931132e+00   2.3196152e+00   1.1985555e+02
   8.8949546e+02   2.8194272e+02   2.1370066e+03   1.3938813e+03   4.4931316e+00   2.3196247e+00   1.1945896e+02
   8.9312296e+02   2.8211650e+02   2.1353293e+03   1.3938699e+03   4.4931500e+00   2.3196342e+00   1.1906498e+02
   8.9675047e+02   2.8229029e+02   2.1336525e+03   1.3938585e+03   4.4931684e+00   2.3196437e+00   1.1867279e+02
   9.0037798e+02   2.8246407e+02   2.1319761e+03   1.3938471e+03   4.4931868e+00   2.3196532e+00   1.1828236e+02
   9.0400549e+02   2.8263786e+02   2.1303003e+03   1.3938357e+03   4.4932053e+00   2.3196627e+00   1.1789370e+02
   9.0763300e+02   2.8281164e+02   2.1286250e+03   1.3938243e+03   4.4932237e+00   2.3196722e+00   1.1750679e+02
   9.1126050e+02   2.8298542e+02   2.1269502e+03   1.3938128e+03   4.4932421e+00   2.3196817e+00   1.1712162e+02
   9.1488801e+02   2.8315367e+02   2.1252759e+03   1.3938018e+03   4.4932599e+00   2.3196909e+00   1.1675037e+02
   9.1851552e+02   2.8332172e+02   2.1236021e+03   1.3937907e+03   4.4932777e+00   2.3197001e+00   1.1638118e+02
   9.2214303e+02   2.8348976e+02   2.1219289e+03   1.3937797e+03   4.4932955e+00   2.3197093e+00   1.1601360e+02
   9.2577054e+02   2.8365781e+02   2.1202561e+03   1.3937686e+03   4.4933133e+00   2.3197185e+00   1.1564762e+02
   9.2939804e+02   2.8382585e+02   2.1185839e+03   1.3937576e+03   4.4933311e+00   2.3197277e+00   1.1528322e+02
   9.3302555e+02   2.8399389e+02   2.1169122e+03   1.3937465e+03   4.4933489e+00   2.3197369e+00   1.1492039e+02
   9.3665306e+02   2.8416194e+02   2.1152411e+03   1.3937355e+03   4.4933667e+00   2.3197461e+00   1.1455914e+02
   9.4028057e+02   2.8432476e+02   2.1135704e+03   1.3937248e+03   4.4933840e+00   2.3197550e+00   1.1421059e+02
   9.4390808e+02   2.8448751e+02   2.1119003e+03   1.3937141e+03   4.4934013e+00   2.3197639e+00   1.1386367e+02
   9.4753559e+02   2.8465026e+02   2.1102308e+03   1.3937034e+03   4.4934185e+00   2.3197728e+00   1.1351819e+02
   9.5116309e+02   2.8481300e+02   2.1085618e+03   1.3936927e+03   4.4934358e+00   2.3197817e+00   1.1317416e+02
   9.5479060e+02   2.8497575e+02   2.1068933e+03   1.3936820e+03   4.4934530e+00   2.3197906e+00   1.1283156e+02
   9.5841811e+02   2.8513850e+02   2.1052253e+03   1.3936713e+03   4.4934703e+00   2.3197995e+00   1.1249039e+02
   9.6204562e+02   2.8530122e+02   2.1035580e+03   1.3936606e+03   4.4934875e+00   2.3198085e+00   1.1215070e+02
   9.6567313e+02   2.8545908e+02   2.1018911e+03   1.3936502e+03   4.4935043e+00   2.3198171e+00   1.1182248e+02
   9.6930063e+02   2.8561695e+02   2.1002248e+03   1.3936398e+03   4.4935210e+00   2.3198257e+00   1.1149558e+02
   9.7292814e+02   2.8577482e+02   2.0985591e+03   1.3936294e+03   4.4935378e+00   2.3198344e+00   1.1117000e+02
   9.7655565e+02   2.8593269e+02   2.0968939e+03   1.3936190e+03   4.4935545e+00   2.3198430e+00   1.1084573e+02
   9.8018316e+02   2.8609055e+02   2.0952293e+03   1.3936086e+03   4.4935713e+00   2.3198517e+00   1.1052276e+02
   9.8381067e+02   2.8624842e+02   2.0935652e+03   1.3935982e+03   4.4935880e+00   2.3198603e+00   1.1020108e+02
   9.8743818e+02   2.8640617e+02   2.0919017e+03   1.3935878e+03   4.4936048e+00   2.3198690e+00   1.0988094e+02
   9.9106568e+02   2.8655955e+02   2.0902388e+03   1.3935777e+03   4.4936210e+00   2.3198774e+00   1.0957088e+02
   9.9469319e+02   2.8671294e+02   2.0885764e+03   1.3935676e+03   4.4936373e+00   2.3198858e+00   1.0926203e+02
   9.9832070e+02   2.8686632e+02   2.0869146e+03   1.3935576e+03   4.4936536e+00   2.3198942e+00   1.0895437e+02
   1.0019482e+03   2.8701970e+02   2.0852534e+03   1.3935475e+03   4.4936699e+00   2.3199026e+00   1.0864791e+02
   1.0055757e+03   2.8717309e+02   2.0835928e+03   1.3935374e+03   4.4936862e+00   2.3199110e+00   1.0834264e+02
   1.0092032e+03   2.8732647e+02   2.0819327e+03   1.3935273e+03   4.4937025e+00   2.3199194e+00   1.0803855e+02
   1.0128307e+03   2.8747966e+02   2.0802732e+03   1.3935172e+03   4.4937187e+00   2.3199278e+00   1.0773603e+02
   1.0164582e+03   2.8762894e+02   2.0786143e+03   1.3935073e+03   4.4937346e+00   2.3199360e+00   1.0744235e+02
   1.0200857e+03   2.8777821e+02   2.0769560e+03   1.3934975e+03   4.4937504e+00   2.3199442e+00   1.0714978e+02
   1.0237133e+03   2.8792748e+02   2.0752983e+03   1.3934877e+03   4.4937663e+00   2.3199524e+00   1.0685831e+02
   1.0273408e+03   2.8807676e+02   2.0736412e+03   1.3934778e+03   4.4937821e+00   2.3199605e+00   1.0656793e+02
   1.0309683e+03   2.8822603e+02   2.0719846e+03   1.3934680e+03   4.4937980e+00   2.3199687e+00   1.0627864e+02
   1.0345958e+03   2.8837531e+02   2.0703287e+03   1.3934582e+03   4.4938139e+00   2.3199769e+00   1.0599044e+02
   1.0382233e+03   2.8852432e+02   2.0686733e+03   1.3934483e+03   4.4938297e+00   2.3199851e+00   1.0570380e+02
   1.0418508e+03   2.8866984e+02   2.0670186e+03   1.3934388e+03   4.4938452e+00   2.3199931e+00   1.0542493e+02
   1.0454783e+03   2.8881536e+02   2.0653645e+03   1.3934292e+03   4.4938606e+00   2.3200011e+00   1.0514708e+02
   1.0491058e+03   2.8896088e+02   2.0637109e+03   1.3934196e+03   4.4938761e+00   2.3200090e+00   1.0487023e+02
   1.0527333e+03   2.8910640e+02   2.0620580e+03   1.3934100e+03   4.4938915e+00   2.3200170e+00   1.0459439e+02
   1.0563608e+03   2.8925192e+02   2.0604057e+03   1.3934004e+03   4.4939070e+00   2.3200250e+00   1.0431956e+02
   1.0599883e+03   2.8939744e+02   2.0587540e+03   1.3933908e+03   4.4939225e+00   2.3200330e+00   1.0404572e+02
   1.0636158e+03   2.8954265e+02   2.0571029e+03   1.3933812e+03   4.4939379e+00   2.3200410e+00   1.0377345e+02
   1.0672434e+03   2.8968475e+02   2.0554524e+03   1.3933719e+03   4.4939530e+00   2.3200488e+00   1.0350797e+02
   1.0708709e+03   2.8982684e+02   2.0538026e+03   1.3933625e+03   4.4939681e+00   2.3200566e+00   1.0324343e+02
   1.0744984e+03   2.8996894e+02   2.0521534e+03   1.3933531e+03   4.4939832e+00   2.3200644e+00   1.0297982e+02
   1.0781259e+03   2.9011104e+02   2.0505048e+03   1.3933438e+03   4.4939983e+00   2.3200722e+00   1.0271714e+02
   1.0817534e+03   2.9025314e+02   2.0488568e+03   1.3933344e+03   4.4940134e+00   2.3200800e+00   1.0245539e+02
   1.0853809e+03   2.9039523e+02   2.0472095e+03   1.3933250e+03   4.4940286e+00   2.3200878e+00   1.0219457e+02
   1.0890084e+03   2.9053699e+02   2.0455627e+03   1.3933157e+03   4.4940436e+00   2.3200955e+00   1.0193528e+02
   1.0926359e+03   2.9067598e+02   2.0439167e+03   1.3933065e+03   4.4940584e+00   2.3201032e+00   1.0168193e+02
   1.0962634e+03   2.9081498e+02   2.0422712e+03   1.3932973e+03   4.4940732e+00   2.3201108e+00   1.0142946e+02
   1.0998909e+03   2.9095397e+02   2.0406265e+03   1.3932882e+03   4.4940880e+00   2.3201184e+00   1.0117784e+02
   1.1035184e+03   2.9109296e+02   2.0389823e+03   1.3932790e+03   4.4941028e+00   2.3201261e+00   1.0092710e+02
   1.1071459e+03   2.9123196e+02   2.0373388e+03   1.3932698e+03   4.4941176e+00   2.3201337e+00   1.0067721e+02
   1.1107735e+03   2.9137095e+02   2.0356959e+03   1.3932607e+03   4.4941323e+00   2.3201413e+00   1.0042818e+02
   1.1144010e+03   2.9150957e+02   2.0340537e+03   1.3932515e+03   4.4941471e+00   2.3201490e+00   1.0018066e+02
   1.1180285e+03   2.9164576e+02   2.0324122e+03   1.3932425e+03   4.4941616e+00   2.3201564e+00   9.9938305e+01
   1.1216560e+03   2.9178195e+02   2.0307713e+03   1.3932336e+03   4.4941761e+00   2.3201639e+00   9.9696766e+01
   1.1252835e+03   2.9191814e+02   2.0291311e+03   1.3932246e+03   4.4941906e+00   2.3201714e+00   9.9456035e+01
   1.1289110e+03   2.9205433e+02   2.0274915e+03   1.3932156e+03   4.4942051e+00   2.3201789e+00   9.9216109e+01
   1.1325385e+03   2.9219052e+02   2.0258526e+03   1.3932066e+03   4.4942196e+00   2.3201864e+00   9.8976985e+01
   1.1361660e+03   2.9232671e+02   2.0242143e+03   1.3931976e+03   4.4942341e+00   2.3201939e+00   9.8738659e+01
   1.1397935e+03   2.9246252e+02   2.0225767e+03   1.3931886e+03   4.4942485e+00   2.3202013e+00   9.8501797e+01
   1.1434210e+03   2.9259619e+02   2.0209398e+03   1.3931798e+03   4.4942628e+00   2.3202087e+00   9.8269428e+01
   1.1470485e+03   2.9272986e+02   2.0193036e+03   1.3931710e+03   4.4942770e+00   2.3202160e+00   9.8037819e+01
   1.1506760e+03   2.9286353e+02   2.0176680e+03   1.3931622e+03   4.4942912e+00   2.3202234e+00   9.7806967e+01
   1.1543035e+03   2.9299720e+02   2.0160331e+03   1.3931533e+03   4.4943054e+00   2.3202307e+00   9.7576868e+01
   1.1579311e+03   2.9313086e+02   2.0143989e+03   1.3931445e+03   4.4943197e+00   2.3202381e+00   9.7347520e+01
   1.1615586e+03   2.9326453e+02   2.0127654e+03   1.3931357e+03   4.4943339e+00   2.3202454e+00   9.7118919e+01
   1.1651861e+03   2.9339781e+02   2.0111325e+03   1.3931269e+03   4.4943481e+00   2.3202527e+00   9.6891726e+01
   1.1688136e+03   2.9352923e+02   2.0095004e+03   1.3931182e+03   4.4943621e+00   2.3202600e+00   9.6668426e+01
   1.1724411e+03   2.9366065e+02   2.0078689e+03   1.3931095e+03   4.4943761e+00   2.3202672e+00   9.6445839e+01
   1.1760686e+03   2.9379207e+02   2.0062382e+03   1.3931009e+03   4.4943901e+00   2.3202744e+00   9.6223964e+01
   1.1796961e+03   2.9392349e+02   2.0046081e+03   1.3930922e+03   4.4944041e+00   2.3202816e+00   9.6002796e+01
   1.1833236e+03   2.9405491e+02   2.0029787e+03   1.3930835e+03   4.4944181e+00   2.3202889e+00   9.5782334e+01
   1.1869511e+03   2.9418633e+02   2.0013500e+03   1.3930748e+03   4.4944321e+00   2.3202961e+00   9.5562575e+01
   1.1905786e+03   2.9431736e+02   1.9997220e+03   1.3930662e+03   4.4944461e+00   2.3203033e+00   9.5344160e+01
   1.1942061e+03   2.9444679e+02   1.9980948e+03   1.3930576e+03   4.4944599e+00   2.3203104e+00   9.5129104e+01
   1.1978336e+03   2.9457621e+02   1.9964682e+03   1.3930491e+03   4.4944736e+00   2.3203175e+00   9.4914721e+01
   1.2014612e+03   2.9470564e+02   1.9948423e+03   1.3930405e+03   4.4944874e+00   2.3203247e+00   9.4701009e+01
   1.2050887e+03   2.9483506e+02   1.9932172e+03   1.3930320e+03   4.4945012e+00   2.3203318e+00   9.4487965e+01
   1.2087162e+03   2.9496449e+02   1.9915928e+03   1.3930234e+03   4.4945150e+00   2.3203389e+00   9.4275587e+01
   1.2123437e+03   2.9509392e+02   1.9899690e+03   1.3930149e+03   4.4945288e+00   2.3203460e+00   9.4063872e+01
   1.2159712e+03   2.9522296e+02   1.9883460e+03   1.3930063e+03   4.4945426e+00   2.3203531e+00   9.3853431e+01
   1.2195987e+03   2.9535064e+02   1.9867238e+03   1.3929979e+03   4.4945562e+00   2.3203602e+00   9.3645875e+01
   1.2232262e+03   2.9547831e+02   1.9851022e+03   1.3929895e+03   4.4945698e+00   2.3203672e+00   9.3438958e+01
   1.2268537e+03   2.9560598e+02   1.9834814e+03   1.3929810e+03   4.4945834e+00   2.3203742e+00   9.3232675e+01
   1.2304812e+03   2.9573366e+02   1.9818613e+03   1.3929726e+03   4.4945970e+00   2.3203812e+00   9.3027025e+01
   1.2341087e+03   2.9586133e+02   1.9802419e+03   1.3929642e+03   4.4946106e+00   2.3203883e+00   9.2822006e+01
   1.2377362e+03   2.9598901e+02   1.9786233e+03   1.3929557e+03   4.4946242e+00   2.3203953e+00   9.2617615e+01
   1.2413637e+03   2.9611632e+02   1.9770054e+03   1.3929473e+03   4.4946378e+00   2.3204023e+00   9.2414423e+01
   1.2449913e+03   2.9624247e+02   1.9753882e+03   1.3929390e+03   4.4946513e+00   2.3204092e+00   9.2213695e+01
   1.2486188e+03   2.9636863e+02   1.9737718e+03   1.3929306e+03   4.4946647e+00   2.3204162e+00   9.2013574e+01
   1.2522463e+03   2.9649478e+02   1.9721561e+03   1.3929223e+03   4.4946782e+00   2.3204231e+00   9.1814057e+01
   1.2558738e+03   2.9662093e+02   1.9705412e+03   1.3929140e+03   4.4946916e+00   2.3204301e+00   9.1615142e+01
   1.2595013e+03   2.9674708e+02   1.9689270e+03   1.3929056e+03   4.4947051e+00   2.3204370e+00   9.1416826e+01
   1.2631288e+03   2.9687324e+02   1.9673136e+03   1.3928973e+03   4.4947185e+00   2.3204440e+00   9.1219108e+01
   1.2667563e+03   2.9699905e+02   1.9657009e+03   1.3928890e+03   4.4947320e+00   2.3204509e+00   9.1022507e+01
   1.2703838e+03   2.9712391e+02   1.9640889e+03   1.3928807e+03   4.4947453e+00   2.3204578e+00   9.0828000e+01
   1.2740113e+03   2.9724876e+02   1.9624778e+03   1.3928724e+03   4.4947586e+00   2.3204647e+00   9.0634072e+01
   1.2776388e+03   2.9737361e+02   1.9608674e+03   1.3928642e+03   4.4947719e+00   2.3204715e+00   9.0440719e+01
   1.2812663e+03   2.9749846e+02   1.9592577e+03   1.3928559e+03   4.4947853e+00   2.3204784e+00   9.0247941e+01
   1.2848938e+03   2.9762331e+02   1.9576488e+03   1.3928477e+03   4.4947986e+00   2.3204853e+00   9.0055736e+01
   1.2885214e+03   2.9774816e+02   1.9560407e+03   1.3928394e+03   4.4948119e+00   2.3204922e+00   8.9864100e+01
   1.2921489e+03   2.9787271e+02   1.9544334e+03   1.3928312e+03   4.4948252e+00   2.3204990e+00   8.9673497e+01
   1.2957764e+03   2.9799646e+02   1.9528268e+03   1.3928230e+03   4.4948384e+00   2.3205058e+00   8.9484659e+01
   1.2994039e+03   2.9812022e+02   1.9512210e+03   1.3928148e+03   4.4948516e+00   2.3205127e+00   8.9296375e+01
   1.3030314e+03   2.9824398e+02   1.9496159e+03   1.3928066e+03   4.4948648e+00   2.3205195e+00   8.9108643e+01
   1.3066589e+03   2.9836774e+02   1.9480117e+03   1.3927984e+03   4.4948780e+00   2.3205263e+00   8.8921461e+01
   1.3102864e+03   2.9849150e+02   1.9464082e+03   1.3927903e+03   4.4948912e+00   2.3205331e+00   8.8734827e+01
   1.3139139e+03   2.9861525e+02   1.9448055e+03   1.3927821e+03   4.4949044e+00   2.3205399e+00   8.8548739e+01
   1.3175414e+03   2.9873874e+02   1.9432036e+03   1.3927739e+03   4.4949176e+00   2.3205468e+00   8.8363595e+01
   1.3211689e+03   2.9886161e+02   1.9416025e+03   1.3927658e+03   4.4949307e+00   2.3205535e+00   8.8179927e+01
   1.3247964e+03   2.9898447e+02   1.9400022e+03   1.3927576e+03   4.4949439e+00   2.3205603e+00   8.7996791e+01
   1.3284239e+03   2.9910733e+02   1.9384026e+03   1.3927495e+03   4.4949570e+00   2.3205671e+00   8.7814186e+01
   1.3320514e+03   2.9923020e+02   1.9368039e+03   1.3927414e+03   4.4949701e+00   2.3205738e+00   8.7632109e+01
   1.3356790e+03   2.9935306e+02   1.9352060e+03   1.3927332e+03   4.4949832e+00   2.3205806e+00   8.7450558e+01
   1.3393065e+03   2.9947592e+02   1.9336088e+03   1.3927251e+03   4.4949963e+00   2.3205874e+00   8.7269532e+01
   1.3429340e+03   2.9959856e+02   1.9320125e+03   1.3927170e+03   4.4950094e+00   2.3205942e+00   8.7089360e+01
   1.3465615e+03   2.9972072e+02   1.9304169e+03   1.3927089e+03   4.4950225e+00   2.3206009e+00   8.6910408e+01
   1.3501890e+03   2.9984288e+02   1.9288222e+03   1.3927008e+03   4.4950355e+00   2.3206076e+00   8.6731970e+01
   1.3538165e+03   2.9996503e+02   1.9272283e+03   1.3926927e+03   4.4950486e+00   2.3206144e+00   8.6554043e+01
   1.3574440e+03   3.0008719e+02   1.9256352e+03   1.3926847e+03   4.4950616e+00   2.3206211e+00   8.6376625e+01
   1.3610715e+03   3.0020935e+02   1.9240429e+03   1.3926766e+03   4.4950747e+00   2.3206278e+00   8.6199714e+01
   1.3646990e+03   3.0033151e+02   1.9224514e+03   1.3926685e+03   4.4950877e+00   2.3206346e+00   8.6023310e+01
   1.3683265e+03   3.0045349e+02   1.9208607e+03   1.3926604e+03   4.4951008e+00   2.3206413e+00   8.5847667e+01
   1.3719540e+03   3.0057512e+02   1.9192709e+03   1.3926524e+03   4.4951138e+00   2.3206480e+00   8.5673020e+01
   1.3755815e+03   3.0069675e+02   1.9176818e+03   1.3926443e+03   4.4951268e+00   2.3206547e+00   8.5498869e+01
   1.3792091e+03   3.0081839e+02   1.9160936e+03   1.3926363e+03   4.4951398e+00   2.3206614e+00   8.5325213e+01
   1.3828366e+03   3.0094002e+02   1.9145063e+03   1.3926282e+03   4.4951528e+00   2.3206681e+00   8.5152049e+01
   1.3864641e+03   3.0106165e+02   1.9129197e+03   1.3926201e+03   4.4951658e+00   2.3206748e+00   8.4979377e+01
   1.3900916e+03   3.0118329e+02   1.9113340e+03   1.3926121e+03   4.4951787e+00   2.3206816e+00   8.4807193e+01
   1.3937191e+03   3.0130479e+02   1.9097491e+03   1.3926040e+03   4.4951917e+00   2.3206883e+00   8.4635677e+01
   1.3973466e+03   3.0142608e+02   1.9081651e+03   1.3925960e+03   4.4952047e+00   2.3206950e+00   8.4464961e+01
   1.4009741e+03   3.0154736e+02   1.9065819e+03   1.3925880e+03   4.4952177e+00   2.3207016e+00   8.4294726e+01
   1.4046016e+03   3.0166864e+02   1.9049995e+03   1.3925799e+03   4.4952306e+00   2.3207083e+00   8.4124971e+01
   1.4082291e+03   3.0178992e+02   1.9034180e+03   1.3925719e+03   4.4952436e+00   2.3207150e+00   8.3955694e+01
   1.4118566e+03   3.0191120e+02   1.9018373e+03   1.3925639e+03   4.4952566e+00   2.3207217e+00   8.3786893e+01
   1.4154841e+03   3.0203248e+02   1.9002575e+03   1.3925558e+03   4.4952695e+00   2.3207284e+00   8.3618567e+01
   1.4191116e+03   3.0215369e+02   1.8986785e+03   1.3925478e+03   4.4952825e+00   2.3207351e+00   8.3450812e+01
   1.4227392e+03   3.0227479e+02   1.8971004e+03   1.3925398e+03   4.4952954e+00   2.3207418e+00   8.3283687e+01
   1.4263667e+03   3.0239588e+02   1.8955231e+03   1.3925318e+03   4.4953084e+00   2.3207485e+00   8.3117030e+01
   1.4299942e+03   3.0251697e+02   1.8939467e+03   1.3925238e+03   4.4953213e+00   2.3207552e+00   8.2950840e+01
   1.4336217e+03   3.0263807e+02   1.8923711e+03   1.3925157e+03   4.4953343e+00   2.3207618e+00   8.2785115e+01
   1.4372492e+03   3.0275916e+02   1.8907964e+03   1.3925077e+03   4.4953472e+00   2.3207685e+00   8.2619853e+01
   1.4408767e+03   3.0288026e+02   1.8892226e+03   1.3924997e+03   4.4953602e+00   2.3207752e+00   8.2455052e+01
   1.4445042e+03   3.0300134e+02   1.8876496e+03   1.3924917e+03   4.4953731e+00   2.3207819e+00   8.2290727e+01
   1.4481317e+03   3.0312241e+02   1.8860775e+03   1.3924836e+03   4.4953861e+00   2.3207886e+00   8.2126884e+01
   1.4517592e+03   3.0324347e+02   1.8845063e+03   1.3924756e+03   4.4953990e+00   2.3207953e+00   8.1963498e+01
   1.4553867e+03   3.0336454e+02   1.8829359e+03   1.3924676e+03   4.4954120e+00   2.3208020e+00   8.1800567e+01
   1.4590142e+03   3.0348560e+02   1.8813664e+03   1.3924596e+03   4.4954249e+00   2.3208086e+00   8.1638089e+01
   1.4626417e+03   3.0360667e+02   1.8797978e+03   1.3924516e+03   4.4954379e+00   2.3208153e+00   8.1476063e+01
   1.4662693e+03   3.0372773e+02   1.8782301e+03   1.3924435e+03   4.4954508e+00   2.3208220e+00   8.1314488e+01
   1.4698968e+03   3.0384885e+02   1.8766632e+03   1.3924355e+03   4.4954638e+00   2.3208287e+00   8.1153292e+01
   1.4735243e+03   3.0397004e+02   1.8750972e+03   1.3924275e+03   4.4954767e+00   2.3208354e+00   8.0992450e+01
   1.4771518e+03   3.0409123e+02   1.8735321e+03   1.3924194e+03   4.4954897e+00   2.3208421e+00   8.0832054e+01
   1.4807793e+03   3.0421242e+02   1.8719679e+03   1.3924114e+03   4.4955027e+00   2.3208488e+00   8.0672104e+01
   1.4844068e+03   3.0433360e+02   1.8704046e+03   1.3924034e+03   4.4955156e+00   2.3208555e+00   8.0512597e+01
   1.4880343e+03   3.0445479e+02   1.8688422e+03   1.3923953e+03   4.4955286e+00   2.3208622e+00   8.0353532e+01
   1.4916618e+03   3.0457598e+02   1.8672807e+03   1.3923873e+03   4.4955416e+00   2.3208689e+00   8.0194908e+01
   1.4952893e+03   3.0469729e+02   1.8657200e+03   1.3923793e+03   4.4955546e+00   2.3208756e+00   8.0036567e+01
   1.4989168e+03   3.0481875e+02   1.8641603e+03   1.3923712e+03   4.4955676e+00   2.3208823e+00   7.9878470e+01
   1.5025443e+03   3.0494020e+02   1.8626015e+03   1.3923632e+03   4.4955806e+00   2.3208890e+00   7.9720812e+01
   1.5061718e+03   3.0506166e+02   1.8610435e+03   1.3923551e+03   4.4955936e+00   2.3208957e+00   7.9563589e+01
   1.5097993e+03   3.0518312e+02   1.8594865e+03   1.3923471e+03   4.4956066e+00   2.3209024e+00   7.9406802e+01
   1.5134269e+03   3.0530457e+02   1.8579304e+03   1.3923390e+03   4.4956196e+00   2.3209091e+00   7.9250448e+01
   1.5170544e+03   3.0542603e+02   1.8563752e+03   1.3923309e+03   4.4956326e+00   2.3209158e+00   7.9094526e+01
   1.5206819e+03   3.0554768e+02   1.8548208e+03   1.3923229e+03   4.4956456e+00   2.3209226e+00   7.8938790e+01
   1.5243094e+03   3.0566954e+02   1.8532675e+03   1.3923148e+03   4.4956586e+00   2.3209293e+00   7.8783207e+01
   1.5279369e+03   3.0579141e+02   1.8517150e+03   1.3923067e+03   4.4956717e+00   2.3209360e+00   7.8628054e+01
   1.5315644e+03   3.0591327e+02   1.8501634e+03   1.3922986e+03   4.4956847e+00   2.3209428e+00   7.8473330e+01
   1.5351919e+03   3.0603514e+02   1.8486128e+03   1.3922906e+03   4.4956978e+00   2.3209495e+00   7.8319033e+01
   1.5388194e+03   3.0615700e+02   1.8470630e+03   1.3922825e+03   4.4957108e+00   2.3209563e+00   7.8165162e+01
   1.5424469e+03   3.0627887e+02   1.8455142e+03   1.3922744e+03   4.4957239e+00   2.3209630e+00   7.8011715e+01
   1.5460744e+03   3.0640100e+02   1.8439664e+03   1.3922663e+03   4.4957370e+00   2.3209697e+00   7.7858359e+01
   1.5497019e+03   3.0652341e+02   1.8424194e+03   1.3922582e+03   4.4957501e+00   2.3209765e+00   7.7705078e+01
   1.5533294e+03   3.0664582e+02   1.8408734e+03   1.3922500e+03   4.4957632e+00   2.3209833e+00   7.7552221e+01
   1.5569570e+03   3.0676823e+02   1.8393283e+03   1.3922419e+03   4.4957763e+00   2.3209900e+00   7.7399786e+01
   1.5605845e+03   3.0689063e+02   1.8377841e+03   1.3922338e+03   4.4957894e+00   2.3209968e+00   7.7247772e+01
   1.5642120e+03   3.0701304e+02   1.8362409e+03   1.3922257e+03   4.4958025e+00   2.3210036e+00   7.7096177e+01
   1.5678395e+03   3.0713545e+02   1.8346986e+03   1.3922176e+03   4.4958156e+00   2.3210104e+00   7.6945000e+01
   1.5714670e+03   3.0725820e+02   1.8331573e+03   1.3922094e+03   4.4958288e+00   2.3210171e+00   7.6793818e+01
   1.5750945e+03   3.0738129e+02   1.8316169e+03   1.3922013e+03   4.4958420e+00   2.3210239e+00   7.6642648e+01
   1.5787220e+03   3.0750437e+02   1.8300774e+03   1.3921931e+03   4.4958551e+00   2.3210308e+00   7.6491895e+01
   1.5823495e+03   3.0762745e+02   1.8285389e+03   1.3921849e+03   4.4958683e+00   2.3210376e+00   7.6341560e+01
   1.5859770e+03   3.0775054e+02   1.8270013e+03   1.3921768e+03   4.4958815e+00   2.3210444e+00   7.6191639e+01
   1.5896045e+03   3.0787362e+02   1.8254647e+03   1.3921686e+03   4.4958947e+00   2.3210512e+00   7.6042133e+01
   1.5932320e+03   3.0799670e+02   1.8239291e+03   1.3921604e+03   4.4959079e+00   2.3210580e+00   7.5893039e+01
   1.5968595e+03   3.0812021e+02   1.8223943e+03   1.3921522e+03   4.4959211e+00   2.3210648e+00   7.5743845e+01
   1.6004871e+03   3.0824409e+02   1.8208606e+03   1.3921440e+03   4.4959344e+00   2.3210717e+00   7.5594611e+01
   1.6041146e+03   3.0836798e+02   1.8193278e+03   1.3921358e+03   4.4959477e+00   2.3210785e+00   7.5445790e+01
   1.6077421e+03   3.0849186e+02   1.8177960e+03   1.3921276e+03   4.4959610e+00   2.3210854e+00   7.5297381e+01
   1.6113696e+03   3.0861574e+02   1.8162651e+03   1.3921193e+03   4.4959742e+00   2.3210922e+00   7.5149384e+01
   1.6149971e+03   3.0873963e+02   1.8147352e+03   1.3921111e+03   4.4959875e+00   2.3210991e+00   7.5001795e+01
   1.6186246e+03   3.0886351e+02   1.8132062e+03   1.3921029e+03   4.4960008e+00   2.3211059e+00   7.4854614e+01
   1.6222521e+03   3.0898790e+02   1.8116782e+03   1.3920946e+03   4.4960141e+00   2.3211128e+00   7.4707239e+01
   1.6258796e+03   3.0911271e+02   1.8101512e+03   1.3920863e+03   4.4960275e+00   2.3211197e+00   7.4559783e+01
   1.6295071e+03   3.0923751e+02   1.8086252e+03   1.3920781e+03   4.4960409e+00   2.3211266e+00   7.4412737e+01
   1.6331346e+03   3.0936232e+02   1.8071001e+03   1.3920698e+03   4.4960543e+00   2.3211336e+00   7.4266099e+01
   1.6367621e+03   3.0948712e+02   1.8055760e+03   1.3920615e+03   4.4960676e+00   2.3211405e+00   7.4119868e+01
   1.6403896e+03   3.0961193e+02   1.8040529e+03   1.3920532e+03   4.4960810e+00   2.3211474e+00   7.3974042e+01
   1.6440171e+03   3.0973674e+02   1.8025308e+03   1.3920449e+03   4.4960944e+00   2.3211543e+00   7.3828620e+01
   1.6476447e+03   3.0986214e+02   1.8010096e+03   1.3920366e+03   4.4961079e+00   2.3211612e+00   7.3682910e+01
   1.6512722e+03   3.0998799e+02   1.7994894e+03   1.3920282e+03   4.4961213e+00   2.3211682e+00   7.3537090e+01
   1.6548997e+03   3.1011383e+02   1.7979702e+03   1.3920199e+03   4.4961348e+00   2.3211751e+00   7.3391676e+01
   1.6585272e+03   3.1023968e+02   1.7964520e+03   1.3920115e+03   4.4961483e+00   2.3211821e+00   7.3246667e+01
   1.6621547e+03   3.1036553e+02   1.7949348e+03   1.3920032e+03   4.4961618e+00   2.3211891e+00   7.3102062e+01
   1.6657822e+03   3.1049137e+02   1.7934186e+03   1.3919948e+03   4.4961753e+00   2.3211961e+00   7.2957859e+01
   1.6694097e+03   3.1061722e+02   1.7919034e+03   1.3919865e+03   4.4961888e+00   2.3212030e+00   7.2814057e+01
   1.6730372e+03   3.1074376e+02   1.7903891e+03   1.3919781e+03   4.4962024e+00   2.3212100e+00   7.2669874e+01
   1.6766647e+03   3.1087076e+02   1.7888759e+03   1.3919696e+03   4.4962160e+00   2.3212171e+00   7.2525559e+01
   1.6802922e+03   3.1099776e+02   1.7873636e+03   1.3919612e+03   4.4962296e+00   2.3212241e+00   7.2381648e+01
   1.6839197e+03   3.1112477e+02   1.7858524e+03   1.3919527e+03   4.4962433e+00   2.3212311e+00   7.2238140e+01
   1.6875472e+03   3.1125177e+02   1.7843422e+03   1.3919443e+03   4.4962569e+00   2.3212382e+00   7.2095033e+01
   1.6911748e+03   3.1137878e+02   1.7828329e+03   1.3919359e+03   4.4962705e+00   2.3212452e+00   7.1952326e+01
   1.6948023e+03   3.1150578e+02   1.7813247e+03   1.3919274e+03   4.4962841e+00   2.3212522e+00   7.1810018e+01
   1.6984298e+03   3.1163357e+02   1.7798175e+03   1.3919190e+03   4.4962978e+00   2.3212593e+00   7.1667236e+01
   1.7020573e+03   3.1176184e+02   1.7783113e+03   1.3919104e+03   4.4963116e+00   2.3212664e+00   7.1524310e+01
   1.7056848e+03   3.1189012e+02   1.7768061e+03   1.3919019e+03   4.4963254e+00   2.3212735e+00   7.1381786e+01
   1.7093123e+03   3.1201839e+02   1.7753019e+03   1.3918934e+03   4.4963391e+00   2.3212806e+00   7.1239663e+01
   1.7129398e+03   3.1214666e+02   1.7737987e+03   1.3918849e+03   4.4963529e+00   2.3212877e+00   7.1097939e+01
   1.7165673e+03   3.1227494e+02   1.7722965e+03   1.3918763e+03   4.4963667e+00   2.3212948e+00   7.0956613e+01
   1.7201948e+03   3.1240321e+02   1.7707954e+03   1.3918678e+03   4.4963804e+00   2.3213019e+00   7.0815684e+01
   1.7238223e+03   3.1253236e+02   1.7692953e+03   3.5511473e+03   4.6204936e+00   2.6140916e+00   1.4189289e+13
   1.7920781e+03   3.2302034e+02   1.7582396e+03   3.5511473e+03   4.6436180e+00   2.6315728e+00   6.0253984e+12
   1.8598942e+03   3.3345572e+02   1.7471839e+03   3.5655426e+03   4.7129731e+00   2.6867102e+00   2.7079566e+12
   1.9275438e+03   3.4383867e+02   1.7361282e+03   3.6078052e+03   8.2496092e+00   4.7007129e+00   1.2816259e+12
   1.9955428e+03   3.5416936e+02   1.7250726e+03   3.6088038e+03   8.2514661e+00   4.6996426e+00   6.3627967e+11
   2.0630923e+03   3.6444797e+02   1.7140169e+03   3.6097979e+03   8.2532813e+00   4.6985589e+00   3.2942468e+11
   2.1301910e+03   3.7467469e+02   1.7029612e+03   3.6107793e+03   8.2550021e+00   4.6974321e+00   1.7720122e+11
   2.1968376e+03   3.8484968e+02   1.6919055e+03   3.6117384e+03   8.2566602e+00   4.6962804e+00   9.8706824e+10
   2.2630305e+03   3.9497316e+02   1.6808499e+03   3.6126816e+03   8.2582653e+00   4.6951090e+00   5.6770804e+10
   2.3287685e+03   4.0504531e+02   1.6697942e+03   3.6136110e+03   8.2597878e+00   4.6939017e+00   3.3625314e+10
   2.3940500e+03   4.1506633e+02   1.6587385e+03   3.6145198e+03   8.2612765e+00   4.6926875e+00   2.0462435e+10
   2.4588736e+03   4.2503643e+02   1.6476828e+03   3.6154185e+03   8.2762408e+00   4.6992660e+00   1.2766992e+10
   2.5232379e+03   4.3495583e+02   1.6366272e+03   3.6174042e+03   8.2895401e+00   4.7048817e+00   8.1515934e+09
   2.5871611e+03   4.4482474e+02   1.6255715e+03   3.6192483e+03   8.3080407e+00   4.7135142e+00   5.3173298e+09
   2.6506387e+03   4.5464338e+02   1.6145158e+03   3.6214980e+03   8.4347456e+00   4.7844813e+00   3.5381165e+09
   2.7136760e+03   4.6441198e+02   1.6034601e+03   3.6326260e+03   8.4358089e+00   4.7830239e+00   2.3981518e+09
   2.7764243e+03   4.7413079e+02   1.5924045e+03   3.6334320e+03   8.4368285e+00   4.7815486e+00   1.6540338e+09
   2.8386987e+03   4.8380004e+02   1.5813488e+03   3.6342271e+03   8.4378266e+00   4.7800726e+00   1.1592171e+09
   2.9004979e+03   4.9341999e+02   1.5702931e+03   3.6350140e+03   8.4387522e+00   4.7785694e+00   8.2467338e+08
   2.9618203e+03   5.0299089e+02   1.5592374e+03   3.6357832e+03   8.4396620e+00   4.7770691e+00   5.9494802e+08
   3.0226644e+03   5.1251300e+02   1.5481818e+03   3.6365446e+03   8.4405107e+00   4.7755472e+00   4.3488431e+08
   3.0830287e+03   5.2198660e+02   1.5371261e+03   3.6372899e+03   8.4413352e+00   4.7740241e+00   3.2182171e+08
   3.1429114e+03   5.3141197e+02   1.5260704e+03   3.6380266e+03   8.4421121e+00   4.7724867e+00   2.4092455e+08
   3.2023111e+03   5.4078939e+02   1.5150147e+03   3.6387502e+03   8.4428566e+00   4.7709442e+00   1.8233648e+08
   3.2612262e+03   5.5011917e+02   1.5039591e+03   3.6394632e+03   8.4435635e+00   4.7693933e+00   1.3941786e+08
   3.3196550e+03   5.5940160e+02   1.4929034e+03   3.6401641e+03   8.4442318e+00   4.7678336e+00   1.0763707e+08
   3.3775959e+03   5.6863700e+02   1.4818477e+03   3.6408537e+03   8.4448712e+00   4.7662703e+00   8.3862738e+07
   3.4350471e+03   5.7782570e+02   1.4707920e+03   3.6415330e+03   8.4454672e+00   4.7646962e+00   6.5905556e+07
   3.4920070e+03   5.8696803e+02   1.4597363e+03   3.6422000e+03   8.4460390e+00   4.7631214e+00   5.2217797e+07
   3.5484739e+03   5.9606433e+02   1.4486807e+03   3.6428578e+03   8.4465657e+00   4.7615351e+00   4.1693700e+07
   3.6044459e+03   6.0511496e+02   1.4376250e+03   3.6435027e+03   8.4470716e+00   4.7599499e+00   3.3535325e+07
   3.6599213e+03   6.1412028e+02   1.4265693e+03   3.6441393e+03   8.4475317e+00   4.7583521e+00   2.7161352e+07
   3.7148983e+03   6.2308066e+02   1.4155136e+03   3.6447621e+03   8.4479726e+00   4.7567572e+00   2.2144431e+07
   3.7693750e+03   6.3199651e+02   1.4044580e+03   3.6453768e+03   8.4483644e+00   4.7551495e+00   1.8167673e+07
   3.8233495e+03   6.4086821e+02   1.3934023e+03   3.6459786e+03   8.4487402e+00   4.7535452e+00   1.4994165e+07
   3.8768199e+03   6.4969619e+02   1.3823466e+03   3.6465721e+03   8.4490668e+00   4.7519273e+00   1.2445387e+07
   3.9297841e+03   6.5848087e+02   1.3712909e+03   3.6471515e+03   8.4493802e+00   4.7503150e+00   1.0385808e+07
   3.9822403e+03   6.6722268e+02   1.3602353e+03   3.6477237e+03   8.4496426e+00   4.7486897e+00   8.7117976e+06
   4.0341863e+03   6.7592210e+02   1.3491796e+03   3.6482819e+03   8.4498932e+00   4.7470694e+00   7.3435701e+06
   4.0856199e+03   6.8457958e+02   1.3381239e+03   3.6488333e+03   8.4500948e+00   4.7454359e+00   6.2192949e+06
   4.1365392e+03   6.9319561e+02   1.3270682e+03   3.6493711e+03   8.4502792e+00   4.7438068e+00   5.2907547e+06
   4.1869419e+03   7.0177070e+02   1.3160126e+03   3.6499005e+03   8.4504152e+00   4.7421656e+00   4.5201202e+06
   4.2368256e+03   7.1030536e+02   1.3049569e+03   3.6504164e+03   8.4505345e+00   4.7405286e+00   3.8775410e+06
   4.2861882e+03   7.1880013e+02   1.2939012e+03   3.6509245e+03   8.4506053e+00   4.7388794e+00   3.3393314e+06
   4.3350272e+03   7.2725557e+02   1.2828455e+03   3.6514184e+03   8.4506612e+00   4.7372337e+00   2.8865971e+06
   4.3833402e+03   7.3567226e+02   1.2717899e+03   3.6519051e+03   8.4506722e+00   4.7355781e+00   2.5041888e+06
   4.4311247e+03   7.4405078e+02   1.2607342e+03   3.6523786e+03   8.4506603e+00   4.7339229e+00   2.1798998e+06
   4.4783781e+03   7.5239176e+02   1.2496785e+03   3.6528421e+03   8.4506022e+00   4.7322585e+00   1.9038479e+06
   4.5250979e+03   7.6069584e+02   1.2386228e+03   3.6532930e+03   8.4505229e+00   4.7305949e+00   1.6679960e+06
   4.5712812e+03   7.6896367e+02   1.2275672e+03   3.6537352e+03   8.4504035e+00   4.7289232e+00   1.4657793e+06
   4.6169254e+03   7.7719593e+02   1.2165115e+03   3.6541649e+03   8.4502560e+00   4.7272494e+00   1.2918123e+06
   4.6620275e+03   7.8539335e+02   1.2054558e+03   3.6545841e+03   8.4500645e+00   4.7255684e+00   1.1416593e+06
   4.7065847e+03   7.9355666e+02   1.1944001e+03   3.6549902e+03   8.4498445e+00   4.7238838e+00   1.0116523e+06
   4.7505937e+03   8.0168662e+02   1.1833445e+03   3.6553867e+03   8.4495910e+00   4.7221943e+00   8.9874679e+05
   4.7940516e+03   8.0978403e+02   1.1722888e+03   3.6557713e+03   8.4492989e+00   4.7204986e+00   8.0040613e+05
   4.8369551e+03   8.1784970e+02   1.1612331e+03   3.6561441e+03   8.4489706e+00   4.7187980e+00   7.1450966e+05
   4.8793009e+03   8.2588450e+02   1.1501774e+03   3.6565051e+03   8.4486020e+00   4.7170898e+00   6.3927821e+05
   4.9210854e+03   8.3388931e+02   1.1391218e+03   3.6568533e+03   8.4482074e+00   4.7153799e+00   5.7321425e+05
   4.9623052e+03   8.4186506e+02   1.1280661e+03   3.6571924e+03   8.4477602e+00   4.7136574e+00   5.1505321e+05
   5.0029566e+03   8.4981270e+02   1.1170104e+03   3.6575161e+03   8.4472869e+00   4.7119338e+00   4.6372396e+05
   5.0430357e+03   8.5773324e+02   1.1059547e+03   3.6578300e+03   8.4467647e+00   4.7101982e+00   4.1831645e+05
   5.0825387e+03   8.6562771e+02   1.0948991e+03   3.6581296e+03   8.4462082e+00   4.7084585e+00   3.7805528e+05
   5.1214614e+03   8.7349720e+02   1.0838434e+03   3.6584177e+03   8.4456042e+00   4.7067076e+00   3.4227785e+05
   5.1597995e+03   8.8134282e+02   1.0727877e+03   3.6586918e+03   8.4449675e+00   4.7049516e+00   3.1041649e+05
   5.1975489e+03   8.8916575e+02   1.0617320e+03   3.6589546e+03   8.4442786e+00   4.7031846e+00   2.8198349e+05
   5.2347047e+03   8.9696722e+02   1.0506764e+03   3.6592023e+03   8.4435497e+00   4.7014089e+00   2.5655879e+05
   5.2712625e+03   9.0474849e+02   1.0396207e+03   3.6594381e+03   8.4427810e+00   4.6996259e+00   2.3377969e+05
   5.3072172e+03   9.1251090e+02   1.0285650e+03   3.6596607e+03   8.4419583e+00   4.6978287e+00   2.1333228e+05
   5.3425637e+03   9.2025583e+02   1.0175093e+03   3.6598677e+03   8.4411016e+00   4.6960264e+00   1.9494419e+05
   5.3772969e+03   9.2798472e+02   1.0064537e+03   3.6600637e+03   8.4401809e+00   4.6942059e+00   1.7837860e+05
   5.4114111e+03   9.3569909e+02   9.9539797e+02   3.6602414e+03   8.4392244e+00   4.6923786e+00   1.6342912e+05
   5.4449005e+03   9.4340053e+02   9.8434230e+02   3.6604079e+03   8.4382083e+00   4.6905353e+00   1.4991549e+05
   5.4777594e+03   9.5109067e+02   9.7328662e+02   3.6605576e+03   8.4371465e+00   4.6886812e+00   1.3767994e+05
   5.5099814e+03   9.5877124e+02   9.6223095e+02   3.6606929e+03   8.4360296e+00   4.6868126e+00   1.2658413e+05
   5.5415599e+03   9.6644406e+02   9.5117527e+02   3.6608135e+03   8.4348563e+00   4.6849282e+00   1.1650646e+05
   5.5724884e+03   9.7411101e+02   9.4011960e+02   3.6609171e+03   8.4336342e+00   4.6830312e+00   1.0733992e+05
   5.6027595e+03   9.8177408e+02   9.2906392e+02   3.6610063e+03   8.4323435e+00   4.6811135e+00   9.8990078e+04
   5.6323661e+03   9.8943535e+02   9.1800825e+02   3.6610770e+03   8.4310074e+00   4.6791852e+00   9.1373501e+04
   5.6613003e+03   9.9709698e+02   9.0695257e+02   3.6611341e+03   8.4295954e+00   4.6772317e+00   8.4416328e+04
   5.6895540e+03   1.0047613e+03   8.9589689e+02   3.6611705e+03   8.4281324e+00   4.6752644e+00   7.8053061e+04
   5.7171188e+03   1.0124306e+03   8.8484122e+02   3.6611921e+03   8.4265949e+00   4.6732732e+00   7.2225515e+04
   5.7439857e+03   1.0201076e+03   8.7378554e+02   3.6611941e+03   8.4249961e+00   4.6712629e+00   6.6881923e+04
   5.7701455e+03   1.0277947e+03   8.6272987e+02   3.6611789e+03   8.4233277e+00   4.6692302e+00   6.1976149e+04
   5.7955885e+03   1.0354949e+03   8.5167419e+02   3.6611445e+03   8.4215823e+00   4.6671725e+00   5.7467015e+04
   5.8203042e+03   1.0432111e+03   8.4061852e+02   3.6610894e+03   8.4197730e+00   4.6650938e+00   5.3317712e+04
   5.8442820e+03   1.0509463e+03   8.2956284e+02   3.6610167e+03   8.4178726e+00   4.6629839e+00   4.9495286e+04
   5.8675105e+03   1.0587038e+03   8.1850717e+02   3.6609209e+03   8.4159075e+00   4.6608518e+00   4.5970191e+04
   5.8899778e+03   1.0664871e+03   8.0745149e+02   3.6608068e+03   8.4138478e+00   4.6586855e+00   4.2715904e+04
   5.9116713e+03   1.0742997e+03   7.9639581e+02   3.6606690e+03   8.4117090e+00   4.6564918e+00   3.9708578e+04
   5.9325778e+03   1.0821456e+03   7.8534014e+02   3.6605100e+03   8.4094784e+00   4.6542639e+00   3.6926747e+04
   5.9526832e+03   1.0900287e+03   7.7428446e+02   3.6603273e+03   8.4071556e+00   4.6520030e+00   3.4351059e+04
   5.9719729e+03   1.0979534e+03   7.6322879e+02   3.6601205e+03   8.4047371e+00   4.6497059e+00   3.1964053e+04
   5.9904312e+03   1.1059241e+03   7.5217311e+02   3.6598899e+03   8.4022206e+00   4.6473707e+00   2.9749945e+04
   6.0080416e+03   1.1139458e+03   7.4111744e+02   3.6596340e+03   8.4003133e+00   4.6453474e+00   2.7694460e+04
   6.0247868e+03   1.1220235e+03   7.3006176e+02   3.6594787e+03   8.3990164e+00   4.6436801e+00   2.5784664e+04
   6.0247868e+03   1.1220235e+03   7.3006176e+02   8.0000000e+03   6.1663404e+00   3.3269651e+00   1.0000000e+04
   6.2792098e+03   1.1232702e+03   6.4894379e+02   8.0068451e+03   6.1637040e+00   3.3255427e+00   1.0000000e+04
   6.2020279e+03   1.1245169e+03   5.6782581e+02   8.0137343e+03   6.1807759e+00   3.3336502e+00   1.0000000e+04
   5.6940980e+03   1.1257635e+03   4.8670784e+02   8.0212600e+03   6.1719024e+00   3.3291970e+00   1.0000000e+04
   4.5850164e+03   1.1270102e+03   4.0558987e+02   8.0307436e+03   6.1288248e+00   3.3081668e+00   1.0000000e+04
   2.5547863e+03   1.1282569e+03   3.2447189e+02   8.0483119e+03   6.0352307e+00   3.2625867e+00   1.0000000e+04
  -1.0776134e+03   1.1295036e+03   2.4335392e+02   8.0040596e+03   5.8890354e+00   3.1931211e+00   1.0000000e+04
  -7.9868069e+03   1.1307503e+03   1.6223595e+02   7.9974056e+03   5.5881494e+00   3.0489525e+00   1.0000000e+04
  -2.4078807e+04   1.1319970e+03   8.1117973e+01   7.9945440e+03   4.9611251e+00   2.7515380e+00   1.0000000e+04
  -8.9246938e+04   1.1332437e+03   0.0000000e+00   7.9920282e+03   3.0304500e+00   1.8831707e+00   1.0000000e+04
