   0.0000000e+00   1.1000000e+02   2.6341000e+03   9.3182802e+02   3.9798936e+00   1.9655294e+00   2.7451649e+04
   1.8184911e+00   1.4148816e+02   2.6327334e+03   9.3182802e+02   3.9827062e+00   1.9669184e+00   2.4815627e+03
   3.6369821e+00   1.8199000e+02   2.6313645e+03   9.3178512e+02   3.9885023e+00   1.9697809e+00   3.8299151e+02
   5.4554732e+00   2.3408573e+02   2.6299959e+03   9.3171195e+02   3.9998953e+00   1.9754075e+00   8.9590144e+01
   7.2739643e+00   2.3415631e+02   2.6286276e+03   9.3160415e+02   3.9994819e+00   1.9752033e+00   8.9453190e+01
   9.0924553e+00   2.3422689e+02   2.6272596e+03   9.3145669e+02   3.9990685e+00   1.9749992e+00   8.9316532e+01
   1.0910946e+01   2.3429748e+02   2.6258917e+03   9.3126388e+02   3.9986554e+00   1.9747951e+00   8.9180167e+01
   1.2729437e+01   2.3436806e+02   2.6245240e+03   9.3101924e+02   3.9982424e+00   1.9745912e+00   8.9044093e+01
   1.4547929e+01   2.3443864e+02   2.6231563e+03   9.3071552e+02   3.9978297e+00   1.9743874e+00   8.8908309e+01
   1.6366420e+01   2.3450922e+02   2.6217885e+03   9.3034465e+02   3.9974174e+00   1.9741837e+00   8.8772812e+01
   1.8184911e+01   2.3457980e+02   2.6204206e+03   9.2989783e+02   3.9970054e+00   1.9739802e+00   8.8637600e+01
   2.0003402e+01   2.3465039e+02   2.6190525e+03   9.2936567e+02   3.9965938e+00   1.9737770e+00   8.8502671e+01
   2.1821893e+01   2.3472098e+02   2.6176840e+03   9.2873849e+02   3.9961826e+00   1.9735739e+00   8.8368023e+01
   2.3640384e+01   2.3479157e+02   2.6163150e+03   9.2800673e+02   3.9957719e+00   1.9733711e+00   8.8233652e+01
   2.5458875e+01   2.3486216e+02   2.6149453e+03   9.2716166e+02   3.9953617e+00   1.9731685e+00   8.8099558e+01
   2.7277366e+01   2.3493277e+02   2.6135748e+03   9.2619635e+02   3.9949522e+00   1.9729662e+00   8.7965737e+01
   2.9095857e+01   2.3500338e+02   2.6122032e+03   9.2510683e+02   3.9945432e+00   1.9727643e+00   8.7832186e+01
   3.0914348e+01   2.3507399e+02   2.6108305e+03   9.2389361e+02   3.9941349e+00   1.9725626e+00   8.7698904e+01
   3.2732839e+01   2.3514462e+02   2.6094564e+03   9.2256317e+02   3.9937273e+00   1.9723613e+00   8.7565887e+01
   3.4551330e+01   2.7000000e+02   2.6080808e+03   9.2112948e+02   4.0029746e+00   1.9769283e+00   4.5612486e+01
   3.8474550e+01   2.7000000e+02   2.6056456e+03   1.1240247e+03   1.6000911e+00   0.0000000e+00   0.0000000e+00
   4.2397769e+01   2.7000000e+02   2.6032144e+03   1.1255565e+03   1.6075964e+00   0.0000000e+00   0.0000000e+00
   4.6320988e+01   2.7000000e+02   2.6007872e+03   1.1270745e+03   1.6150758e+00   0.0000000e+00   0.0000000e+00
   5.0244207e+01   2.7000000e+02   2.5983638e+03   1.1285789e+03   1.6225271e+00   0.0000000e+00   0.0000000e+00
   5.4167427e+01   2.7000000e+02   2.5959442e+03   1.1300700e+03   1.6299481e+00   0.0000000e+00   0.0000000e+00
   5.8090646e+01   2.7000000e+02   2.5935285e+03   1.1315480e+03   1.6373383e+00   0.0000000e+00   0.0000000e+00
   6.2013865e+01   2.7000000e+02   2.5911165e+03   1.1330131e+03   1.6446973e+00   0.0000000e+00   0.0000000e+00
   6.5937084e+01   2.7000000e+02   2.5887083e+03   1.1344656e+03   1.6520252e+00   0.0000000e+00   0.0000000e+00
   6.9860304e+01   2.7000000e+02   2.5863037e+03   1.1359058e+03   1.6593221e+00   0.0000000e+00   0.0000000e+00
   7.3783523e+01   2.7000000e+02   2.5839028e+03   1.1373337e+03   1.6665881e+00   0.0000000e+00   0.0000000e+00
   7.7706742e+01   2.7000000e+02   2.5815055e+03   1.1387497e+03   1.6738228e+00   0.0000000e+00   0.0000000e+00
   8.1629961e+01   2.7000000e+02   2.5791118e+03   1.1401541e+03   1.6810254e+00   0.0000000e+00   0.0000000e+00
   8.5553181e+01   2.7000000e+02   2.5767217e+03   1.1415469e+03   1.6881949e+00   0.0000000e+00   0.0000000e+00
   8.9476400e+01   2.7000000e+02   2.5743350e+03   1.1429286e+03   1.6953302e+00   0.0000000e+00   0.0000000e+00
   9.3399619e+01   2.7000000e+02   2.5719519e+03   1.1442991e+03   1.7024296e+00   0.0000000e+00   0.0000000e+00
   9.7322839e+01   2.7000000e+02   2.5695722e+03   1.1456588e+03   1.7094920e+00   0.0000000e+00   0.0000000e+00
   1.0124606e+02   2.7000000e+02   2.5671959e+03   1.1470077e+03   1.7165158e+00   0.0000000e+00   0.0000000e+00
   1.0516928e+02   2.7000000e+02   2.5648230e+03   1.1483462e+03   1.7235001e+00   0.0000000e+00   0.0000000e+00
   1.0909250e+02   2.7000000e+02   2.5624535e+03   1.1496743e+03   1.7304443e+00   0.0000000e+00   0.0000000e+00
   1.1301572e+02   2.7000000e+02   2.5600873e+03   1.1509922e+03   1.7373480e+00   0.0000000e+00   0.0000000e+00
   1.1693893e+02   2.7000000e+02   2.5577244e+03   1.1523001e+03   1.7442109e+00   0.0000000e+00   0.0000000e+00
   1.2086215e+02   2.7000000e+02   2.5553648e+03   1.1535982e+03   1.7510329e+00   0.0000000e+00   0.0000000e+00
   1.2478537e+02   2.7000000e+02   2.5530085e+03   1.1548867e+03   1.7578136e+00   0.0000000e+00   0.0000000e+00
   1.2870859e+02   2.7000000e+02   2.5506554e+03   1.1561658e+03   1.7645522e+00   0.0000000e+00   0.0000000e+00
   1.3263181e+02   2.7000000e+02   2.5483054e+03   1.1574356e+03   1.7712479e+00   0.0000000e+00   0.0000000e+00
   1.3655503e+02   2.7000000e+02   2.5459587e+03   1.1586962e+03   1.7778997e+00   0.0000000e+00   0.0000000e+00
   1.4047825e+02   2.7000000e+02   2.5436151e+03   1.1599479e+03   1.7845059e+00   0.0000000e+00   0.0000000e+00
   1.4440147e+02   2.7000000e+02   2.5412746e+03   1.1611908e+03   1.7910651e+00   0.0000000e+00   0.0000000e+00
   1.4832469e+02   2.7000000e+02   2.5389372e+03   1.1624250e+03   1.7975760e+00   0.0000000e+00   0.0000000e+00
   1.5224791e+02   2.7000000e+02   2.5366029e+03   1.1636507e+03   1.8040374e+00   0.0000000e+00   0.0000000e+00
   1.5617113e+02   2.7000000e+02   2.5342717e+03   1.1648681e+03   1.8104491e+00   0.0000000e+00   0.0000000e+00
   1.6009435e+02   2.7000000e+02   2.5319434e+03   1.1660773e+03   1.8168115e+00   0.0000000e+00   0.0000000e+00
   1.6401757e+02   2.7000000e+02   2.5296182e+03   1.1672784e+03   1.8231251e+00   0.0000000e+00   0.0000000e+00
   1.6794079e+02   2.7000000e+02   2.5272960e+03   1.1684717e+03   1.8293910e+00   0.0000000e+00   0.0000000e+00
   1.7186400e+02   2.7000000e+02   2.5249767e+03   1.1696573e+03   1.8356101e+00   0.0000000e+00   0.0000000e+00
   1.7578722e+02   2.7000000e+02   2.5226604e+03   1.1708352e+03   1.8417834e+00   0.0000000e+00   0.0000000e+00
   1.7971044e+02   2.7000000e+02   2.5203470e+03   1.1720057e+03   1.8479114e+00   0.0000000e+00   0.0000000e+00
   1.8363366e+02   2.7000000e+02   2.5180365e+03   1.1731688e+03   1.8539948e+00   0.0000000e+00   0.0000000e+00
   1.8755688e+02   2.7000000e+02   2.5157289e+03   1.1743246e+03   1.8600345e+00   0.0000000e+00   0.0000000e+00
   1.9148010e+02   2.7000000e+02   2.5134241e+03   1.1754733e+03   1.8660314e+00   0.0000000e+00   0.0000000e+00
   1.9540332e+02   2.7000000e+02   2.5111222e+03   1.1766150e+03   1.8719869e+00   0.0000000e+00   0.0000000e+00
   1.9932654e+02   2.7000000e+02   2.5088232e+03   1.1777498e+03   1.8779024e+00   0.0000000e+00   0.0000000e+00
   2.0324976e+02   2.7000000e+02   2.5065269e+03   1.1788778e+03   1.8837796e+00   0.0000000e+00   0.0000000e+00
   2.0717298e+02   2.7000000e+02   2.5042334e+03   1.1799990e+03   1.8896201e+00   0.0000000e+00   0.0000000e+00
   2.1109620e+02   2.7000000e+02   2.5019427e+03   1.1811137e+03   1.8954254e+00   0.0000000e+00   0.0000000e+00
   2.1501942e+02   2.7000000e+02   2.4996548e+03   1.1822220e+03   1.9011973e+00   0.0000000e+00   0.0000000e+00
   2.1894264e+02   2.7000000e+02   2.4973696e+03   1.1833238e+03   1.9069369e+00   0.0000000e+00   0.0000000e+00
   2.2286586e+02   2.7000000e+02   2.4950871e+03   1.1844194e+03   1.9126459e+00   0.0000000e+00   0.0000000e+00
   2.2678907e+02   2.7000000e+02   2.4928073e+03   1.1855087e+03   1.9183254e+00   0.0000000e+00   0.0000000e+00
   2.3071229e+02   2.7000000e+02   2.4905302e+03   1.1865918e+03   1.9239767e+00   0.0000000e+00   0.0000000e+00
   2.3463551e+02   2.7000000e+02   2.4882558e+03   1.1876689e+03   1.9296010e+00   0.0000000e+00   0.0000000e+00
   2.3855873e+02   2.7000000e+02   2.4859840e+03   1.1887400e+03   1.9351989e+00   0.0000000e+00   0.0000000e+00
   2.4248195e+02   2.7000000e+02   2.4837149e+03   1.1898051e+03   1.9407711e+00   0.0000000e+00   0.0000000e+00
   2.4640517e+02   2.7000000e+02   2.4814484e+03   1.1908644e+03   1.9463178e+00   0.0000000e+00   0.0000000e+00
   2.5032839e+02   2.7000000e+02   2.4791845e+03   1.1919179e+03   1.9518388e+00   0.0000000e+00   0.0000000e+00
   2.5425161e+02   2.7000000e+02   2.4769232e+03   1.1929657e+03   1.9573339e+00   0.0000000e+00   0.0000000e+00
   2.5817483e+02   2.7000000e+02   2.4746645e+03   1.1940079e+03   1.9628027e+00   0.0000000e+00   0.0000000e+00
   2.6209805e+02   2.7000000e+02   2.4724084e+03   1.1950445e+03   1.9682452e+00   0.0000000e+00   0.0000000e+00
   2.6602127e+02   2.7000000e+02   2.4701548e+03   1.1960756e+03   1.9736612e+00   0.0000000e+00   0.0000000e+00
   2.6994449e+02   2.7000000e+02   2.4679038e+03   1.1971013e+03   1.9790508e+00   0.0000000e+00   0.0000000e+00
   2.7386771e+02   2.7000000e+02   2.4656553e+03   1.1981216e+03   1.9844143e+00   0.0000000e+00   0.0000000e+00
   2.7779092e+02   2.7000000e+02   2.4634093e+03   1.1991366e+03   1.9897520e+00   0.0000000e+00   0.0000000e+00
   2.8171414e+02   2.7000000e+02   2.4611658e+03   1.2001464e+03   1.9950643e+00   0.0000000e+00   0.0000000e+00
   2.8563736e+02   2.7000000e+02   2.4589248e+03   1.2011510e+03   2.0003517e+00   0.0000000e+00   0.0000000e+00
   2.8956058e+02   2.7000000e+02   2.4566863e+03   1.2021506e+03   2.0056149e+00   0.0000000e+00   0.0000000e+00
   2.9348380e+02   2.7000000e+02   2.4544502e+03   1.2031451e+03   2.0108546e+00   0.0000000e+00   0.0000000e+00
   2.9740702e+02   2.7000000e+02   2.4522166e+03   1.2041346e+03   2.0160713e+00   0.0000000e+00   0.0000000e+00
   3.0133024e+02   2.7000000e+02   2.4499854e+03   1.2051192e+03   2.0212658e+00   0.0000000e+00   0.0000000e+00
   3.0525346e+02   2.7000000e+02   2.4477567e+03   1.2060990e+03   2.0264386e+00   0.0000000e+00   0.0000000e+00
   3.0917668e+02   2.7000000e+02   2.4455304e+03   1.2070740e+03   2.0315899e+00   0.0000000e+00   0.0000000e+00
   3.1309990e+02   2.7000000e+02   2.4433064e+03   1.2080443e+03   2.0367198e+00   0.0000000e+00   0.0000000e+00
   3.1702312e+02   2.7000000e+02   2.4410849e+03   1.2090098e+03   2.0418281e+00   0.0000000e+00   0.0000000e+00
   3.2094634e+02   2.7000000e+02   2.4388657e+03   1.2099708e+03   2.0469144e+00   0.0000000e+00   0.0000000e+00
   3.2486956e+02   2.7000000e+02   2.4366489e+03   1.2109272e+03   2.0519780e+00   0.0000000e+00   0.0000000e+00
   3.2879278e+02   2.7000000e+02   2.4344345e+03   1.2118790e+03   2.0570176e+00   0.0000000e+00   0.0000000e+00
   3.3271599e+02   2.7000000e+02   2.4322224e+03   1.2128264e+03   2.0620322e+00   0.0000000e+00   0.0000000e+00
   3.3663921e+02   2.7000000e+02   2.4300127e+03   1.2137694e+03   2.0670206e+00   0.0000000e+00   0.0000000e+00
   3.4056243e+02   2.7000000e+02   2.4278053e+03   1.2147080e+03   2.0719822e+00   0.0000000e+00   0.0000000e+00
   3.4448565e+02   2.7000000e+02   2.4256002e+03   1.2156424e+03   2.0769166e+00   0.0000000e+00   0.0000000e+00
   3.4840887e+02   2.7000000e+02   2.4233974e+03   1.2165725e+03   2.0818247e+00   0.0000000e+00   0.0000000e+00
   3.5233209e+02   2.7000000e+02   2.4211969e+03   1.2174983e+03   2.0867075e+00   0.0000000e+00   0.0000000e+00
   3.5625531e+02   2.7000000e+02   2.4189987e+03   1.2184200e+03   2.0915665e+00   0.0000000e+00   0.0000000e+00
   3.6017853e+02   2.7000000e+02   2.4168027e+03   1.2193376e+03   2.0964031e+00   0.0000000e+00   0.0000000e+00
   3.6410175e+02   2.7000000e+02   2.4146091e+03   1.2202511e+03   2.1012189e+00   0.0000000e+00   0.0000000e+00
   3.6802497e+02   2.7000000e+02   2.4124177e+03   1.2211606e+03   2.1060148e+00   0.0000000e+00   0.0000000e+00
   3.7194819e+02   2.7000000e+02   2.4102285e+03   1.2220661e+03   2.1107918e+00   0.0000000e+00   0.0000000e+00
   3.7587141e+02   2.7000000e+02   2.4080416e+03   1.2229677e+03   2.1155506e+00   0.0000000e+00   0.0000000e+00
   3.7979463e+02   2.7000000e+02   2.4058569e+03   1.2238654e+03   2.1202920e+00   0.0000000e+00   0.0000000e+00
   3.8371784e+02   2.7000000e+02   2.4036744e+03   1.2247592e+03   2.1250164e+00   0.0000000e+00   0.0000000e+00
   3.8764106e+02   2.7000000e+02   2.4014942e+03   1.2256493e+03   2.1297242e+00   0.0000000e+00   0.0000000e+00
   3.9156428e+02   2.7000000e+02   2.3993161e+03   1.2265355e+03   2.1344160e+00   0.0000000e+00   0.0000000e+00
   3.9548750e+02   2.7000000e+02   2.3971403e+03   1.2274180e+03   2.1390919e+00   0.0000000e+00   0.0000000e+00
   3.9941072e+02   2.7000000e+02   2.3949666e+03   1.2282967e+03   2.1437522e+00   0.0000000e+00   0.0000000e+00
   4.0333394e+02   2.7000000e+02   2.3927951e+03   1.2291718e+03   2.1483974e+00   0.0000000e+00   0.0000000e+00
   4.0725716e+02   2.7000000e+02   2.3906258e+03   1.2300432e+03   2.1530275e+00   0.0000000e+00   0.0000000e+00
   4.1118038e+02   2.7000000e+02   2.3884586e+03   1.2309110e+03   2.1576429e+00   0.0000000e+00   0.0000000e+00
   4.1510360e+02   2.7000000e+02   2.3862936e+03   1.2317752e+03   2.1622438e+00   0.0000000e+00   0.0000000e+00
   4.1902682e+02   2.7000000e+02   2.3841308e+03   1.2326359e+03   2.1668304e+00   0.0000000e+00   0.0000000e+00
   4.2295004e+02   2.7000000e+02   2.3819701e+03   1.2334929e+03   2.1714030e+00   0.0000000e+00   0.0000000e+00
   4.2687326e+02   2.7000000e+02   2.3798115e+03   1.2343465e+03   2.1759616e+00   0.0000000e+00   0.0000000e+00
   4.3079648e+02   2.7000000e+02   2.3776550e+03   1.2351967e+03   2.1805066e+00   0.0000000e+00   0.0000000e+00
   4.3471970e+02   2.7000000e+02   2.3755007e+03   1.2360433e+03   2.1850380e+00   0.0000000e+00   0.0000000e+00
   4.3864291e+02   2.7000000e+02   2.3733485e+03   1.2368866e+03   2.1895561e+00   0.0000000e+00   0.0000000e+00
   4.4256613e+02   2.7000000e+02   2.3711984e+03   1.2377264e+03   2.1940609e+00   0.0000000e+00   0.0000000e+00
   4.4648935e+02   2.7000000e+02   2.3690503e+03   1.2385629e+03   2.1985525e+00   0.0000000e+00   0.0000000e+00
   4.5041257e+02   2.7000000e+02   2.3669044e+03   1.2393961e+03   2.2030311e+00   0.0000000e+00   0.0000000e+00
   4.5433579e+02   2.7000000e+02   2.3647605e+03   1.2402259e+03   2.2074966e+00   0.0000000e+00   0.0000000e+00
   4.5825901e+02   2.7000000e+02   2.3626187e+03   1.2410525e+03   2.2119492e+00   0.0000000e+00   0.0000000e+00
   4.6218223e+02   2.7000000e+02   2.3604790e+03   1.2418758e+03   2.2163889e+00   0.0000000e+00   0.0000000e+00
   4.6610545e+02   2.7000000e+02   2.3583413e+03   1.2426959e+03   2.2208160e+00   0.0000000e+00   0.0000000e+00
   4.7002867e+02   2.7000000e+02   2.3562057e+03   1.2435128e+03   2.2252306e+00   0.0000000e+00   0.0000000e+00
   4.7395189e+02   2.7000000e+02   2.3540722e+03   1.2443265e+03   2.2296330e+00   0.0000000e+00   0.0000000e+00
   4.7787511e+02   2.7000000e+02   2.3519406e+03   1.2451371e+03   2.2340234e+00   0.0000000e+00   0.0000000e+00
   4.8179833e+02   2.7000000e+02   2.3498112e+03   1.2459446e+03   2.2384021e+00   0.0000000e+00   0.0000000e+00
   4.8572155e+02   2.7000000e+02   2.3476837e+03   1.2467489e+03   2.2427693e+00   0.0000000e+00   0.0000000e+00
   4.8964477e+02   2.7000000e+02   2.3455583e+03   1.2475501e+03   2.2471254e+00   0.0000000e+00   0.0000000e+00
   4.9356798e+02   2.7000000e+02   2.3434348e+03   1.2483483e+03   2.2514706e+00   0.0000000e+00   0.0000000e+00
   4.9749120e+02   2.7000000e+02   2.3413134e+03   1.2491435e+03   2.2558051e+00   0.0000000e+00   0.0000000e+00
   5.0141442e+02   2.7000000e+02   2.3391940e+03   1.2499356e+03   2.2601293e+00   0.0000000e+00   0.0000000e+00
   5.0533764e+02   2.7000000e+02   2.3370766e+03   1.2507248e+03   2.2644433e+00   0.0000000e+00   0.0000000e+00
   5.0926086e+02   2.7000000e+02   2.3349612e+03   1.2515110e+03   2.2687473e+00   0.0000000e+00   0.0000000e+00
   5.1318408e+02   2.7000000e+02   2.3328477e+03   1.2522942e+03   2.2730414e+00   0.0000000e+00   0.0000000e+00
   5.1710730e+02   2.7000000e+02   2.3307363e+03   1.2530745e+03   2.2773254e+00   0.0000000e+00   0.0000000e+00
   5.2103052e+02   2.7000000e+02   2.3286268e+03   1.2538519e+03   2.2815993e+00   0.0000000e+00   0.0000000e+00
   5.2495374e+02   2.7000000e+02   2.3265193e+03   1.2546265e+03   2.2858628e+00   0.0000000e+00   0.0000000e+00
   5.2887696e+02   2.7000000e+02   2.3244137e+03   1.2553982e+03   2.2901153e+00   0.0000000e+00   0.0000000e+00
   5.3280018e+02   2.7000000e+02   2.3223101e+03   1.2561670e+03   2.2943564e+00   0.0000000e+00   0.0000000e+00
   5.3672340e+02   2.7000000e+02   2.3202085e+03   1.2569330e+03   2.2985858e+00   0.0000000e+00   0.0000000e+00
   5.4064662e+02   2.7000000e+02   2.3181088e+03   1.2576963e+03   2.3028030e+00   0.0000000e+00   0.0000000e+00
   5.4456983e+02   2.7000000e+02   2.3160110e+03   1.2584568e+03   2.3070079e+00   0.0000000e+00   0.0000000e+00
   5.4849305e+02   2.7000000e+02   2.3139152e+03   1.2592145e+03   2.3112003e+00   0.0000000e+00   0.0000000e+00
   5.5241627e+02   2.7000000e+02   2.3118213e+03   1.2599695e+03   2.3153805e+00   0.0000000e+00   0.0000000e+00
   5.5633949e+02   2.7000000e+02   2.3097293e+03   1.2607217e+03   2.3195486e+00   0.0000000e+00   0.0000000e+00
   5.6026271e+02   2.7000000e+02   2.3076393e+03   1.2614713e+03   2.3237051e+00   0.0000000e+00   0.0000000e+00
   5.6418593e+02   2.7000000e+02   2.3055511e+03   1.2622183e+03   2.3278502e+00   0.0000000e+00   0.0000000e+00
   5.6810915e+02   2.7000000e+02   2.3034649e+03   1.2629626e+03   2.3319847e+00   0.0000000e+00   0.0000000e+00
   5.7203237e+02   2.7000000e+02   2.3013806e+03   1.2637042e+03   2.3361093e+00   0.0000000e+00   0.0000000e+00
   5.7595559e+02   2.7000000e+02   2.2992982e+03   1.2644433e+03   2.3402249e+00   0.0000000e+00   0.0000000e+00
   5.7987881e+02   2.7000000e+02   2.2972177e+03   1.2651798e+03   2.3443327e+00   0.0000000e+00   0.0000000e+00
   5.8380203e+02   2.7000000e+02   2.2951390e+03   1.2659137e+03   2.3484339e+00   0.0000000e+00   0.0000000e+00
   5.8772525e+02   2.7000000e+02   2.2930623e+03   1.2666450e+03   2.3525299e+00   0.0000000e+00   0.0000000e+00
   5.9164847e+02   2.7000000e+02   2.2909875e+03   1.2673739e+03   2.3566219e+00   0.0000000e+00   0.0000000e+00
   5.9557169e+02   2.7000000e+02   2.2889145e+03   1.2681002e+03   2.3607111e+00   0.0000000e+00   0.0000000e+00
   5.9949490e+02   2.7000000e+02   2.2868434e+03   1.2688240e+03   2.3647987e+00   0.0000000e+00   0.0000000e+00
   6.0341812e+02   2.7000000e+02   2.2847741e+03   1.2695454e+03   2.3688856e+00   0.0000000e+00   0.0000000e+00
   6.0734134e+02   2.7000000e+02   2.2827068e+03   1.2702642e+03   2.3729725e+00   0.0000000e+00   0.0000000e+00
   6.1126456e+02   2.7000000e+02   2.2806413e+03   1.2709806e+03   2.3770599e+00   0.0000000e+00   0.0000000e+00
   6.1518778e+02   2.7000000e+02   2.2785776e+03   1.2716946e+03   2.3811481e+00   0.0000000e+00   0.0000000e+00
   6.1911100e+02   2.7000000e+02   2.2765158e+03   1.2724061e+03   2.3852373e+00   0.0000000e+00   0.0000000e+00
   6.2303422e+02   2.7000000e+02   2.2744559e+03   1.2731151e+03   2.3893276e+00   0.0000000e+00   0.0000000e+00
   6.2695744e+02   2.7000000e+02   2.2723978e+03   1.2738217e+03   2.3934187e+00   0.0000000e+00   0.0000000e+00
   6.3088066e+02   2.7000000e+02   2.2703415e+03   1.2745259e+03   2.3975107e+00   0.0000000e+00   0.0000000e+00
   6.3480388e+02   2.7000000e+02   2.2682871e+03   1.2752277e+03   2.4016031e+00   0.0000000e+00   0.0000000e+00
   6.3872710e+02   2.7000000e+02   2.2662345e+03   1.2759271e+03   2.4056961e+00   0.0000000e+00   0.0000000e+00
   6.4265032e+02   2.7000000e+02   2.2641837e+03   1.2766241e+03   2.4097894e+00   0.0000000e+00   0.0000000e+00
   6.4657354e+02   2.7000000e+02   2.2621348e+03   1.2773188e+03   2.4138830e+00   0.0000000e+00   0.0000000e+00
   6.5049676e+02   2.7000000e+02   2.2600876e+03   1.2780110e+03   2.4179769e+00   0.0000000e+00   0.0000000e+00
   6.5441997e+02   2.7000000e+02   2.2580423e+03   1.2787010e+03   2.4220712e+00   0.0000000e+00   0.0000000e+00
   6.5834319e+02   2.7000000e+02   2.2559988e+03   1.2793885e+03   2.4261659e+00   0.0000000e+00   0.0000000e+00
   6.6226641e+02   2.7000000e+02   2.2539571e+03   1.2800738e+03   2.4302613e+00   0.0000000e+00   0.0000000e+00
   6.6618963e+02   2.6900577e+02   2.2520840e+03   1.3947280e+03   4.4917676e+00   2.3189205e+00   1.5460581e+02
   6.7011285e+02   2.6927597e+02   2.2502111e+03   1.3947104e+03   4.4917960e+00   2.3189352e+00   1.5373629e+02
   6.7403607e+02   2.6954617e+02   2.2483386e+03   1.3946928e+03   4.4918243e+00   2.3189498e+00   1.5287339e+02
   6.7795929e+02   2.6981637e+02   2.2464665e+03   1.3946752e+03   4.4918527e+00   2.3189645e+00   1.5201705e+02
   6.8188251e+02   2.7008657e+02   2.2445948e+03   1.3946576e+03   4.4918811e+00   2.3189791e+00   1.5116720e+02
   6.8580573e+02   2.7034996e+02   2.2427234e+03   1.3946404e+03   4.4919088e+00   2.3189934e+00   1.5034497e+02
   6.8972895e+02   2.7060834e+02   2.2408524e+03   1.3946235e+03   4.4919359e+00   2.3190074e+00   1.4954425e+02
   6.9365217e+02   2.7086673e+02   2.2389818e+03   1.3946067e+03   4.4919631e+00   2.3190214e+00   1.4874931e+02
   6.9757539e+02   2.7112511e+02   2.2371116e+03   1.3945898e+03   4.4919902e+00   2.3190354e+00   1.4796010e+02
   7.0149861e+02   2.7138350e+02   2.2352417e+03   1.3945729e+03   4.4920174e+00   2.3190495e+00   1.4717657e+02
   7.0542182e+02   2.7164188e+02   2.2333723e+03   1.3945561e+03   4.4920446e+00   2.3190635e+00   1.4639867e+02
   7.0934504e+02   2.7189890e+02   2.2315032e+03   1.3945393e+03   4.4920716e+00   2.3190775e+00   1.4563042e+02
   7.1326826e+02   2.7214618e+02   2.2296345e+03   1.3945231e+03   4.4920976e+00   2.3190909e+00   1.4489643e+02
   7.1719148e+02   2.7239346e+02   2.2277662e+03   1.3945070e+03   4.4921236e+00   2.3191043e+00   1.4416746e+02
   7.2111470e+02   2.7264074e+02   2.2258984e+03   1.3944908e+03   4.4921496e+00   2.3191178e+00   1.4344347e+02
   7.2503792e+02   2.7288802e+02   2.2240309e+03   1.3944747e+03   4.4921757e+00   2.3191312e+00   1.4272442e+02
   7.2896114e+02   2.7313531e+02   2.2221638e+03   1.3944585e+03   4.4922017e+00   2.3191446e+00   1.4201027e+02
   7.3288436e+02   2.7338259e+02   2.2202972e+03   1.3944423e+03   4.4922277e+00   2.3191581e+00   1.4130097e+02
   7.3680758e+02   2.7362290e+02   2.2184309e+03   1.3944266e+03   4.4922531e+00   2.3191711e+00   1.4061627e+02
   7.4073080e+02   2.7385979e+02   2.2165651e+03   1.3944111e+03   4.4922780e+00   2.3191840e+00   1.3994575e+02
   7.4465402e+02   2.7409668e+02   2.2146997e+03   1.3943956e+03   4.4923030e+00   2.3191969e+00   1.3927957e+02
   7.4857724e+02   2.7433357e+02   2.2128347e+03   1.3943802e+03   4.4923279e+00   2.3192098e+00   1.3861771e+02
   7.5250046e+02   2.7457046e+02   2.2109701e+03   1.3943647e+03   4.4923529e+00   2.3192227e+00   1.3796012e+02
   7.5642368e+02   2.7480735e+02   2.2091060e+03   1.3943492e+03   4.4923779e+00   2.3192356e+00   1.3730678e+02
   7.6034689e+02   2.7504213e+02   2.2072423e+03   1.3943338e+03   4.4924026e+00   2.3192483e+00   1.3666342e+02
   7.6427011e+02   2.7526932e+02   2.2053790e+03   1.3943189e+03   4.4924266e+00   2.3192607e+00   1.3604477e+02
   7.6819333e+02   2.7549650e+02   2.2035162e+03   1.3943041e+03   4.4924505e+00   2.3192731e+00   1.3542994e+02
   7.7211655e+02   2.7572369e+02   2.2016538e+03   1.3942892e+03   4.4924745e+00   2.3192854e+00   1.3481889e+02
   7.7603977e+02   2.7595087e+02   2.1997919e+03   1.3942743e+03   4.4924984e+00   2.3192978e+00   1.3421160e+02
   7.7996299e+02   2.7617806e+02   2.1979304e+03   1.3942594e+03   4.4925224e+00   2.3193102e+00   1.3360803e+02
   7.8388621e+02   2.7640524e+02   2.1960694e+03   1.3942446e+03   4.4925464e+00   2.3193226e+00   1.3300817e+02
   7.8780943e+02   2.7662552e+02   2.1942088e+03   1.3942301e+03   4.4925696e+00   2.3193346e+00   1.3243007e+02
   7.9173265e+02   2.7684366e+02   2.1923487e+03   1.3942158e+03   4.4925926e+00   2.3193464e+00   1.3186093e+02
   7.9565587e+02   2.7706180e+02   2.1904890e+03   1.3942015e+03   4.4926157e+00   2.3193583e+00   1.3129513e+02
   7.9957909e+02   2.7727994e+02   2.1886298e+03   1.3941873e+03   4.4926387e+00   2.3193702e+00   1.3073264e+02
   8.0350231e+02   2.7749809e+02   2.1867711e+03   1.3941730e+03   4.4926617e+00   2.3193821e+00   1.3017344e+02
   8.0742553e+02   2.7771623e+02   2.1849128e+03   1.3941587e+03   4.4926848e+00   2.3193940e+00   1.2961750e+02
   8.1134874e+02   2.7793175e+02   2.1830550e+03   1.3941445e+03   4.4927075e+00   2.3194058e+00   1.2907143e+02
   8.1527196e+02   2.7814148e+02   2.1811977e+03   1.3941308e+03   4.4927297e+00   2.3194172e+00   1.2854305e+02
   8.1919518e+02   2.7835121e+02   2.1793409e+03   1.3941170e+03   4.4927518e+00   2.3194286e+00   1.2801763e+02
   8.2311840e+02   2.7856094e+02   2.1774846e+03   1.3941033e+03   4.4927740e+00   2.3194401e+00   1.2749513e+02
   8.2704162e+02   2.7877067e+02   2.1756288e+03   1.3940895e+03   4.4927961e+00   2.3194515e+00   1.2697556e+02
   8.3096484e+02   2.7898040e+02   2.1737734e+03   1.3940758e+03   4.4928183e+00   2.3194630e+00   1.2645887e+02
   8.3488806e+02   2.7919013e+02   2.1719186e+03   1.3940620e+03   4.4928405e+00   2.3194744e+00   1.2594506e+02
   8.3881128e+02   2.7939315e+02   2.1700642e+03   1.3940487e+03   4.4928619e+00   2.3194855e+00   1.2545041e+02
   8.4273450e+02   2.7959506e+02   2.1682103e+03   1.3940355e+03   4.4928833e+00   2.3194965e+00   1.2496109e+02
   8.4665772e+02   2.7979697e+02   2.1663570e+03   1.3940222e+03   4.4929046e+00   2.3195075e+00   1.2447437e+02
   8.5058094e+02   2.7999889e+02   2.1645041e+03   1.3940090e+03   4.4929260e+00   2.3195185e+00   1.2399026e+02
   8.5450416e+02   2.8020080e+02   2.1626518e+03   1.3939957e+03   4.4929473e+00   2.3195296e+00   1.2350871e+02
   8.5842738e+02   2.8040271e+02   2.1608000e+03   1.3939825e+03   4.4929687e+00   2.3195406e+00   1.2302973e+02
   8.6235060e+02   2.8060169e+02   2.1589487e+03   1.3939694e+03   4.4929897e+00   2.3195515e+00   1.2256021e+02
   8.6627381e+02   2.8079635e+02   2.1570979e+03   1.3939566e+03   4.4930103e+00   2.3195621e+00   1.2210323e+02
   8.7019703e+02   2.8099102e+02   2.1552477e+03   1.3939438e+03   4.4930309e+00   2.3195727e+00   1.2164859e+02
   8.7412025e+02   2.8118568e+02   2.1533979e+03   1.3939311e+03   4.4930515e+00   2.3195834e+00   1.2119626e+02
   8.7804347e+02   2.8138034e+02   2.1515488e+03   1.3939183e+03   4.4930721e+00   2.3195940e+00   1.2074624e+02
   8.8196669e+02   2.8157501e+02   2.1497001e+03   1.3939055e+03   4.4930927e+00   2.3196046e+00   1.2029851e+02
   8.8588991e+02   2.8176967e+02   2.1478520e+03   1.3938927e+03   4.4931133e+00   2.3196153e+00   1.1985306e+02
   8.8981313e+02   2.8195794e+02   2.1460044e+03   1.3938803e+03   4.4931333e+00   2.3196256e+00   1.1942439e+02
   8.9373635e+02   2.8214589e+02   2.1441574e+03   1.3938680e+03   4.4931532e+00   2.3196358e+00   1.1899854e+02
   8.9765957e+02   2.8233384e+02   2.1423109e+03   1.3938557e+03   4.4931731e+00   2.3196461e+00   1.1857478e+02
   9.0158279e+02   2.8252179e+02   2.1404649e+03   1.3938433e+03   4.4931930e+00   2.3196564e+00   1.1815308e+02
   9.0550601e+02   2.8270974e+02   2.1386196e+03   1.3938310e+03   4.4932129e+00   2.3196667e+00   1.1773344e+02
   9.0942923e+02   2.8289769e+02   2.1367747e+03   1.3938186e+03   4.4932328e+00   2.3196769e+00   1.1731585e+02
   9.1335245e+02   2.8308254e+02   2.1349305e+03   1.3938065e+03   4.4932524e+00   2.3196870e+00   1.1690713e+02
   9.1727567e+02   2.8326428e+02   2.1330868e+03   1.3937945e+03   4.4932716e+00   2.3196970e+00   1.1650719e+02
   9.2119888e+02   2.8344602e+02   2.1312437e+03   1.3937826e+03   4.4932909e+00   2.3197069e+00   1.1610912e+02
   9.2512210e+02   2.8362777e+02   2.1294011e+03   1.3937706e+03   4.4933101e+00   2.3197169e+00   1.1571292e+02
   9.2904532e+02   2.8380951e+02   2.1275591e+03   1.3937587e+03   4.4933294e+00   2.3197268e+00   1.1531858e+02
   9.3296854e+02   2.8399125e+02   2.1257177e+03   1.3937467e+03   4.4933486e+00   2.3197367e+00   1.1492608e+02
   9.3689176e+02   2.8417273e+02   2.1238769e+03   1.3937348e+03   4.4933679e+00   2.3197467e+00   1.1453600e+02
   9.4081498e+02   2.8434874e+02   2.1220367e+03   1.3937232e+03   4.4933865e+00   2.3197563e+00   1.1415939e+02
   9.4473820e+02   2.8452475e+02   2.1201970e+03   1.3937116e+03   4.4934052e+00   2.3197659e+00   1.1378448e+02
   9.4866142e+02   2.8470077e+02   2.1183579e+03   1.3937001e+03   4.4934239e+00   2.3197756e+00   1.1341127e+02
   9.5258464e+02   2.8487678e+02   2.1165195e+03   1.3936885e+03   4.4934425e+00   2.3197852e+00   1.1303973e+02
   9.5650786e+02   2.8505279e+02   2.1146816e+03   1.3936769e+03   4.4934612e+00   2.3197949e+00   1.1266988e+02
   9.6043108e+02   2.8522881e+02   2.1128443e+03   1.3936653e+03   4.4934799e+00   2.3198045e+00   1.1230168e+02
   9.6435430e+02   2.8540169e+02   2.1110077e+03   1.3936540e+03   4.4934982e+00   2.3198140e+00   1.1194165e+02
   9.6827752e+02   2.8557242e+02   2.1091716e+03   1.3936427e+03   4.4935163e+00   2.3198233e+00   1.1158765e+02
   9.7220073e+02   2.8574316e+02   2.1073362e+03   1.3936315e+03   4.4935344e+00   2.3198327e+00   1.1123518e+02
   9.7612395e+02   2.8591390e+02   2.1055014e+03   1.3936202e+03   4.4935525e+00   2.3198420e+00   1.1088425e+02
   9.8004717e+02   2.8608463e+02   2.1036671e+03   1.3936090e+03   4.4935706e+00   2.3198514e+00   1.1053484e+02
   9.8397039e+02   2.8625537e+02   2.1018336e+03   1.3935978e+03   4.4935888e+00   2.3198607e+00   1.1018695e+02
   9.8789361e+02   2.8642543e+02   2.1000006e+03   1.3935866e+03   4.4936068e+00   2.3198700e+00   1.0984195e+02
   9.9181683e+02   2.8659131e+02   2.0981683e+03   1.3935757e+03   4.4936244e+00   2.3198791e+00   1.0950683e+02
   9.9574005e+02   2.8675720e+02   2.0963365e+03   1.3935647e+03   4.4936420e+00   2.3198882e+00   1.0917312e+02
   9.9966327e+02   2.8692309e+02   2.0945055e+03   1.3935538e+03   4.4936596e+00   2.3198973e+00   1.0884081e+02
   1.0035865e+03   2.8708898e+02   2.0926750e+03   1.3935429e+03   4.4936772e+00   2.3199064e+00   1.0850990e+02
   1.0075097e+03   2.8725486e+02   2.0908453e+03   1.3935320e+03   4.4936949e+00   2.3199155e+00   1.0818037e+02
   1.0114329e+03   2.8742075e+02   2.0890161e+03   1.3935210e+03   4.4937125e+00   2.3199246e+00   1.0785222e+02
   1.0153561e+03   2.8758358e+02   2.0871876e+03   1.3935103e+03   4.4937298e+00   2.3199335e+00   1.0753146e+02
   1.0192794e+03   2.8774503e+02   2.0853598e+03   1.3934997e+03   4.4937469e+00   2.3199424e+00   1.0721472e+02
   1.0232026e+03   2.8790647e+02   2.0835326e+03   1.3934891e+03   4.4937641e+00   2.3199512e+00   1.0689928e+02
   1.0271258e+03   2.8806791e+02   2.0817060e+03   1.3934784e+03   4.4937812e+00   2.3199601e+00   1.0658511e+02
   1.0310490e+03   2.8822936e+02   2.0798802e+03   1.3934678e+03   4.4937984e+00   2.3199689e+00   1.0627221e+02
   1.0349722e+03   2.8839080e+02   2.0780549e+03   1.3934571e+03   4.4938155e+00   2.3199778e+00   1.0596059e+02
   1.0388955e+03   2.8855129e+02   2.0762304e+03   1.3934466e+03   4.4938326e+00   2.3199866e+00   1.0565205e+02
   1.0428187e+03   2.8870867e+02   2.0744065e+03   1.3934362e+03   4.4938493e+00   2.3199952e+00   1.0535070e+02
   1.0467419e+03   2.8886605e+02   2.0725833e+03   1.3934258e+03   4.4938660e+00   2.3200038e+00   1.0505053e+02
   1.0506651e+03   2.8902343e+02   2.0707608e+03   1.3934155e+03   4.4938827e+00   2.3200125e+00   1.0475154e+02
   1.0545883e+03   2.8918081e+02   2.0689390e+03   1.3934051e+03   4.4938995e+00   2.3200211e+00   1.0445372e+02
   1.0585116e+03   2.8933820e+02   2.0671178e+03   1.3933947e+03   4.4939162e+00   2.3200297e+00   1.0415708e+02
   1.0624348e+03   2.8949558e+02   2.0652974e+03   1.3933843e+03   4.4939329e+00   2.3200384e+00   1.0386160e+02
   1.0663580e+03   2.8965007e+02   2.0634776e+03   1.3933742e+03   4.4939493e+00   2.3200469e+00   1.0357268e+02
   1.0702812e+03   2.8980375e+02   2.0616585e+03   1.3933640e+03   4.4939657e+00   2.3200553e+00   1.0328636e+02
   1.0742044e+03   2.8995743e+02   2.0598401e+03   1.3933539e+03   4.4939820e+00   2.3200637e+00   1.0300115e+02
   1.0781277e+03   2.9011111e+02   2.0580224e+03   1.3933438e+03   4.4939983e+00   2.3200722e+00   1.0271702e+02
   1.0820509e+03   2.9026479e+02   2.0562055e+03   1.3933336e+03   4.4940147e+00   2.3200806e+00   1.0243397e+02
   1.0859741e+03   2.9041847e+02   2.0543892e+03   1.3933235e+03   4.4940310e+00   2.3200890e+00   1.0215200e+02
   1.0898973e+03   2.9057105e+02   2.0525736e+03   1.3933134e+03   4.4940473e+00   2.3200974e+00   1.0187312e+02
   1.0938205e+03   2.9072137e+02   2.0507588e+03   1.3933035e+03   4.4940632e+00   2.3201057e+00   1.0159939e+02
   1.0977438e+03   2.9087170e+02   2.0489447e+03   1.3932936e+03   4.4940792e+00   2.3201139e+00   1.0132667e+02
   1.1016670e+03   2.9102202e+02   2.0471313e+03   1.3932837e+03   4.4940952e+00   2.3201222e+00   1.0105497e+02
   1.1055902e+03   2.9117235e+02   2.0453186e+03   1.3932738e+03   4.4941112e+00   2.3201304e+00   1.0078428e+02
   1.1095134e+03   2.9132267e+02   2.0435066e+03   1.3932639e+03   4.4941272e+00   2.3201387e+00   1.0051458e+02
   1.1134366e+03   2.9147299e+02   2.0416954e+03   1.3932539e+03   4.4941432e+00   2.3201469e+00   1.0024589e+02
   1.1173598e+03   2.9162066e+02   2.0398849e+03   1.3932442e+03   4.4941589e+00   2.3201551e+00   9.9982914e+01
   1.1212831e+03   2.9176795e+02   2.0380752e+03   1.3932345e+03   4.4941746e+00   2.3201632e+00   9.9721559e+01
   1.1252063e+03   2.9191524e+02   2.0362662e+03   1.3932248e+03   4.4941903e+00   2.3201712e+00   9.9461149e+01
   1.1291295e+03   2.9206254e+02   2.0344579e+03   1.3932150e+03   4.4942059e+00   2.3201793e+00   9.9201682e+01
   1.1330527e+03   2.9220983e+02   2.0326504e+03   1.3932053e+03   4.4942216e+00   2.3201874e+00   9.8943152e+01
   1.1369759e+03   2.9235712e+02   2.0308436e+03   1.3931956e+03   4.4942373e+00   2.3201955e+00   9.8685555e+01
   1.1408992e+03   2.9250326e+02   2.0290376e+03   1.3931860e+03   4.4942529e+00   2.3202036e+00   9.8430891e+01
   1.1448224e+03   2.9264782e+02   2.0272324e+03   1.3931764e+03   4.4942682e+00   2.3202115e+00   9.8179865e+01
   1.1487456e+03   2.9279239e+02   2.0254279e+03   1.3931669e+03   4.4942836e+00   2.3202194e+00   9.7929725e+01
   1.1526688e+03   2.9293696e+02   2.0236242e+03   1.3931573e+03   4.4942990e+00   2.3202274e+00   9.7680469e+01
   1.1565920e+03   2.9308152e+02   2.0218212e+03   1.3931478e+03   4.4943144e+00   2.3202353e+00   9.7432092e+01
   1.1605153e+03   2.9322609e+02   2.0200190e+03   1.3931382e+03   4.4943298e+00   2.3202433e+00   9.7184590e+01
   1.1644385e+03   2.9337066e+02   2.0182176e+03   1.3931287e+03   4.4943452e+00   2.3202512e+00   9.6937961e+01
   1.1683617e+03   2.9351286e+02   2.0164170e+03   1.3931193e+03   4.4943604e+00   2.3202591e+00   9.6696204e+01
   1.1722849e+03   2.9365500e+02   2.0146171e+03   1.3931099e+03   4.4943755e+00   2.3202669e+00   9.6455408e+01
   1.1762081e+03   2.9379713e+02   2.0128180e+03   1.3931005e+03   4.4943906e+00   2.3202747e+00   9.6215443e+01
   1.1801314e+03   2.9393926e+02   2.0110198e+03   1.3930911e+03   4.4944058e+00   2.3202825e+00   9.5976307e+01
   1.1840546e+03   2.9408139e+02   2.0092223e+03   1.3930818e+03   4.4944209e+00   2.3202903e+00   9.5737995e+01
   1.1879778e+03   2.9422353e+02   2.0074256e+03   1.3930724e+03   4.4944361e+00   2.3202981e+00   9.5500505e+01
   1.1919010e+03   2.9436454e+02   2.0056297e+03   1.3930631e+03   4.4944511e+00   2.3203059e+00   9.5265685e+01
   1.1958242e+03   2.9450452e+02   2.0038346e+03   1.3930538e+03   4.4944660e+00   2.3203136e+00   9.5033393e+01
   1.1997475e+03   2.9464450e+02   2.0020403e+03   1.3930446e+03   4.4944809e+00   2.3203213e+00   9.4801887e+01
   1.2036707e+03   2.9478447e+02   2.0002468e+03   1.3930353e+03   4.4944958e+00   2.3203290e+00   9.4571165e+01
   1.2075939e+03   2.9492445e+02   1.9984541e+03   1.3930261e+03   4.4945108e+00   2.3203367e+00   9.4341222e+01
   1.2115171e+03   2.9506442e+02   1.9966622e+03   1.3930168e+03   4.4945257e+00   2.3203444e+00   9.4112055e+01
   1.2154403e+03   2.9520428e+02   1.9948712e+03   1.3930076e+03   4.4945406e+00   2.3203521e+00   9.3883859e+01
   1.2193635e+03   2.9534236e+02   1.9930809e+03   1.3929985e+03   4.4945553e+00   2.3203597e+00   9.3659311e+01
   1.2232868e+03   2.9548044e+02   1.9912915e+03   1.3929893e+03   4.4945700e+00   2.3203673e+00   9.3435508e+01
   1.2272100e+03   2.9561852e+02   1.9895030e+03   1.3929802e+03   4.4945847e+00   2.3203749e+00   9.3212449e+01
   1.2311332e+03   2.9575661e+02   1.9877152e+03   1.3929711e+03   4.4945995e+00   2.3203825e+00   9.2990130e+01
   1.2350564e+03   2.9589469e+02   1.9859283e+03   1.3929620e+03   4.4946142e+00   2.3203901e+00   9.2768548e+01
   1.2389796e+03   2.9603277e+02   1.9841422e+03   1.3929528e+03   4.4946289e+00   2.3203977e+00   9.2547700e+01
   1.2429029e+03   2.9616985e+02   1.9823570e+03   1.3929438e+03   4.4946435e+00   2.3204052e+00   9.2329182e+01
   1.2468261e+03   2.9630628e+02   1.9805726e+03   1.3929348e+03   4.4946581e+00   2.3204128e+00   9.2112396e+01
   1.2507493e+03   2.9644272e+02   1.9787890e+03   1.3929257e+03   4.4946726e+00   2.3204203e+00   9.1896319e+01
   1.2546725e+03   2.9657916e+02   1.9770063e+03   1.3929167e+03   4.4946872e+00   2.3204278e+00   9.1680947e+01
   1.2585957e+03   2.9671559e+02   1.9752245e+03   1.3929077e+03   4.4947017e+00   2.3204353e+00   9.1466276e+01
   1.2625190e+03   2.9685203e+02   1.9734435e+03   1.3928987e+03   4.4947163e+00   2.3204428e+00   9.1252306e+01
   1.2664422e+03   2.9698824e+02   1.9716634e+03   1.3928897e+03   4.4947308e+00   2.3204503e+00   9.1039378e+01
   1.2703654e+03   2.9712327e+02   1.9698841e+03   1.3928807e+03   4.4947452e+00   2.3204577e+00   9.0828986e+01
   1.2742886e+03   2.9725830e+02   1.9681057e+03   1.3928718e+03   4.4947596e+00   2.3204652e+00   9.0619271e+01
   1.2782118e+03   2.9739333e+02   1.9663282e+03   1.3928629e+03   4.4947740e+00   2.3204726e+00   9.0410230e+01
   1.2821351e+03   2.9752836e+02   1.9645515e+03   1.3928540e+03   4.4947884e+00   2.3204801e+00   9.0201860e+01
   1.2860583e+03   2.9766339e+02   1.9627757e+03   1.3928450e+03   4.4948029e+00   2.3204875e+00   8.9994158e+01
   1.2899815e+03   2.9779842e+02   1.9610008e+03   1.3928361e+03   4.4948173e+00   2.3204949e+00   8.9787123e+01
   1.2939047e+03   2.9793261e+02   1.9592268e+03   1.3928272e+03   4.4948316e+00   2.3205023e+00   8.9582023e+01
   1.2978279e+03   2.9806646e+02   1.9574537e+03   1.3928184e+03   4.4948459e+00   2.3205097e+00   8.9378106e+01
   1.3017512e+03   2.9820030e+02   1.9556814e+03   1.3928095e+03   4.4948602e+00   2.3205171e+00   8.9174835e+01
   1.3056744e+03   2.9833415e+02   1.9539100e+03   1.3928007e+03   4.4948744e+00   2.3205245e+00   8.8972209e+01
   1.3095976e+03   2.9846800e+02   1.9521396e+03   1.3927918e+03   4.4948887e+00   2.3205318e+00   8.8770224e+01
   1.3135208e+03   2.9860184e+02   1.9503700e+03   1.3927830e+03   4.4949030e+00   2.3205392e+00   8.8568878e+01
   1.3174440e+03   2.9873545e+02   1.9486013e+03   1.3927741e+03   4.4949173e+00   2.3205466e+00   8.8368533e+01
   1.3213672e+03   2.9886832e+02   1.9468336e+03   1.3927653e+03   4.4949315e+00   2.3205539e+00   8.8169901e+01
   1.3252905e+03   2.9900120e+02   1.9450667e+03   1.3927565e+03   4.4949457e+00   2.3205612e+00   8.7971891e+01
   1.3292137e+03   2.9913408e+02   1.9433008e+03   1.3927477e+03   4.4949598e+00   2.3205685e+00   8.7774501e+01
   1.3331369e+03   2.9926696e+02   1.9415358e+03   1.3927389e+03   4.4949740e+00   2.3205759e+00   8.7577728e+01
   1.3370601e+03   2.9939984e+02   1.9397716e+03   1.3927301e+03   4.4949882e+00   2.3205832e+00   8.7381571e+01
   1.3409833e+03   2.9953272e+02   1.9380085e+03   1.3927214e+03   4.4950024e+00   2.3205905e+00   8.7186026e+01
   1.3449066e+03   2.9966499e+02   1.9362462e+03   1.3927126e+03   4.4950165e+00   2.3205978e+00   8.6991985e+01
   1.3488298e+03   2.9979710e+02   1.9344848e+03   1.3927039e+03   4.4950306e+00   2.3206051e+00   8.6798770e+01
   1.3527530e+03   2.9992922e+02   1.9327244e+03   1.3926951e+03   4.4950448e+00   2.3206124e+00   8.6606154e+01
   1.3566762e+03   3.0006134e+02   1.9309650e+03   1.3926864e+03   4.4950589e+00   2.3206197e+00   8.6414134e+01
   1.3605994e+03   3.0019345e+02   1.9292064e+03   1.3926776e+03   4.4950730e+00   2.3206270e+00   8.6222708e+01
   1.3645227e+03   3.0032557e+02   1.9274488e+03   1.3926689e+03   4.4950871e+00   2.3206342e+00   8.6031875e+01
   1.3684459e+03   3.0045749e+02   1.9256922e+03   1.3926601e+03   4.4951012e+00   2.3206415e+00   8.5841913e+01
   1.3723691e+03   3.0058904e+02   1.9239364e+03   1.3926514e+03   4.4951152e+00   2.3206488e+00   8.5653068e+01
   1.3762923e+03   3.0072059e+02   1.9221817e+03   1.3926427e+03   4.4951293e+00   2.3206560e+00   8.5464804e+01
   1.3802155e+03   3.0085214e+02   1.9204279e+03   1.3926340e+03   4.4951434e+00   2.3206633e+00   8.5277118e+01
   1.3841388e+03   3.0098369e+02   1.9186750e+03   1.3926253e+03   4.4951574e+00   2.3206705e+00   8.5090007e+01
   1.3880620e+03   3.0111523e+02   1.9169231e+03   1.3926166e+03   4.4951715e+00   2.3206778e+00   8.4903470e+01
   1.3919852e+03   3.0124678e+02   1.9151722e+03   1.3926079e+03   4.4951855e+00   2.3206851e+00   8.4717505e+01
   1.3959084e+03   3.0137799e+02   1.9134222e+03   1.3925992e+03   4.4951996e+00   2.3206923e+00   8.4532586e+01
   1.3998316e+03   3.0150916e+02   1.9116732e+03   1.3925905e+03   4.4952136e+00   2.3206995e+00   8.4348289e+01
   1.4037549e+03   3.0164033e+02   1.9099251e+03   1.3925818e+03   4.4952276e+00   2.3207068e+00   8.4164554e+01
   1.4076781e+03   3.0177150e+02   1.9081781e+03   1.3925731e+03   4.4952416e+00   2.3207140e+00   8.3981378e+01
   1.4116013e+03   3.0190266e+02   1.9064320e+03   1.3925644e+03   4.4952556e+00   2.3207213e+00   8.3798759e+01
   1.4155245e+03   3.0203383e+02   1.9046869e+03   1.3925558e+03   4.4952697e+00   2.3207285e+00   8.3616696e+01
   1.4194477e+03   3.0216491e+02   1.9029428e+03   1.3925471e+03   4.4952837e+00   2.3207357e+00   8.3435308e+01
   1.4233710e+03   3.0229588e+02   1.9011996e+03   1.3925384e+03   4.4952977e+00   2.3207430e+00   8.3254627e+01
   1.4272942e+03   3.0242684e+02   1.8994575e+03   1.3925297e+03   4.4953117e+00   2.3207502e+00   8.3074493e+01
   1.4312174e+03   3.0255781e+02   1.8977163e+03   1.3925211e+03   4.4953257e+00   2.3207574e+00   8.2894904e+01
   1.4351406e+03   3.0268877e+02   1.8959762e+03   1.3925124e+03   4.4953397e+00   2.3207646e+00   8.2715859e+01
   1.4390638e+03   3.0281974e+02   1.8942370e+03   1.3925037e+03   4.4953537e+00   2.3207719e+00   8.2537354e+01
   1.4429870e+03   3.0295071e+02   1.8924988e+03   1.3924950e+03   4.4953677e+00   2.3207791e+00   8.2359389e+01
   1.4469103e+03   3.0308164e+02   1.8907617e+03   1.3924863e+03   4.4953817e+00   2.3207863e+00   8.2182002e+01
   1.4508335e+03   3.0321258e+02   1.8890255e+03   1.3924777e+03   4.4953957e+00   2.3207936e+00   8.2005151e+01
   1.4547567e+03   3.0334351e+02   1.8872904e+03   1.3924690e+03   4.4954097e+00   2.3208008e+00   8.1828832e+01
   1.4586799e+03   3.0347445e+02   1.8855563e+03   1.3924603e+03   4.4954237e+00   2.3208080e+00   8.1653044e+01
   1.4626031e+03   3.0360538e+02   1.8838232e+03   1.3924516e+03   4.4954377e+00   2.3208153e+00   8.1477785e+01
   1.4665264e+03   3.0373631e+02   1.8820911e+03   1.3924430e+03   4.4954517e+00   2.3208225e+00   8.1303053e+01
   1.4704496e+03   3.0386732e+02   1.8803600e+03   1.3924343e+03   4.4954658e+00   2.3208297e+00   8.1128751e+01
   1.4743728e+03   3.0399839e+02   1.8786300e+03   1.3924256e+03   4.4954798e+00   2.3208370e+00   8.0954891e+01
   1.4782960e+03   3.0412946e+02   1.8769010e+03   1.3924169e+03   4.4954938e+00   2.3208442e+00   8.0781552e+01
   1.4822192e+03   3.0426052e+02   1.8751730e+03   1.3924082e+03   4.4955078e+00   2.3208514e+00   8.0608734e+01
   1.4861425e+03   3.0439159e+02   1.8734460e+03   1.3923995e+03   4.4955218e+00   2.3208587e+00   8.0436434e+01
   1.4900657e+03   3.0452266e+02   1.8717201e+03   1.3923908e+03   4.4955359e+00   2.3208659e+00   8.0264650e+01
   1.4939889e+03   3.0465375e+02   1.8699953e+03   1.3923821e+03   4.4955499e+00   2.3208732e+00   8.0093349e+01
   1.4979121e+03   3.0478511e+02   1.8682714e+03   1.3923734e+03   4.4955640e+00   2.3208804e+00   7.9922214e+01
   1.5018353e+03   3.0491646e+02   1.8665487e+03   1.3923647e+03   4.4955780e+00   2.3208877e+00   7.9751592e+01
   1.5057586e+03   3.0504782e+02   1.8648269e+03   1.3923560e+03   4.4955921e+00   2.3208949e+00   7.9581480e+01
   1.5096818e+03   3.0517918e+02   1.8631063e+03   1.3923473e+03   4.4956061e+00   2.3209022e+00   7.9411877e+01
   1.5136050e+03   3.0531054e+02   1.8613866e+03   1.3923386e+03   4.4956202e+00   2.3209095e+00   7.9242781e+01
   1.5175282e+03   3.0544189e+02   1.8596681e+03   1.3923299e+03   4.4956343e+00   2.3209167e+00   7.9074190e+01
   1.5214514e+03   3.0557353e+02   1.8579506e+03   1.3923212e+03   4.4956484e+00   2.3209240e+00   7.8905748e+01
   1.5253747e+03   3.0570533e+02   1.8562341e+03   1.3923124e+03   4.4956625e+00   2.3209313e+00   7.8737599e+01
   1.5292979e+03   3.0583713e+02   1.8545188e+03   1.3923037e+03   4.4956766e+00   2.3209386e+00   7.8569954e+01
   1.5332211e+03   3.0596893e+02   1.8528045e+03   1.3922949e+03   4.4956907e+00   2.3209459e+00   7.8402809e+01
   1.5371443e+03   3.0610073e+02   1.8510912e+03   1.3922862e+03   4.4957048e+00   2.3209531e+00   7.8236163e+01
   1.5410675e+03   3.0623253e+02   1.8493791e+03   1.3922775e+03   4.4957189e+00   2.3209604e+00   7.8070015e+01
   1.5449907e+03   3.0636443e+02   1.8476680e+03   1.3922687e+03   4.4957330e+00   2.3209677e+00   7.7904233e+01
   1.5489140e+03   3.0649682e+02   1.8459580e+03   1.3922599e+03   4.4957472e+00   2.3209750e+00   7.7738338e+01
   1.5528372e+03   3.0662921e+02   1.8442491e+03   1.3922511e+03   4.4957614e+00   2.3209824e+00   7.7572939e+01
   1.5567604e+03   3.0676159e+02   1.8425413e+03   1.3922424e+03   4.4957756e+00   2.3209897e+00   7.7408034e+01
   1.5606836e+03   3.0689398e+02   1.8408346e+03   1.3922336e+03   4.4957898e+00   2.3209970e+00   7.7243622e+01
   1.5646068e+03   3.0702637e+02   1.8391289e+03   1.3922248e+03   4.4958039e+00   2.3210043e+00   7.7079701e+01
   1.5685301e+03   3.0715876e+02   1.8374244e+03   1.3922160e+03   4.4958181e+00   2.3210116e+00   7.6916268e+01
   1.5724533e+03   3.0729167e+02   1.8357210e+03   1.3922072e+03   4.4958324e+00   2.3210190e+00   7.6752675e+01
   1.5763765e+03   3.0742479e+02   1.8340186e+03   1.3921984e+03   4.4958466e+00   2.3210264e+00   7.6589322e+01
   1.5802997e+03   3.0755790e+02   1.8323174e+03   1.3921895e+03   4.4958609e+00   2.3210337e+00   7.6426458e+01
   1.5842229e+03   3.0769102e+02   1.8306173e+03   1.3921807e+03   4.4958751e+00   2.3210411e+00   7.6264082e+01
   1.5881462e+03   3.0782414e+02   1.8289183e+03   1.3921719e+03   4.4958894e+00   2.3210484e+00   7.6102190e+01
   1.5920694e+03   3.0795725e+02   1.8272203e+03   1.3921630e+03   4.4959037e+00   2.3210558e+00   7.5940781e+01
   1.5959926e+03   3.0809060e+02   1.8255236e+03   1.3921542e+03   4.4959180e+00   2.3210632e+00   7.5779572e+01
   1.5999158e+03   3.0822458e+02   1.8238279e+03   1.3921453e+03   4.4959323e+00   2.3210706e+00   7.5618084e+01
   1.6038390e+03   3.0835857e+02   1.8221333e+03   1.3921364e+03   4.4959467e+00   2.3210780e+00   7.5457079e+01
   1.6077623e+03   3.0849255e+02   1.8204399e+03   1.3921275e+03   4.4959610e+00   2.3210854e+00   7.5296557e+01
   1.6116855e+03   3.0862653e+02   1.8187476e+03   1.3921186e+03   4.4959754e+00   2.3210928e+00   7.5136515e+01
   1.6156087e+03   3.0876051e+02   1.8170565e+03   1.3921097e+03   4.4959898e+00   2.3211002e+00   7.4976951e+01
   1.6195319e+03   3.0889450e+02   1.8153664e+03   1.3921008e+03   4.4960041e+00   2.3211077e+00   7.4817865e+01
   1.6234551e+03   3.0902929e+02   1.8136775e+03   1.3920919e+03   4.4960186e+00   2.3211151e+00   7.4658291e+01
   1.6273784e+03   3.0916427e+02   1.8119898e+03   1.3920829e+03   4.4960330e+00   2.3211226e+00   7.4498979e+01
   1.6313016e+03   3.0929925e+02   1.8103031e+03   1.3920740e+03   4.4960475e+00   2.3211301e+00   7.4340147e+01
   1.6352248e+03   3.0943423e+02   1.8086177e+03   1.3920650e+03   4.4960620e+00   2.3211375e+00   7.4181791e+01
   1.6391480e+03   3.0956921e+02   1.8069333e+03   1.3920560e+03   4.4960764e+00   2.3211450e+00   7.4023910e+01
   1.6430712e+03   3.0970419e+02   1.8052502e+03   1.3920471e+03   4.4960909e+00   2.3211525e+00   7.3866502e+01
   1.6469944e+03   3.0983958e+02   1.8035681e+03   1.3920381e+03   4.4961054e+00   2.3211600e+00   7.3709091e+01
   1.6509177e+03   3.0997569e+02   1.8018873e+03   1.3920291e+03   4.4961200e+00   2.3211675e+00   7.3551322e+01
   1.6548409e+03   3.1011179e+02   1.8002075e+03   1.3920200e+03   4.4961346e+00   2.3211750e+00   7.3394029e+01
   1.6587641e+03   3.1024790e+02   1.7985290e+03   1.3920110e+03   4.4961492e+00   2.3211826e+00   7.3237210e+01
   1.6626873e+03   3.1038401e+02   1.7968516e+03   1.3920019e+03   4.4961638e+00   2.3211901e+00   7.3080863e+01
   1.6666105e+03   3.1052011e+02   1.7951753e+03   1.3919929e+03   4.4961784e+00   2.3211976e+00   7.2924986e+01
   1.6705338e+03   3.1065622e+02   1.7935003e+03   1.3919839e+03   4.4961930e+00   2.3212052e+00   7.2769578e+01
   1.6744570e+03   3.1079346e+02   1.7918264e+03   1.3919748e+03   4.4962077e+00   2.3212128e+00   7.2613342e+01
   1.6783802e+03   3.1093082e+02   1.7901537e+03   1.3919656e+03   4.4962225e+00   2.3212204e+00   7.2457452e+01
   1.6823034e+03   3.1106818e+02   1.7884821e+03   1.3919565e+03   4.4962372e+00   2.3212280e+00   7.2302033e+01
   1.6862266e+03   3.1120554e+02   1.7868118e+03   1.3919474e+03   4.4962519e+00   2.3212356e+00   7.2147085e+01
   1.6901499e+03   3.1134289e+02   1.7851426e+03   1.3919383e+03   4.4962667e+00   2.3212432e+00   7.1992605e+01
   1.6940731e+03   3.1148025e+02   1.7834746e+03   1.3919291e+03   4.4962814e+00   2.3212508e+00   7.1838592e+01
   1.6979963e+03   3.1161824e+02   1.7818078e+03   1.3919200e+03   4.4962962e+00   2.3212585e+00   7.1684342e+01
   1.7019195e+03   3.1175697e+02   1.7801421e+03   1.3919108e+03   4.4963111e+00   2.3212661e+00   7.1529730e+01
   1.7058427e+03   3.1189570e+02   1.7784777e+03   1.3919015e+03   4.4963260e+00   2.3212738e+00   7.1375589e+01
   1.7097660e+03   3.1203443e+02   1.7768144e+03   1.3918923e+03   4.4963409e+00   2.3212815e+00   7.1221917e+01
   1.7136892e+03   3.1217316e+02   1.7751524e+03   1.3918831e+03   4.4963557e+00   2.3212892e+00   7.1068711e+01
   1.7176124e+03   3.1231189e+02   1.7734915e+03   1.3918739e+03   4.4963706e+00   2.3212969e+00   7.0915971e+01
   1.7215356e+03   3.1245063e+02   1.7718319e+03   1.3918647e+03   4.4963855e+00   2.3213046e+00   7.0763687e+01
   1.7254588e+03   3.1259086e+02   1.7701735e+03   1.3918554e+03   4.4964006e+00   2.3213123e+00   7.0610241e+01
   1.7293821e+03   3.1273108e+02   1.7685162e+03   1.3918460e+03   4.4964156e+00   2.3213201e+00   7.0457264e+01
   1.7333053e+03   3.1287131e+02   1.7668602e+03   1.3918367e+03   4.4964307e+00   2.3213279e+00   7.0304756e+01
   1.7372285e+03   3.1301153e+02   1.7652054e+03   1.3918274e+03   4.4964457e+00   2.3213356e+00   7.0152714e+01
   1.7411517e+03   3.1315175e+02   1.7635518e+03   1.3918181e+03   4.4964608e+00   2.3213434e+00   7.0001137e+01
   1.7450749e+03   3.1329198e+02   1.7618994e+03   1.3918088e+03   4.4964758e+00   2.3213512e+00   6.9850022e+01
   1.7489981e+03   3.1343309e+02   1.7602482e+03   1.3917994e+03   4.4964910e+00   2.3213590e+00   6.9698416e+01
   1.7529214e+03   3.1357492e+02   1.7585983e+03   1.3917900e+03   4.4965062e+00   2.3213669e+00   6.9546503e+01
   1.7568446e+03   3.1371676e+02   1.7569496e+03   1.3917805e+03   4.4965214e+00   2.3213747e+00   6.9395057e+01
   1.7607678e+03   3.1385859e+02   1.7553021e+03   1.3917711e+03   4.4965367e+00   2.3213826e+00   6.9244078e+01
   1.7646910e+03   3.1400043e+02   1.7536558e+03   1.3917617e+03   4.4965519e+00   2.3213905e+00   6.9093563e+01
   1.7686142e+03   3.1414226e+02   1.7520108e+03   1.3917523e+03   4.4965671e+00   2.3213983e+00   6.8943511e+01
   1.7725375e+03   3.1428427e+02   1.7503670e+03   1.3917428e+03   4.4965824e+00   2.3214062e+00   6.8793741e+01
   1.7764607e+03   3.1442782e+02   1.7487244e+03   1.3917333e+03   4.4965978e+00   2.3214141e+00   6.8642799e+01
   1.7803839e+03   3.1457138e+02   1.7470831e+03   1.3917237e+03   4.4966132e+00   2.3214221e+00   6.8492325e+01
   1.7843071e+03   3.1471494e+02   1.7454430e+03   1.3917142e+03   4.4966286e+00   2.3214301e+00   6.8342317e+01
   1.7882303e+03   3.1485850e+02   1.7438042e+03   1.3917046e+03   4.4966440e+00   2.3214380e+00   6.8192775e+01
   1.7921536e+03   3.1500206e+02   1.7421666e+03   3.5912485e+03   4.6869802e+00   2.6666413e+00   1.2935333e+13
   1.8749479e+03   3.2824540e+02   1.7287843e+03   3.5912485e+03   4.7149660e+00   2.6876905e+00   4.4419436e+12
   1.9570772e+03   3.4140870e+02   1.7154020e+03   3.6085969e+03   4.7161551e+00   2.6868927e+00   1.6641267e+12
   2.0389345e+03   3.5449232e+02   1.7020198e+03   3.6097659e+03   8.2552605e+00   4.7006181e+00   6.7365877e+11
   2.1201394e+03   3.6749662e+02   1.6886375e+03   3.6109164e+03   8.2571413e+00   4.6991274e+00   2.9186299e+11
   2.2006899e+03   3.8042197e+02   1.6752553e+03   3.6120394e+03   8.2589264e+00   4.6975953e+00   1.3432320e+11
   2.2805834e+03   3.9326875e+02   1.6618730e+03   3.6131385e+03   8.2605833e+00   4.6960061e+00   6.5247630e+10
   2.3598179e+03   4.0603736e+02   1.6484908e+03   3.6142079e+03   8.2621479e+00   4.6943804e+00   3.3266826e+10
   2.4383908e+03   4.1872820e+02   1.6351085e+03   3.6152530e+03   8.2636363e+00   4.6927265e+00   1.7717446e+10
   2.5162999e+03   4.3134170e+02   1.6217263e+03   3.6162777e+03   8.2711036e+00   4.6945390e+00   9.8154939e+09
   2.5935430e+03   4.4387830e+02   1.6083440e+03   3.6177762e+03   8.3204146e+00   4.7205021e+00   5.6357145e+09
   2.6701284e+03   4.5633844e+02   1.5949618e+03   3.6226708e+03   8.4356845e+00   4.7844275e+00   3.3428321e+09
   2.7461249e+03   4.6872259e+02   1.5815795e+03   3.6329827e+03   8.4366784e+00   4.7824821e+00   2.0427272e+09
   2.8216397e+03   4.8103124e+02   1.5681972e+03   3.6339036e+03   8.4376089e+00   4.7805130e+00   1.2829058e+09
   2.8964687e+03   4.9326488e+02   1.5548150e+03   3.6348083e+03   8.4384699e+00   4.7785231e+00   8.2598187e+08
   2.9706097e+03   5.0542402e+02   1.5414327e+03   3.6356939e+03   8.4392805e+00   4.7765222e+00   5.4408481e+08
   3.0440602e+03   5.1750921e+02   1.5280505e+03   3.6365634e+03   8.4400335e+00   4.7745055e+00   3.6601853e+08
   3.1168178e+03   5.2952098e+02   1.5146682e+03   3.6374156e+03   8.4407167e+00   4.7724674e+00   2.5106110e+08
   3.1888800e+03   5.4145993e+02   1.5012860e+03   3.6382488e+03   8.4413509e+00   4.7704210e+00   1.7533343e+08
   3.2602444e+03   5.5332664e+02   1.4879037e+03   3.6390666e+03   8.4419384e+00   4.7683661e+00   1.2450565e+08
   3.3309083e+03   5.6512172e+02   1.4745215e+03   3.6398688e+03   8.4424569e+00   4.7662907e+00   8.9791744e+07
   3.4008693e+03   5.7684581e+02   1.4611392e+03   3.6406515e+03   8.4429350e+00   4.7642110e+00   6.5695912e+07
   3.4701248e+03   5.8849957e+02   1.4477570e+03   3.6414204e+03   8.4433731e+00   4.7621260e+00   4.8715662e+07
   3.5386721e+03   6.0008369e+02   1.4343747e+03   3.6421754e+03   8.4437441e+00   4.7600239e+00   3.6579563e+07
   3.6065085e+03   6.1159888e+02   1.4209924e+03   3.6429113e+03   8.4440743e+00   4.7579174e+00   2.7790271e+07
   3.6736313e+03   6.2304587e+02   1.4076102e+03   3.6436331e+03   8.4443642e+00   4.7558070e+00   2.1345486e+07
   3.7400377e+03   6.3442544e+02   1.3942279e+03   3.6443403e+03   8.4445912e+00   4.7536818e+00   1.6564552e+07
   3.8057248e+03   6.4573838e+02   1.3808457e+03   3.6450297e+03   8.4447839e+00   4.7515553e+00   1.2978939e+07
   3.8706898e+03   6.5698551e+02   1.3674634e+03   3.6457058e+03   8.4449349e+00   4.7494237e+00   1.0261991e+07
   3.9349295e+03   6.6816771e+02   1.3540812e+03   3.6463675e+03   8.4450278e+00   4.7472807e+00   8.1832082e+06
   3.9984411e+03   6.7928585e+02   1.3406989e+03   3.6470115e+03   8.4450853e+00   4.7451368e+00   6.5780827e+06
   4.0612213e+03   6.9034087e+02   1.3273167e+03   3.6476421e+03   8.4450974e+00   4.7429858e+00   5.3279359e+06
   4.1232669e+03   7.0133375e+02   1.3139344e+03   3.6482580e+03   8.4450568e+00   4.7408268e+00   4.3462756e+06
   4.1845746e+03   7.1226548e+02   1.3005522e+03   3.6488569e+03   8.4449805e+00   4.7386669e+00   3.5694552e+06
   4.2451411e+03   7.2313712e+02   1.2871699e+03   3.6494423e+03   8.4448516e+00   4.7364973e+00   2.9502089e+06
   4.3049628e+03   7.3394977e+02   1.2737876e+03   3.6500117e+03   8.4446771e+00   4.7343224e+00   2.4531293e+06
   4.3640361e+03   7.4470456e+02   1.2604054e+03   3.6505655e+03   8.4444653e+00   4.7321461e+00   2.0514719e+06
   4.4223574e+03   7.5540268e+02   1.2470231e+03   3.6511054e+03   8.4441953e+00   4.7299573e+00   1.7248759e+06
   4.4799227e+03   7.6604538e+02   1.2336409e+03   3.6516271e+03   8.4438853e+00   4.7277669e+00   1.4577241e+06
   4.5367282e+03   7.7663395e+02   1.2202586e+03   3.6521353e+03   8.4435279e+00   4.7255693e+00   1.2379515e+06
   4.5927698e+03   7.8716975e+02   1.2068764e+03   3.6526276e+03   8.4431173e+00   4.7233632e+00   1.0561738e+06
   4.6480432e+03   7.9765418e+02   1.1934941e+03   3.6531024e+03   8.4426709e+00   4.7211562e+00   9.0504394e+05
   4.7025441e+03   8.0808873e+02   1.1801119e+03   3.6535643e+03   8.4421583e+00   4.7189343e+00   7.7877395e+05
   4.7562680e+03   8.1847494e+02   1.1667296e+03   3.6540066e+03   8.4416090e+00   4.7167099e+00   6.7277683e+05
   4.8092101e+03   8.2881444e+02   1.1533474e+03   3.6544346e+03   8.4410026e+00   4.7144756e+00   5.8339655e+05
   4.8613656e+03   8.3910891e+02   1.1399651e+03   3.6548459e+03   8.4403466e+00   4.7122335e+00   5.0770317e+05
   4.9127294e+03   8.4936012e+02   1.1265828e+03   3.6552402e+03   8.4396399e+00   4.7099847e+00   4.4333631e+05
   4.9632962e+03   8.5956995e+02   1.1132006e+03   3.6556181e+03   8.4388696e+00   4.7077205e+00   3.8838481e+05
   5.0130607e+03   8.6974033e+02   1.0998183e+03   3.6559776e+03   8.4380531e+00   4.7054513e+00   3.4129380e+05
   5.0620170e+03   8.7987332e+02   1.0864361e+03   3.6563207e+03   8.4371730e+00   4.7031677e+00   3.0079237e+05
   5.1101593e+03   8.8997106e+02   1.0730538e+03   3.6566446e+03   8.4362409e+00   4.7008745e+00   2.6583711e+05
   5.1574812e+03   9.0003581e+02   1.0596716e+03   3.6569521e+03   8.4352507e+00   4.6985698e+00   2.3556766e+05
   5.2039765e+03   9.1006995e+02   1.0462893e+03   3.6572416e+03   8.4341894e+00   4.6962486e+00   2.0927172e+05
   5.2496382e+03   9.2007596e+02   1.0329071e+03   3.6575104e+03   8.4330775e+00   4.6939184e+00   1.8635719e+05
   5.2944593e+03   9.3005647e+02   1.0195248e+03   3.6577622e+03   8.4318881e+00   4.6915671e+00   1.6633000e+05
   5.3384324e+03   9.4001425e+02   1.0061426e+03   3.6579925e+03   8.4306442e+00   4.6892047e+00   1.4877639e+05
   5.3815497e+03   9.4995222e+02   9.9276030e+02   3.6582055e+03   8.4293222e+00   4.6868215e+00   1.3334859e+05
   5.4238031e+03   9.5987344e+02   9.7937804e+02   3.6583957e+03   8.4279320e+00   4.6844210e+00   1.1975331e+05
   5.4651840e+03   9.6978116e+02   9.6599579e+02   3.6585661e+03   8.4264730e+00   4.6820025e+00   1.0774237e+05
   5.5056833e+03   9.7967882e+02   9.5261353e+02   3.6587167e+03   8.4249307e+00   4.6795598e+00   9.7105105e+04
   5.5452917e+03   9.8957003e+02   9.3923128e+02   3.6588437e+03   8.4233200e+00   4.6770993e+00   8.7662142e+04
   5.5839992e+03   9.9945862e+02   9.2584902e+02   3.6589501e+03   8.4216182e+00   4.6746106e+00   7.9260283e+04
   5.6217952e+03   1.0093486e+03   9.1246677e+02   3.6590324e+03   8.4198364e+00   4.6720990e+00   7.1768316e+04
   5.6586688e+03   1.0192444e+03   8.9908451e+02   3.6590913e+03   8.4179630e+00   4.6695574e+00   6.5073546e+04
   5.6946080e+03   1.0291505e+03   8.8570226e+02   3.6591263e+03   8.4160056e+00   4.6669894e+00   5.9078918e+04
   5.7296007e+03   1.0390717e+03   8.7232000e+02   3.6591373e+03   8.4139515e+00   4.6643900e+00   5.3700629e+04
   5.7636336e+03   1.0490132e+03   8.5893775e+02   3.6591222e+03   8.4117978e+00   4.6617561e+00   4.8866137e+04
   5.7966930e+03   1.0589804e+03   8.4555549e+02   3.6590809e+03   8.4095456e+00   4.6590899e+00   4.4512492e+04
   5.8287640e+03   1.0689791e+03   8.3217324e+02   3.6590126e+03   8.4071775e+00   4.6563812e+00   4.0584940e+04
   5.8598311e+03   1.0790156e+03   8.1879098e+02   3.6589146e+03   8.4047040e+00   4.6536351e+00   3.7035746e+04
   5.8898776e+03   1.0890965e+03   8.0540873e+02   3.6587893e+03   8.4021118e+00   4.6508445e+00   3.3823200e+04
   5.9188858e+03   1.0992288e+03   7.9202648e+02   3.6586332e+03   8.3993958e+00   4.6480080e+00   3.0910781e+04
   5.9468369e+03   1.1094200e+03   7.7864422e+02   3.6584454e+03   8.3965580e+00   4.6451248e+00   2.8266443e+04
   5.9737107e+03   1.1196782e+03   7.6526197e+02   3.6582269e+03   8.3935773e+00   4.6421839e+00   2.5862011e+04
   5.9994859e+03   1.1300121e+03   7.5187971e+02   3.6579724e+03   8.3904678e+00   4.6391929e+00   2.3672664e+04
   6.0241393e+03   1.1404310e+03   7.3849746e+02   3.6576850e+03   8.3892535e+00   4.6371843e+00   2.1676494e+04
   6.0241393e+03   1.1404310e+03   7.3849746e+02   8.0000000e+03   6.1662901e+00   3.3269408e+00   1.0000000e+04
   6.3393927e+03   1.1416981e+03   6.5644218e+02   8.0067803e+03   6.1636787e+00   3.3255318e+00   1.0000000e+04
   6.3299804e+03   1.1429652e+03   5.7438691e+02   8.0135193e+03   6.1855149e+00   3.3359469e+00   1.0000000e+04
   5.9011961e+03   1.1442324e+03   4.9233164e+02   8.0207559e+03   6.1819962e+00   3.3340897e+00   1.0000000e+04
   4.8903068e+03   1.1454995e+03   4.1027636e+02   8.0295973e+03   6.1453717e+00   3.3161896e+00   1.0000000e+04
   2.9918240e+03   1.1467667e+03   3.2822109e+02   8.0444703e+03   6.0607225e+00   3.2749742e+00   1.0000000e+04
  -4.4352232e+02   1.1480338e+03   2.4616582e+02   7.9383766e+03   5.9489301e+00   3.2234288e+00   1.0000000e+04
  -6.9643550e+03   1.1493010e+03   1.6411055e+02   7.9309644e+03   5.6658609e+00   3.0877001e+00   1.0000000e+04
  -2.2185355e+04   1.1505681e+03   8.2055273e+01   7.9280143e+03   5.0801627e+00   2.8093467e+00   1.0000000e+04
  -8.3875054e+04   1.1518353e+03   0.0000000e+00   7.9259173e+03   3.3304276e+00   2.0133802e+00   1.0000000e+04
