   0.0000000e+00   1.1000000e+02   2.6341000e+03   9.3187111e+02   3.9798936e+00   1.9655294e+00   3.0951647e+04
   2.2076935e+00   1.4751016e+02   2.6324410e+03   9.3187111e+02   3.9833817e+00   1.9672520e+00   1.9262861e+03
   4.4153870e+00   1.9781135e+02   2.6307793e+03   9.3187130e+02   3.9914668e+00   1.9712450e+00   2.4289610e+02
   6.6230805e+00   1.9785000e+02   2.6291181e+03   9.3184121e+02   3.9909516e+00   1.9709905e+00   2.4260819e+02
   8.8307740e+00   1.9789050e+02   2.6274575e+03   9.3177644e+02   3.9904369e+00   1.9707363e+00   2.4230691e+02
   1.1038467e+01   1.9793295e+02   2.6257974e+03   9.3167196e+02   3.9899229e+00   1.9704824e+00   2.4199166e+02
   1.3246161e+01   1.9797745e+02   2.6241377e+03   9.3152203e+02   3.9894096e+00   1.9702290e+00   2.4166182e+02
   1.5453854e+01   1.9802408e+02   2.6224783e+03   9.3132017e+02   3.9888972e+00   1.9699759e+00   2.4131675e+02
   1.7661548e+01   1.9807296e+02   2.6208192e+03   9.3105909e+02   3.9883858e+00   1.9697233e+00   2.4095578e+02
   1.9869241e+01   1.9812420e+02   2.6191601e+03   9.3073069e+02   3.9878754e+00   1.9694713e+00   2.4057821e+02
   2.2076935e+01   1.9817789e+02   2.6175011e+03   9.3032616e+02   3.9873662e+00   1.9692198e+00   2.4018331e+02
   2.4284628e+01   1.9823418e+02   2.6158420e+03   9.2983606e+02   3.9868583e+00   1.9689689e+00   2.3977033e+02
   2.6492322e+01   1.9829317e+02   2.6141826e+03   9.2925069e+02   3.9863517e+00   1.9687188e+00   2.3933848e+02
   2.8700015e+01   1.9835500e+02   2.6125228e+03   9.2856044e+02   3.9858466e+00   1.9684693e+00   2.3888696e+02
   3.0907709e+01   1.9841981e+02   2.6108623e+03   9.2775657e+02   3.9853431e+00   1.9682207e+00   2.3841493e+02
   3.3115402e+01   1.9848774e+02   2.6092010e+03   9.2683208e+02   3.9848413e+00   1.9679729e+00   2.3792151e+02
   3.5323096e+01   1.9855893e+02   2.6075387e+03   9.2578300e+02   3.9843414e+00   1.9677259e+00   2.3740579e+02
   3.7530789e+01   1.9863355e+02   2.6058751e+03   9.2460978e+02   3.9838433e+00   1.9674800e+00   2.3686685e+02
   3.9738483e+01   1.9871177e+02   2.6042100e+03   9.2331891e+02   3.9833472e+00   1.9672350e+00   2.3630372e+02
   4.1946176e+01   2.7000000e+02   2.6025432e+03   9.2192431e+02   4.0012487e+00   1.9760759e+00   4.7897839e+01
   4.5852963e+01   2.7000000e+02   2.5998802e+03   1.0222528e+03   1.4622405e+00   0.0000000e+00   0.0000000e+00
   4.9759749e+01   2.7000000e+02   2.5972230e+03   1.0240730e+03   1.4692762e+00   0.0000000e+00   0.0000000e+00
   5.3666535e+01   2.7000000e+02   2.5945718e+03   1.0258763e+03   1.4763512e+00   0.0000000e+00   0.0000000e+00
   5.7573321e+01   2.7000000e+02   2.5919264e+03   1.0276627e+03   1.4834597e+00   0.0000000e+00   0.0000000e+00
   6.1480108e+01   2.7000000e+02   2.5892867e+03   1.0294325e+03   1.4905960e+00   0.0000000e+00   0.0000000e+00
   6.5386894e+01   2.7000000e+02   2.5866527e+03   1.0311860e+03   1.4977555e+00   0.0000000e+00   0.0000000e+00
   6.9293680e+01   2.7000000e+02   2.5840243e+03   1.0329233e+03   1.5049357e+00   0.0000000e+00   0.0000000e+00
   7.3200467e+01   2.7000000e+02   2.5814015e+03   1.0346448e+03   1.5121342e+00   0.0000000e+00   0.0000000e+00
   7.7107253e+01   2.7000000e+02   2.5787841e+03   1.0363505e+03   1.5193482e+00   0.0000000e+00   0.0000000e+00
   8.1014039e+01   2.7000000e+02   2.5761723e+03   1.0380409e+03   1.5265749e+00   0.0000000e+00   0.0000000e+00
   8.4920825e+01   2.7000000e+02   2.5735657e+03   1.0397160e+03   1.5338117e+00   0.0000000e+00   0.0000000e+00
   8.8827612e+01   2.7000000e+02   2.5709646e+03   1.0413762e+03   1.5410562e+00   0.0000000e+00   0.0000000e+00
   9.2734398e+01   2.7000000e+02   2.5683686e+03   1.0430215e+03   1.5483065e+00   0.0000000e+00   0.0000000e+00
   9.6641184e+01   2.7000000e+02   2.5657779e+03   1.0446523e+03   1.5555618e+00   0.0000000e+00   0.0000000e+00
   1.0054797e+02   2.7000000e+02   2.5631924e+03   1.0462687e+03   1.5628224e+00   0.0000000e+00   0.0000000e+00
   1.0445476e+02   2.7000000e+02   2.5606119e+03   1.0478710e+03   1.5700884e+00   0.0000000e+00   0.0000000e+00
   1.0836154e+02   2.7000000e+02   2.5580365e+03   1.0494594e+03   1.5773602e+00   0.0000000e+00   0.0000000e+00
   1.1226833e+02   2.7000000e+02   2.5554661e+03   1.0510340e+03   1.5846380e+00   0.0000000e+00   0.0000000e+00
   1.1617512e+02   2.7000000e+02   2.5529007e+03   1.0525952e+03   1.5919214e+00   0.0000000e+00   0.0000000e+00
   1.2008190e+02   2.7000000e+02   2.5503402e+03   1.0541430e+03   1.5992094e+00   0.0000000e+00   0.0000000e+00
   1.2398869e+02   2.7000000e+02   2.5477845e+03   1.0556777e+03   1.6065008e+00   0.0000000e+00   0.0000000e+00
   1.2789547e+02   2.7000000e+02   2.5452336e+03   1.0571996e+03   1.6137948e+00   0.0000000e+00   0.0000000e+00
   1.3180226e+02   2.7000000e+02   2.5426875e+03   1.0587088e+03   1.6210905e+00   0.0000000e+00   0.0000000e+00
   1.3570905e+02   2.7000000e+02   2.5401461e+03   1.0602054e+03   1.6283868e+00   0.0000000e+00   0.0000000e+00
   1.3961583e+02   2.7000000e+02   2.5376094e+03   1.0616897e+03   1.6356825e+00   0.0000000e+00   0.0000000e+00
   1.4352262e+02   2.7000000e+02   2.5350773e+03   1.0631617e+03   1.6429764e+00   0.0000000e+00   0.0000000e+00
   1.4742941e+02   2.7000000e+02   2.5325498e+03   1.0646218e+03   1.6502671e+00   0.0000000e+00   0.0000000e+00
   1.5133619e+02   2.7000000e+02   2.5300269e+03   1.0660699e+03   1.6575530e+00   0.0000000e+00   0.0000000e+00
   1.5524298e+02   2.7000000e+02   2.5275085e+03   1.0675063e+03   1.6648324e+00   0.0000000e+00   0.0000000e+00
   1.5914976e+02   2.7000000e+02   2.5249945e+03   1.0689311e+03   1.6721038e+00   0.0000000e+00   0.0000000e+00
   1.6305655e+02   2.7000000e+02   2.5224849e+03   1.0703445e+03   1.6793653e+00   0.0000000e+00   0.0000000e+00
   1.6696334e+02   2.7000000e+02   2.5199798e+03   1.0717466e+03   1.6866152e+00   0.0000000e+00   0.0000000e+00
   1.7087012e+02   2.7000000e+02   2.5174790e+03   1.0731376e+03   1.6938516e+00   0.0000000e+00   0.0000000e+00
   1.7477691e+02   2.7000000e+02   2.5149824e+03   1.0745177e+03   1.7010725e+00   0.0000000e+00   0.0000000e+00
   1.7868370e+02   2.7000000e+02   2.5124902e+03   1.0758870e+03   1.7082763e+00   0.0000000e+00   0.0000000e+00
   1.8259048e+02   2.7000000e+02   2.5100022e+03   1.0772458e+03   1.7154611e+00   0.0000000e+00   0.0000000e+00
   1.8649727e+02   2.7000000e+02   2.5075184e+03   1.0785941e+03   1.7226239e+00   0.0000000e+00   0.0000000e+00
   1.9040405e+02   2.7000000e+02   2.5050388e+03   1.0799321e+03   1.7297612e+00   0.0000000e+00   0.0000000e+00
   1.9431084e+02   2.7000000e+02   2.5025633e+03   1.0812601e+03   1.7368693e+00   0.0000000e+00   0.0000000e+00
   1.9821763e+02   2.7000000e+02   2.5000920e+03   1.0825782e+03   1.7439436e+00   0.0000000e+00   0.0000000e+00
   2.0212441e+02   2.7000000e+02   2.4976247e+03   1.0838865e+03   1.7509797e+00   0.0000000e+00   0.0000000e+00
   2.0603120e+02   2.7000000e+02   2.4951614e+03   1.0851852e+03   1.7579757e+00   0.0000000e+00   0.0000000e+00
   2.0993799e+02   2.7000000e+02   2.4927021e+03   1.0864746e+03   1.7649320e+00   0.0000000e+00   0.0000000e+00
   2.1384477e+02   2.7000000e+02   2.4902468e+03   1.0877547e+03   1.7718491e+00   0.0000000e+00   0.0000000e+00
   2.1775156e+02   2.7000000e+02   2.4877955e+03   1.0890257e+03   1.7787288e+00   0.0000000e+00   0.0000000e+00
   2.2165835e+02   2.7000000e+02   2.4853480e+03   1.0902878e+03   1.7855728e+00   0.0000000e+00   0.0000000e+00
   2.2556513e+02   2.7000000e+02   2.4829045e+03   1.0915410e+03   1.7923825e+00   0.0000000e+00   0.0000000e+00
   2.2947192e+02   2.7000000e+02   2.4804648e+03   1.0927856e+03   1.7991580e+00   0.0000000e+00   0.0000000e+00
   2.3337870e+02   2.7000000e+02   2.4780289e+03   1.0940215e+03   1.8058995e+00   0.0000000e+00   0.0000000e+00
   2.3728549e+02   2.7000000e+02   2.4755969e+03   1.0952491e+03   1.8126071e+00   0.0000000e+00   0.0000000e+00
   2.4119228e+02   2.7000000e+02   2.4731686e+03   1.0964684e+03   1.8192810e+00   0.0000000e+00   0.0000000e+00
   2.4509906e+02   2.7000000e+02   2.4707441e+03   1.0976795e+03   1.8259213e+00   0.0000000e+00   0.0000000e+00
   2.4900585e+02   2.7000000e+02   2.4683233e+03   1.0988826e+03   1.8325278e+00   0.0000000e+00   0.0000000e+00
   2.5291264e+02   2.7000000e+02   2.4659062e+03   1.1000777e+03   1.8391006e+00   0.0000000e+00   0.0000000e+00
   2.5681942e+02   2.7000000e+02   2.4634927e+03   1.1012652e+03   1.8456397e+00   0.0000000e+00   0.0000000e+00
   2.6072621e+02   2.7000000e+02   2.4610829e+03   1.1024449e+03   1.8521455e+00   0.0000000e+00   0.0000000e+00
   2.6463299e+02   2.7000000e+02   2.4586768e+03   1.1036171e+03   1.8586182e+00   0.0000000e+00   0.0000000e+00
   2.6853978e+02   2.7000000e+02   2.4562742e+03   1.1047819e+03   1.8650582e+00   0.0000000e+00   0.0000000e+00
   2.7244657e+02   2.7000000e+02   2.4538752e+03   1.1059393e+03   1.8714659e+00   0.0000000e+00   0.0000000e+00
   2.7635335e+02   2.7000000e+02   2.4514798e+03   1.1070895e+03   1.8778418e+00   0.0000000e+00   0.0000000e+00
   2.8026014e+02   2.7000000e+02   2.4490879e+03   1.1082326e+03   1.8841863e+00   0.0000000e+00   0.0000000e+00
   2.8416693e+02   2.7000000e+02   2.4466995e+03   1.1093686e+03   1.8905001e+00   0.0000000e+00   0.0000000e+00
   2.8807371e+02   2.7000000e+02   2.4443147e+03   1.1104976e+03   1.8967831e+00   0.0000000e+00   0.0000000e+00
   2.9198050e+02   2.7000000e+02   2.4419332e+03   1.1116199e+03   1.9030355e+00   0.0000000e+00   0.0000000e+00
   2.9588728e+02   2.7000000e+02   2.4395553e+03   1.1127354e+03   1.9092570e+00   0.0000000e+00   0.0000000e+00
   2.9979407e+02   2.7000000e+02   2.4371807e+03   1.1138443e+03   1.9154468e+00   0.0000000e+00   0.0000000e+00
   3.0370086e+02   2.7000000e+02   2.4348096e+03   1.1149467e+03   1.9216041e+00   0.0000000e+00   0.0000000e+00
   3.0760764e+02   2.7000000e+02   2.4324418e+03   1.1160426e+03   1.9277289e+00   0.0000000e+00   0.0000000e+00
   3.1151443e+02   2.7000000e+02   2.4300774e+03   1.1171322e+03   1.9338211e+00   0.0000000e+00   0.0000000e+00
   3.1542122e+02   2.7000000e+02   2.4277164e+03   1.1182155e+03   1.9398806e+00   0.0000000e+00   0.0000000e+00
   3.1932800e+02   2.7000000e+02   2.4253587e+03   1.1192926e+03   1.9459074e+00   0.0000000e+00   0.0000000e+00
   3.2323479e+02   2.7000000e+02   2.4230043e+03   1.1203635e+03   1.9519013e+00   0.0000000e+00   0.0000000e+00
   3.2714157e+02   2.7000000e+02   2.4206532e+03   1.1214285e+03   1.9578618e+00   0.0000000e+00   0.0000000e+00
   3.3104836e+02   2.7000000e+02   2.4183054e+03   1.1224875e+03   1.9637881e+00   0.0000000e+00   0.0000000e+00
   3.3495515e+02   2.7000000e+02   2.4159608e+03   1.1235407e+03   1.9696795e+00   0.0000000e+00   0.0000000e+00
   3.3886193e+02   2.7000000e+02   2.4136195e+03   1.1245881e+03   1.9755356e+00   0.0000000e+00   0.0000000e+00
   3.4276872e+02   2.7000000e+02   2.4112813e+03   1.1256299e+03   1.9813557e+00   0.0000000e+00   0.0000000e+00
   3.4667551e+02   2.7000000e+02   2.4089464e+03   1.1266660e+03   1.9871395e+00   0.0000000e+00   0.0000000e+00
   3.5058229e+02   2.7000000e+02   2.4066147e+03   1.1276966e+03   1.9928867e+00   0.0000000e+00   0.0000000e+00
   3.5448908e+02   2.7000000e+02   2.4042862e+03   1.1287218e+03   1.9985970e+00   0.0000000e+00   0.0000000e+00
   3.5839586e+02   2.7000000e+02   2.4019608e+03   1.1297416e+03   2.0042705e+00   0.0000000e+00   0.0000000e+00
   3.6230265e+02   2.7000000e+02   2.3996385e+03   1.1307561e+03   2.0099074e+00   0.0000000e+00   0.0000000e+00
   3.6620944e+02   2.7000000e+02   2.3973194e+03   1.1317654e+03   2.0155081e+00   0.0000000e+00   0.0000000e+00
   3.7011622e+02   2.7000000e+02   2.3950034e+03   1.1327696e+03   2.0210731e+00   0.0000000e+00   0.0000000e+00
   3.7402301e+02   2.7000000e+02   2.3926905e+03   1.1337687e+03   2.0266030e+00   0.0000000e+00   0.0000000e+00
   3.7792980e+02   2.7000000e+02   2.3903807e+03   1.1347628e+03   2.0320987e+00   0.0000000e+00   0.0000000e+00
   3.8183658e+02   2.7000000e+02   2.3880739e+03   1.1357520e+03   2.0375608e+00   0.0000000e+00   0.0000000e+00
   3.8574337e+02   2.7000000e+02   2.3857702e+03   1.1367363e+03   2.0429908e+00   0.0000000e+00   0.0000000e+00
   3.8965015e+02   2.7000000e+02   2.3834695e+03   1.1377159e+03   2.0483906e+00   0.0000000e+00   0.0000000e+00
   3.9355694e+02   2.7000000e+02   2.3811719e+03   1.1386907e+03   2.0537620e+00   0.0000000e+00   0.0000000e+00
   3.9746373e+02   2.7000000e+02   2.3788773e+03   1.1396609e+03   2.0591068e+00   0.0000000e+00   0.0000000e+00
   4.0137051e+02   2.7000000e+02   2.3765856e+03   1.1406264e+03   2.0644270e+00   0.0000000e+00   0.0000000e+00
   4.0527730e+02   2.7000000e+02   2.3742970e+03   1.1415873e+03   2.0697240e+00   0.0000000e+00   0.0000000e+00
   4.0918409e+02   2.7000000e+02   2.3720113e+03   1.1425437e+03   2.0749990e+00   0.0000000e+00   0.0000000e+00
   4.1309087e+02   2.7000000e+02   2.3697286e+03   1.1434956e+03   2.0802532e+00   0.0000000e+00   0.0000000e+00
   4.1699766e+02   2.7000000e+02   2.3674488e+03   1.1444431e+03   2.0854873e+00   0.0000000e+00   0.0000000e+00
   4.2090445e+02   2.7000000e+02   2.3651720e+03   1.1453863e+03   2.0907021e+00   0.0000000e+00   0.0000000e+00
   4.2481123e+02   2.7000000e+02   2.3628980e+03   1.1463251e+03   2.0958980e+00   0.0000000e+00   0.0000000e+00
   4.2871802e+02   2.7000000e+02   2.3606270e+03   1.1472596e+03   2.1010751e+00   0.0000000e+00   0.0000000e+00
   4.3262480e+02   2.7000000e+02   2.3583589e+03   1.1481899e+03   2.1062333e+00   0.0000000e+00   0.0000000e+00
   4.3653159e+02   2.7000000e+02   2.3560937e+03   1.1491160e+03   2.1113727e+00   0.0000000e+00   0.0000000e+00
   4.4043838e+02   2.7000000e+02   2.3538314e+03   1.1500380e+03   2.1164932e+00   0.0000000e+00   0.0000000e+00
   4.4434516e+02   2.7000000e+02   2.3515719e+03   1.1509559e+03   2.1215950e+00   0.0000000e+00   0.0000000e+00
   4.4825195e+02   2.7000000e+02   2.3493153e+03   1.1518697e+03   2.1266781e+00   0.0000000e+00   0.0000000e+00
   4.5215874e+02   2.7000000e+02   2.3470615e+03   1.1527795e+03   2.1317425e+00   0.0000000e+00   0.0000000e+00
   4.5606552e+02   2.7000000e+02   2.3448105e+03   1.1536853e+03   2.1367886e+00   0.0000000e+00   0.0000000e+00
   4.5997231e+02   2.7000000e+02   2.3425624e+03   1.1545871e+03   2.1418167e+00   0.0000000e+00   0.0000000e+00
   4.6387909e+02   2.7000000e+02   2.3403170e+03   1.1554851e+03   2.1468273e+00   0.0000000e+00   0.0000000e+00
   4.6778588e+02   2.7000000e+02   2.3380745e+03   1.1563792e+03   2.1518210e+00   0.0000000e+00   0.0000000e+00
   4.7169267e+02   2.7000000e+02   2.3358348e+03   1.1572695e+03   2.1567986e+00   0.0000000e+00   0.0000000e+00
   4.7559945e+02   2.7000000e+02   2.3335978e+03   1.1581560e+03   2.1617609e+00   0.0000000e+00   0.0000000e+00
   4.7950624e+02   2.7000000e+02   2.3313636e+03   1.1590387e+03   2.1667091e+00   0.0000000e+00   0.0000000e+00
   4.8341303e+02   2.7000000e+02   2.3291322e+03   1.1599177e+03   2.1716444e+00   0.0000000e+00   0.0000000e+00
   4.8731981e+02   2.7000000e+02   2.3269035e+03   1.1607930e+03   2.1765676e+00   0.0000000e+00   0.0000000e+00
   4.9122660e+02   2.7000000e+02   2.3246775e+03   1.1616647e+03   2.1814795e+00   0.0000000e+00   0.0000000e+00
   4.9513338e+02   2.7000000e+02   2.3224543e+03   1.1625328e+03   2.1863807e+00   0.0000000e+00   0.0000000e+00
   4.9904017e+02   2.7000000e+02   2.3202338e+03   1.1633973e+03   2.1912717e+00   0.0000000e+00   0.0000000e+00
   5.0294696e+02   2.7000000e+02   2.3180160e+03   1.1642582e+03   2.1961528e+00   0.0000000e+00   0.0000000e+00
   5.0685374e+02   2.7000000e+02   2.3158009e+03   1.1651156e+03   2.2010249e+00   0.0000000e+00   0.0000000e+00
   5.1076053e+02   2.7000000e+02   2.3135884e+03   1.1659695e+03   2.2058887e+00   0.0000000e+00   0.0000000e+00
   5.1466732e+02   2.7000000e+02   2.3113787e+03   1.1668200e+03   2.2107451e+00   0.0000000e+00   0.0000000e+00
   5.1857410e+02   2.7000000e+02   2.3091717e+03   1.1676670e+03   2.2155945e+00   0.0000000e+00   0.0000000e+00
   5.2248089e+02   2.7000000e+02   2.3069673e+03   1.1685106e+03   2.2204373e+00   0.0000000e+00   0.0000000e+00
   5.2638767e+02   2.7000000e+02   2.3047655e+03   1.1693508e+03   2.2252734e+00   0.0000000e+00   0.0000000e+00
   5.3029446e+02   2.7000000e+02   2.3025664e+03   1.1701876e+03   2.2301025e+00   0.0000000e+00   0.0000000e+00
   5.3420125e+02   2.7000000e+02   2.3003700e+03   1.1710210e+03   2.2349242e+00   0.0000000e+00   0.0000000e+00
   5.3810803e+02   2.7000000e+02   2.2981762e+03   1.1718511e+03   2.2397381e+00   0.0000000e+00   0.0000000e+00
   5.4201482e+02   2.7000000e+02   2.2959849e+03   1.1726779e+03   2.2445440e+00   0.0000000e+00   0.0000000e+00
   5.4592161e+02   2.7000000e+02   2.2937964e+03   1.1735014e+03   2.2493412e+00   0.0000000e+00   0.0000000e+00
   5.4982839e+02   2.7000000e+02   2.2916104e+03   1.1743216e+03   2.2541294e+00   0.0000000e+00   0.0000000e+00
   5.5373518e+02   2.7000000e+02   2.2894270e+03   1.1751385e+03   2.2589079e+00   0.0000000e+00   0.0000000e+00
   5.5764196e+02   2.7000000e+02   2.2872462e+03   1.1759523e+03   2.2636760e+00   0.0000000e+00   0.0000000e+00
   5.6154875e+02   2.7013243e+02   2.2852171e+03   1.2632777e+03   4.2036845e+00   2.1974323e+00   1.2398759e+02
   5.6545554e+02   2.7034623e+02   2.2831895e+03   1.2637196e+03   4.2029494e+00   2.1970481e+00   1.2398759e+02
   5.6936232e+02   2.7056002e+02   2.2811634e+03   1.2641578e+03   4.2022209e+00   2.1966673e+00   1.2398759e+02
   5.7326911e+02   2.7077381e+02   2.2791387e+03   1.2645922e+03   4.2014991e+00   2.1962899e+00   1.2398759e+02
   5.7717590e+02   2.7098760e+02   2.2771154e+03   1.2650229e+03   4.2007838e+00   2.1959160e+00   1.2398759e+02
   5.8108268e+02   2.7120139e+02   2.2750935e+03   1.2654499e+03   4.2000751e+00   2.1955455e+00   1.2398759e+02
   5.8498947e+02   2.7140934e+02   2.2730731e+03   1.2658735e+03   4.1993722e+00   2.1951781e+00   1.2398759e+02
   5.8889625e+02   2.7161472e+02   2.2710541e+03   1.2662936e+03   4.1986756e+00   2.1948140e+00   1.2398759e+02
   5.9280304e+02   2.7182010e+02   2.2690365e+03   1.2667100e+03   4.1979854e+00   2.1944532e+00   1.2398759e+02
   5.9670983e+02   2.7202547e+02   2.2670204e+03   1.2671227e+03   4.1973017e+00   2.1940958e+00   1.2398759e+02
   6.0061661e+02   2.7223085e+02   2.2650056e+03   1.2675318e+03   4.1966243e+00   2.1937417e+00   1.2398759e+02
   6.0452340e+02   2.7243623e+02   2.2629923e+03   1.2679372e+03   4.1959533e+00   2.1933909e+00   1.2398759e+02
   6.0843019e+02   2.7263988e+02   2.2609803e+03   1.2683391e+03   4.1952885e+00   2.1930434e+00   1.2398759e+02
   6.1233697e+02   2.7283723e+02   2.2589698e+03   1.2687378e+03   4.1946292e+00   2.1926988e+00   1.2398759e+02
   6.1624376e+02   2.7303457e+02   2.2569607e+03   1.2691329e+03   4.1939763e+00   2.1923574e+00   1.2398759e+02
   6.2015055e+02   2.7323191e+02   2.2549529e+03   1.2695244e+03   4.1933295e+00   2.1920194e+00   1.2398759e+02
   6.2405733e+02   2.7342926e+02   2.2529465e+03   1.2699124e+03   4.1926889e+00   2.1916845e+00   1.2398759e+02
   6.2796412e+02   2.7362660e+02   2.2509416e+03   1.2702968e+03   4.1920545e+00   2.1913529e+00   1.2398759e+02
   6.3187090e+02   2.7382394e+02   2.2489380e+03   1.2706777e+03   4.1914262e+00   2.1910244e+00   1.2398759e+02
   6.3577769e+02   2.7405080e+02   2.2469357e+03   1.2710531e+03   4.1908071e+00   2.1907008e+00   1.2398759e+02
   6.3968448e+02   2.7428836e+02   2.2449349e+03   1.2714244e+03   4.1901951e+00   2.1903809e+00   1.2398759e+02
   6.4359126e+02   2.7452593e+02   2.2431111e+03   1.3943673e+03   4.4923486e+00   2.3192205e+00   1.4679755e+02
   6.4749805e+02   2.7476349e+02   2.2412878e+03   1.3943518e+03   4.4923736e+00   2.3192334e+00   1.4609242e+02
   6.5140484e+02   2.7500106e+02   2.2394649e+03   1.3943363e+03   4.4923986e+00   2.3192463e+00   1.4539190e+02
   6.5531162e+02   2.7523862e+02   2.2376425e+03   1.3943207e+03   4.4924236e+00   2.3192592e+00   1.4469593e+02
   6.5921841e+02   2.7549342e+02   2.2358204e+03   1.3943041e+03   4.4924505e+00   2.3192731e+00   1.4395451e+02
   6.6312519e+02   2.7579895e+02   2.2339988e+03   1.3942841e+03   4.4924827e+00   2.3192897e+00   1.4307227e+02
   6.6703198e+02   2.7610448e+02   2.2321775e+03   1.3942641e+03   4.4925149e+00   2.3193063e+00   1.4219736e+02
   6.7093877e+02   2.7641000e+02   2.2303567e+03   1.3942441e+03   4.4925471e+00   2.3193229e+00   1.4132973e+02
   6.7484555e+02   2.7671553e+02   2.2285364e+03   1.3942241e+03   4.4925793e+00   2.3193396e+00   1.4046929e+02
   6.7875234e+02   2.7702106e+02   2.2267164e+03   1.3942041e+03   4.4926116e+00   2.3193562e+00   1.3961596e+02
   6.8265913e+02   2.7732659e+02   2.2248969e+03   1.3941841e+03   4.4926438e+00   2.3193729e+00   1.3876969e+02
   6.8656591e+02   2.7762289e+02   2.2230779e+03   1.3941647e+03   4.4926751e+00   2.3193890e+00   1.3795561e+02
   6.9047270e+02   2.7791650e+02   2.2212592e+03   1.3941454e+03   4.4927061e+00   2.3194050e+00   1.3715537e+02
   6.9437948e+02   2.7821011e+02   2.2194411e+03   1.3941262e+03   4.4927371e+00   2.3194210e+00   1.3636144e+02
   6.9828627e+02   2.7850371e+02   2.2176233e+03   1.3941070e+03   4.4927681e+00   2.3194370e+00   1.3557376e+02
   7.0219306e+02   2.7879732e+02   2.2158060e+03   1.3940877e+03   4.4927991e+00   2.3194530e+00   1.3479228e+02
   7.0609984e+02   2.7909093e+02   2.2139892e+03   1.3940685e+03   4.4928301e+00   2.3194690e+00   1.3401694e+02
   7.1000663e+02   2.7938130e+02   2.2121728e+03   1.3940494e+03   4.4928608e+00   2.3194849e+00   1.3325611e+02
   7.1391342e+02   2.7966388e+02   2.2103569e+03   1.3940309e+03   4.4928907e+00   2.3195003e+00   1.3252136e+02
   7.1782020e+02   2.7994645e+02   2.2085414e+03   1.3940123e+03   4.4929205e+00   2.3195157e+00   1.3179212e+02
   7.2172699e+02   2.8022903e+02   2.2067264e+03   1.3939938e+03   4.4929504e+00   2.3195312e+00   1.3106837e+02
   7.2563377e+02   2.8051161e+02   2.2049119e+03   1.3939753e+03   4.4929803e+00   2.3195466e+00   1.3035003e+02
   7.2954056e+02   2.8079418e+02   2.2030978e+03   1.3939567e+03   4.4930102e+00   2.3195620e+00   1.2963706e+02
   7.3344735e+02   2.8107676e+02   2.2012842e+03   1.3939382e+03   4.4930401e+00   2.3195774e+00   1.2892941e+02
   7.3735413e+02   2.8135104e+02   2.1994711e+03   1.3939202e+03   4.4930691e+00   2.3195924e+00   1.2824759e+02
   7.4126092e+02   2.8162341e+02   2.1976584e+03   1.3939023e+03   4.4930979e+00   2.3196073e+00   1.2757538e+02
   7.4516771e+02   2.8189579e+02   2.1958463e+03   1.3938844e+03   4.4931267e+00   2.3196222e+00   1.2690798e+02
   7.4907449e+02   2.8216816e+02   2.1940346e+03   1.3938665e+03   4.4931556e+00   2.3196371e+00   1.2624535e+02
   7.5298128e+02   2.8244053e+02   2.1922234e+03   1.3938486e+03   4.4931844e+00   2.3196520e+00   1.2558745e+02
   7.5688806e+02   2.8271290e+02   2.1904127e+03   1.3938307e+03   4.4932132e+00   2.3196668e+00   1.2493424e+02
   7.6079485e+02   2.8298213e+02   2.1886025e+03   1.3938130e+03   4.4932418e+00   2.3196816e+00   1.2429313e+02
   7.6470164e+02   2.8324507e+02   2.1867928e+03   1.3937958e+03   4.4932696e+00   2.3196959e+00   1.2367135e+02
   7.6860842e+02   2.8350800e+02   2.1849836e+03   1.3937785e+03   4.4932975e+00   2.3197103e+00   1.2305383e+02
   7.7251521e+02   2.8377094e+02   2.1831749e+03   1.3937612e+03   4.4933253e+00   2.3197247e+00   1.2244052e+02
   7.7642200e+02   2.8403387e+02   2.1813667e+03   1.3937439e+03   4.4933532e+00   2.3197391e+00   1.2183140e+02
   7.8032878e+02   2.8429681e+02   2.1795591e+03   1.3937266e+03   4.4933811e+00   2.3197535e+00   1.2122643e+02
   7.8423557e+02   2.8455974e+02   2.1777519e+03   1.3937093e+03   4.4934089e+00   2.3197679e+00   1.2062557e+02
   7.8814235e+02   2.8481523e+02   2.1759452e+03   1.3936925e+03   4.4934360e+00   2.3197819e+00   1.2004563e+02
   7.9204914e+02   2.8506945e+02   2.1741391e+03   1.3936758e+03   4.4934630e+00   2.3197958e+00   1.1947239e+02
   7.9595593e+02   2.8532366e+02   2.1723335e+03   1.3936591e+03   4.4934899e+00   2.3198097e+00   1.1890290e+02
   7.9986271e+02   2.8557787e+02   2.1705284e+03   1.3936423e+03   4.4935169e+00   2.3198236e+00   1.1833713e+02
   8.0376950e+02   2.8583208e+02   2.1687238e+03   1.3936256e+03   4.4935439e+00   2.3198375e+00   1.1777505e+02
   8.0767629e+02   2.8608629e+02   2.1669198e+03   1.3936089e+03   4.4935708e+00   2.3198515e+00   1.1721663e+02
   8.1158307e+02   2.8633749e+02   2.1651163e+03   1.3935924e+03   4.4935975e+00   2.3198652e+00   1.1666838e+02
   8.1548986e+02   2.8658365e+02   2.1633134e+03   1.3935762e+03   4.4936236e+00   2.3198787e+00   1.1613458e+02
   8.1939665e+02   2.8682980e+02   2.1615109e+03   1.3935599e+03   4.4936497e+00   2.3198922e+00   1.1560412e+02
   8.2330343e+02   2.8707596e+02   2.1597091e+03   1.3935437e+03   4.4936759e+00   2.3199057e+00   1.1507699e+02
   8.2721022e+02   2.8732211e+02   2.1579077e+03   1.3935275e+03   4.4937020e+00   2.3199192e+00   1.1455316e+02
   8.3111700e+02   2.8756826e+02   2.1561070e+03   1.3935113e+03   4.4937281e+00   2.3199327e+00   1.1403261e+02
   8.3502379e+02   2.8781442e+02   2.1543067e+03   1.3934951e+03   4.4937543e+00   2.3199462e+00   1.1351530e+02
   8.3893058e+02   2.8805394e+02   2.1525071e+03   1.3934793e+03   4.4937797e+00   2.3199593e+00   1.1301504e+02
   8.4283736e+02   2.8829266e+02   2.1507080e+03   1.3934636e+03   4.4938051e+00   2.3199724e+00   1.1251946e+02
   8.4674415e+02   2.8853138e+02   2.1489094e+03   1.3934479e+03   4.4938304e+00   2.3199855e+00   1.1202686e+02
   8.5065094e+02   2.8877010e+02   2.1471114e+03   1.3934321e+03   4.4938558e+00   2.3199986e+00   1.1153723e+02
   8.5455772e+02   2.8900882e+02   2.1453140e+03   1.3934164e+03   4.4938812e+00   2.3200117e+00   1.1105054e+02
   8.5846451e+02   2.8924754e+02   2.1435171e+03   1.3934007e+03   4.4939065e+00   2.3200248e+00   1.1056678e+02
   8.6237129e+02   2.8948344e+02   2.1417209e+03   1.3933851e+03   4.4939316e+00   2.3200377e+00   1.1009159e+02
   8.6627808e+02   2.8971531e+02   2.1399252e+03   1.3933699e+03   4.4939563e+00   2.3200504e+00   1.0962724e+02
   8.7018487e+02   2.8994719e+02   2.1381301e+03   1.3933546e+03   4.4939809e+00   2.3200632e+00   1.0916559e+02
   8.7409165e+02   2.9017906e+02   2.1363355e+03   1.3933393e+03   4.4940056e+00   2.3200759e+00   1.0870661e+02
   8.7799844e+02   2.9041094e+02   2.1345416e+03   1.3933240e+03   4.4940302e+00   2.3200886e+00   1.0825029e+02
   8.8190523e+02   2.9064281e+02   2.1327482e+03   1.3933087e+03   4.4940549e+00   2.3201014e+00   1.0779661e+02
   8.8581201e+02   2.9087468e+02   2.1309555e+03   1.3932934e+03   4.4940796e+00   2.3201141e+00   1.0734556e+02
   8.8971880e+02   2.9110069e+02   2.1291633e+03   1.3932785e+03   4.4941036e+00   2.3201265e+00   1.0690842e+02
   8.9362558e+02   2.9132627e+02   2.1273717e+03   1.3932636e+03   4.4941276e+00   2.3201389e+00   1.0647456e+02
   8.9753237e+02   2.9155184e+02   2.1255807e+03   1.3932487e+03   4.4941516e+00   2.3201513e+00   1.0604312e+02
   9.0143916e+02   2.9177742e+02   2.1237904e+03   1.3932338e+03   4.4941756e+00   2.3201637e+00   1.0561410e+02
   9.0534594e+02   2.9200300e+02   2.1220006e+03   1.3932190e+03   4.4941996e+00   2.3201761e+00   1.0518747e+02
   9.0925273e+02   2.9222858e+02   2.1202115e+03   1.3932041e+03   4.4942236e+00   2.3201885e+00   1.0476322e+02
   9.1315952e+02   2.9245154e+02   2.1184229e+03   1.3931894e+03   4.4942474e+00   2.3202007e+00   1.0434621e+02
   9.1706630e+02   2.9267134e+02   2.1166350e+03   1.3931749e+03   4.4942708e+00   2.3202128e+00   1.0393735e+02
   9.2097309e+02   2.9289113e+02   2.1148477e+03   1.3931603e+03   4.4942942e+00   2.3202249e+00   1.0353072e+02
   9.2487987e+02   2.9311093e+02   2.1130610e+03   1.3931458e+03   4.4943176e+00   2.3202370e+00   1.0312628e+02
   9.2878666e+02   2.9333073e+02   2.1112750e+03   1.3931313e+03   4.4943410e+00   2.3202490e+00   1.0272402e+02
   9.3269345e+02   2.9355053e+02   2.1094896e+03   1.3931168e+03   4.4943644e+00   2.3202611e+00   1.0232393e+02
   9.3660023e+02   2.9377033e+02   2.1077048e+03   1.3931023e+03   4.4943878e+00   2.3202732e+00   1.0192599e+02
   9.4050702e+02   2.9398498e+02   2.1059206e+03   1.3930881e+03   4.4944107e+00   2.3202850e+00   1.0153943e+02
   9.4441381e+02   2.9419948e+02   2.1041371e+03   1.3930740e+03   4.4944335e+00   2.3202968e+00   1.0115516e+02
   9.4832059e+02   2.9441399e+02   2.1023542e+03   1.3930598e+03   4.4944564e+00   2.3203086e+00   1.0077291e+02
   9.5222738e+02   2.9462849e+02   2.1005720e+03   1.3930456e+03   4.4944792e+00   2.3203204e+00   1.0039265e+02
   9.5613416e+02   2.9484300e+02   2.0987904e+03   1.3930315e+03   4.4945021e+00   2.3203322e+00   1.0001438e+02
   9.6004095e+02   2.9505750e+02   2.0970095e+03   1.3930173e+03   4.4945249e+00   2.3203440e+00   9.9638077e+01
   9.6394774e+02   2.9526963e+02   2.0952292e+03   1.3930033e+03   4.4945475e+00   2.3203557e+00   9.9267876e+01
   9.6785452e+02   2.9547930e+02   2.0934496e+03   1.3929894e+03   4.4945699e+00   2.3203672e+00   9.8903831e+01
   9.7176131e+02   2.9568897e+02   2.0916706e+03   1.3929756e+03   4.4945923e+00   2.3203788e+00   9.8541635e+01
   9.7566810e+02   2.9589864e+02   2.0898923e+03   1.3929617e+03   4.4946146e+00   2.3203903e+00   9.8181275e+01
   9.7957488e+02   2.9610832e+02   2.0881147e+03   1.3929478e+03   4.4946370e+00   2.3204019e+00   9.7822741e+01
   9.8348167e+02   2.9631799e+02   2.0863377e+03   1.3929340e+03   4.4946593e+00   2.3204134e+00   9.7466020e+01
   9.8738845e+02   2.9652761e+02   2.0845614e+03   1.3929201e+03   4.4946817e+00   2.3204249e+00   9.7111191e+01
   9.9129524e+02   2.9673288e+02   2.0827858e+03   1.3929066e+03   4.4947036e+00   2.3204362e+00   9.6765457e+01
   9.9520203e+02   2.9693815e+02   2.0810109e+03   1.3928930e+03   4.4947255e+00   2.3204476e+00   9.6421430e+01
   9.9910881e+02   2.9714342e+02   2.0792366e+03   1.3928794e+03   4.4947474e+00   2.3204589e+00   9.6079098e+01
   1.0030156e+03   2.9734869e+02   2.0774630e+03   1.3928658e+03   4.4947693e+00   2.3204702e+00   9.5738452e+01
   1.0069224e+03   2.9755396e+02   2.0756902e+03   1.3928523e+03   4.4947912e+00   2.3204815e+00   9.5399481e+01
   1.0108292e+03   2.9775923e+02   2.0739180e+03   1.3928387e+03   4.4948131e+00   2.3204928e+00   9.5062176e+01
   1.0147360e+03   2.9796238e+02   2.0721464e+03   1.3928253e+03   4.4948348e+00   2.3205040e+00   9.4729988e+01
   1.0186427e+03   2.9816366e+02   2.0703756e+03   1.3928119e+03   4.4948562e+00   2.3205151e+00   9.4402445e+01
   1.0225495e+03   2.9836494e+02   2.0686055e+03   1.3927986e+03   4.4948777e+00   2.3205262e+00   9.4076474e+01
   1.0264563e+03   2.9856621e+02   2.0668361e+03   1.3927853e+03   4.4948992e+00   2.3205372e+00   9.3752066e+01
   1.0303631e+03   2.9876749e+02   2.0650674e+03   1.3927720e+03   4.4949207e+00   2.3205483e+00   9.3429211e+01
   1.0342699e+03   2.9896877e+02   2.0632994e+03   1.3927587e+03   4.4949422e+00   2.3205594e+00   9.3107901e+01
   1.0381767e+03   2.9916986e+02   2.0615321e+03   1.3927454e+03   4.4949637e+00   2.3205705e+00   9.2788422e+01
   1.0420835e+03   2.9936754e+02   2.0597656e+03   1.3927323e+03   4.4949848e+00   2.3205814e+00   9.2475859e+01
   1.0459902e+03   2.9956521e+02   2.0579997e+03   1.3927192e+03   4.4950059e+00   2.3205923e+00   9.2164759e+01
   1.0498970e+03   2.9976288e+02   2.0562346e+03   1.3927061e+03   4.4950270e+00   2.3206032e+00   9.1855114e+01
   1.0538038e+03   2.9996056e+02   2.0544702e+03   1.3926930e+03   4.4950481e+00   2.3206141e+00   9.1546915e+01
   1.0577106e+03   3.0015823e+02   2.0527065e+03   1.3926800e+03   4.4950692e+00   2.3206250e+00   9.1240154e+01
   1.0616174e+03   3.0035591e+02   2.0509435e+03   1.3926669e+03   4.4950903e+00   2.3206359e+00   9.0934823e+01
   1.0655242e+03   3.0055173e+02   2.0491813e+03   1.3926539e+03   4.4951113e+00   2.3206467e+00   9.0633754e+01
   1.0694310e+03   3.0074616e+02   2.0474198e+03   1.3926410e+03   4.4951320e+00   2.3206574e+00   9.0336192e+01
   1.0733378e+03   3.0094059e+02   2.0456591e+03   1.3926282e+03   4.4951528e+00   2.3206682e+00   9.0039989e+01
   1.0772445e+03   3.0113503e+02   2.0438991e+03   1.3926153e+03   4.4951736e+00   2.3206789e+00   8.9745137e+01
   1.0811513e+03   3.0132946e+02   2.0421398e+03   1.3926024e+03   4.4951944e+00   2.3206896e+00   8.9451630e+01
   1.0850581e+03   3.0152389e+02   2.0403813e+03   1.3925895e+03   4.4952152e+00   2.3207004e+00   8.9159460e+01
   1.0889649e+03   3.0171806e+02   2.0386235e+03   1.3925767e+03   4.4952359e+00   2.3207111e+00   8.8869013e+01
   1.0928717e+03   3.0190960e+02   2.0368665e+03   1.3925640e+03   4.4952564e+00   2.3207216e+00   8.8583791e+01
   1.0967785e+03   3.0210114e+02   2.0351103e+03   1.3925513e+03   4.4952769e+00   2.3207322e+00   8.8299844e+01
   1.1006853e+03   3.0229268e+02   2.0333548e+03   1.3925386e+03   4.4952973e+00   2.3207428e+00   8.8017166e+01
   1.1045920e+03   3.0248422e+02   2.0316000e+03   1.3925259e+03   4.4953178e+00   2.3207534e+00   8.7735748e+01
   1.1084988e+03   3.0267576e+02   2.0298461e+03   1.3925132e+03   4.4953383e+00   2.3207639e+00   8.7455585e+01
   1.1124056e+03   3.0286730e+02   2.0280929e+03   1.3925005e+03   4.4953588e+00   2.3207745e+00   8.7176670e+01
   1.1163124e+03   3.0305727e+02   2.0263404e+03   1.3924880e+03   4.4953791e+00   2.3207850e+00   8.6901264e+01
   1.1202192e+03   3.0324624e+02   2.0245888e+03   1.3924754e+03   4.4953993e+00   2.3207954e+00   8.6628508e+01
   1.1241260e+03   3.0343522e+02   2.0228379e+03   1.3924629e+03   4.4954195e+00   2.3208059e+00   8.6356946e+01
   1.1280328e+03   3.0362419e+02   2.0210878e+03   1.3924504e+03   4.4954397e+00   2.3208163e+00   8.6086572e+01
   1.1319395e+03   3.0381316e+02   2.0193385e+03   1.3924379e+03   4.4954600e+00   2.3208267e+00   8.5817379e+01
   1.1358463e+03   3.0400214e+02   2.0175900e+03   1.3924253e+03   4.4954802e+00   2.3208372e+00   8.5549361e+01
   1.1397531e+03   3.0419081e+02   2.0158423e+03   1.3924128e+03   4.4955004e+00   2.3208476e+00   8.5282929e+01
   1.1436599e+03   3.0437753e+02   2.0140953e+03   1.3924005e+03   4.4955203e+00   2.3208579e+00   8.5020405e+01
   1.1475667e+03   3.0456425e+02   2.0123492e+03   1.3923881e+03   4.4955403e+00   2.3208682e+00   8.4759009e+01
   1.1514735e+03   3.0475097e+02   2.0106038e+03   1.3923757e+03   4.4955603e+00   2.3208785e+00   8.4498735e+01
   1.1553803e+03   3.0493768e+02   2.0088593e+03   1.3923633e+03   4.4955803e+00   2.3208889e+00   8.4239578e+01
   1.1592871e+03   3.0512440e+02   2.0071155e+03   1.3923509e+03   4.4956003e+00   2.3208992e+00   8.3981532e+01
   1.1631938e+03   3.0531112e+02   2.0053726e+03   1.3923386e+03   4.4956203e+00   2.3209095e+00   8.3724590e+01
   1.1671006e+03   3.0549656e+02   2.0036305e+03   1.3923263e+03   4.4956401e+00   2.3209197e+00   8.3470493e+01
   1.1710074e+03   3.0568132e+02   2.0018891e+03   1.3923140e+03   4.4956599e+00   2.3209300e+00   8.3218405e+01
   1.1749142e+03   3.0586607e+02   2.0001487e+03   1.3923018e+03   4.4956797e+00   2.3209402e+00   8.2967382e+01
   1.1788210e+03   3.0605083e+02   1.9984090e+03   1.3922895e+03   4.4956995e+00   2.3209504e+00   8.2717418e+01
   1.1827278e+03   3.0623559e+02   1.9966701e+03   1.3922773e+03   4.4957192e+00   2.3209606e+00   8.2468507e+01
   1.1866346e+03   3.0642034e+02   1.9949321e+03   1.3922650e+03   4.4957390e+00   2.3209708e+00   8.2220643e+01
   1.1905413e+03   3.0660481e+02   1.9931949e+03   1.3922528e+03   4.4957588e+00   2.3209810e+00   8.1974206e+01
   1.1944481e+03   3.0678789e+02   1.9914585e+03   1.3922406e+03   4.4957784e+00   2.3209911e+00   8.1730652e+01
   1.1983549e+03   3.0697096e+02   1.9897230e+03   1.3922285e+03   4.4957980e+00   2.3210013e+00   8.1488110e+01
   1.2022617e+03   3.0715404e+02   1.9879883e+03   1.3922163e+03   4.4958176e+00   2.3210114e+00   8.1246577e+01
   1.2061685e+03   3.0733711e+02   1.9862544e+03   1.3922042e+03   4.4958372e+00   2.3210215e+00   8.1006046e+01
   1.2100753e+03   3.0752019e+02   1.9845214e+03   1.3921920e+03   4.4958568e+00   2.3210316e+00   8.0766512e+01
   1.2139821e+03   3.0770326e+02   1.9827892e+03   1.3921799e+03   4.4958765e+00   2.3210418e+00   8.0527970e+01
   1.2178888e+03   3.0788536e+02   1.9810579e+03   1.3921678e+03   4.4958960e+00   2.3210518e+00   8.0291680e+01
   1.2217956e+03   3.0806702e+02   1.9793274e+03   1.3921558e+03   4.4959154e+00   2.3210619e+00   8.0056927e+01
   1.2257024e+03   3.0824868e+02   1.9775978e+03   1.3921437e+03   4.4959349e+00   2.3210719e+00   7.9823135e+01
   1.2296092e+03   3.0843035e+02   1.9758690e+03   1.3921316e+03   4.4959544e+00   2.3210820e+00   7.9590300e+01
   1.2335160e+03   3.0861201e+02   1.9741411e+03   1.3921196e+03   4.4959738e+00   2.3210920e+00   7.9358417e+01
   1.2374228e+03   3.0879367e+02   1.9724141e+03   1.3921075e+03   4.4959933e+00   2.3211021e+00   7.9127481e+01
   1.2413296e+03   3.0897508e+02   1.9706879e+03   1.3920955e+03   4.4960128e+00   2.3211121e+00   7.8897797e+01
   1.2452363e+03   3.0915558e+02   1.9689626e+03   1.3920835e+03   4.4960321e+00   2.3211221e+00   7.8670202e+01
   1.2491431e+03   3.0933608e+02   1.9672382e+03   1.3920715e+03   4.4960514e+00   2.3211321e+00   7.8443528e+01
   1.2530499e+03   3.0951658e+02   1.9655146e+03   1.3920595e+03   4.4960708e+00   2.3211421e+00   7.8217770e+01
   1.2569567e+03   3.0969708e+02   1.9637919e+03   1.3920476e+03   4.4960902e+00   2.3211521e+00   7.7992924e+01
   1.2608635e+03   3.0987758e+02   1.9620701e+03   1.3920356e+03   4.4961095e+00   2.3211621e+00   7.7768985e+01
   1.2647703e+03   3.1005808e+02   1.9603492e+03   1.3920236e+03   4.4961289e+00   2.3211721e+00   7.7545949e+01
   1.2686771e+03   3.1023790e+02   1.9586292e+03   1.3920116e+03   4.4961481e+00   2.3211820e+00   7.7324636e+01
   1.2725839e+03   3.1041748e+02   1.9569100e+03   1.3919997e+03   4.4961674e+00   2.3211920e+00   7.7104515e+01
   1.2764906e+03   3.1059706e+02   1.9551918e+03   1.3919878e+03   4.4961867e+00   2.3212019e+00   7.6885273e+01
   1.2803974e+03   3.1077664e+02   1.9534744e+03   1.3919759e+03   4.4962059e+00   2.3212118e+00   7.6666907e+01
   1.2843042e+03   3.1095622e+02   1.9517579e+03   1.3919639e+03   4.4962252e+00   2.3212218e+00   7.6449412e+01
   1.2882110e+03   3.1113580e+02   1.9500424e+03   1.3919520e+03   4.4962444e+00   2.3212317e+00   7.6232784e+01
   1.2921178e+03   3.1131520e+02   1.9483277e+03   1.3919401e+03   4.4962637e+00   2.3212417e+00   7.6017226e+01
   1.2960246e+03   3.1149409e+02   1.9466140e+03   1.3919282e+03   4.4962829e+00   2.3212516e+00   7.5803144e+01
   1.2999314e+03   3.1167298e+02   1.9449011e+03   1.3919163e+03   4.4963021e+00   2.3212615e+00   7.5589908e+01
   1.3038381e+03   3.1185187e+02   1.9431892e+03   1.3919045e+03   4.4963213e+00   2.3212714e+00   7.5377517e+01
   1.3077449e+03   3.1203076e+02   1.9414782e+03   1.3918926e+03   4.4963405e+00   2.3212813e+00   7.5165964e+01
   1.3116517e+03   3.1220964e+02   1.9397681e+03   1.3918807e+03   4.4963597e+00   2.3212912e+00   7.4955247e+01
   1.3155585e+03   3.1238853e+02   1.9380589e+03   1.3918688e+03   4.4963789e+00   2.3213011e+00   7.4745361e+01
   1.3194653e+03   3.1256706e+02   1.9363506e+03   1.3918569e+03   4.4963980e+00   2.3213110e+00   7.4536725e+01
   1.3233721e+03   3.1274547e+02   1.9346433e+03   1.3918451e+03   4.4964172e+00   2.3213209e+00   7.4329034e+01
   1.3272789e+03   3.1292389e+02   1.9329369e+03   1.3918332e+03   4.4964363e+00   2.3213308e+00   7.4122158e+01
   1.3311856e+03   3.1310231e+02   1.9312314e+03   1.3918214e+03   4.4964555e+00   2.3213407e+00   7.3916093e+01
   1.3350924e+03   3.1328072e+02   1.9295269e+03   1.3918095e+03   4.4964746e+00   2.3213506e+00   7.3710834e+01
   1.3389992e+03   3.1345914e+02   1.9278233e+03   1.3917977e+03   4.4964938e+00   2.3213605e+00   7.3506377e+01
   1.3429060e+03   3.1363748e+02   1.9261206e+03   1.3917858e+03   4.4965129e+00   2.3213703e+00   7.3302806e+01
   1.3468128e+03   3.1381564e+02   1.9244189e+03   1.3917740e+03   4.4965320e+00   2.3213802e+00   7.3100240e+01
   1.3507196e+03   3.1399379e+02   1.9227181e+03   1.3917621e+03   4.4965512e+00   2.3213901e+00   7.2898462e+01
   1.3546264e+03   3.1417195e+02   1.9210183e+03   1.3917503e+03   4.4965703e+00   2.3214000e+00   7.2697469e+01
   1.3585332e+03   3.1435011e+02   1.9193194e+03   1.3917384e+03   4.4965894e+00   2.3214098e+00   7.2497257e+01
   1.3624399e+03   3.1452826e+02   1.9176215e+03   1.3917266e+03   4.4966086e+00   2.3214197e+00   7.2297823e+01
   1.3663467e+03   3.1470642e+02   1.9159245e+03   1.3917148e+03   4.4966277e+00   2.3214296e+00   7.2099161e+01
   1.3702535e+03   3.1488452e+02   1.9142285e+03   1.3917029e+03   4.4966468e+00   2.3214395e+00   7.1901324e+01
   1.3741603e+03   3.1506262e+02   1.9125335e+03   1.3916911e+03   4.4966660e+00   2.3214493e+00   7.1704266e+01
   1.3780671e+03   3.1524071e+02   1.9108394e+03   1.3916792e+03   4.4966851e+00   2.3214592e+00   7.1507969e+01
   1.3819739e+03   3.1541881e+02   1.9091463e+03   1.3916674e+03   4.4967042e+00   2.3214691e+00   7.1312430e+01
   1.3858807e+03   3.1559690e+02   1.9074541e+03   1.3916556e+03   4.4967233e+00   2.3214790e+00   7.1117646e+01
   1.3897874e+03   3.1577500e+02   1.9057630e+03   1.3916437e+03   4.4967425e+00   2.3214888e+00   7.0923612e+01
   1.3936942e+03   3.1595314e+02   1.9040728e+03   1.3916319e+03   4.4967616e+00   2.3214987e+00   7.0730279e+01
   1.3976010e+03   3.1613136e+02   1.9023836e+03   1.3916200e+03   4.4967808e+00   2.3215086e+00   7.0537594e+01
   1.4015078e+03   3.1630959e+02   1.9006953e+03   1.3916082e+03   4.4967999e+00   2.3215185e+00   7.0345651e+01
   1.4054146e+03   3.1648782e+02   1.8990081e+03   1.3915963e+03   4.4968191e+00   2.3215284e+00   7.0154445e+01
   1.4093214e+03   3.1666605e+02   1.8973218e+03   1.3915845e+03   4.4968382e+00   2.3215383e+00   6.9963973e+01
   1.4132282e+03   3.1684427e+02   1.8956365e+03   1.3915726e+03   4.4968574e+00   2.3215482e+00   6.9774232e+01
   1.4171349e+03   3.1702250e+02   1.8939522e+03   1.3915607e+03   4.4968765e+00   2.3215580e+00   6.9585218e+01
   1.4210417e+03   3.1720100e+02   1.8922690e+03   1.3915489e+03   4.4968957e+00   2.3215680e+00   6.9396643e+01
   1.4249485e+03   3.1737954e+02   1.8905867e+03   1.3915370e+03   4.4969149e+00   2.3215779e+00   6.9208741e+01
   1.4288553e+03   3.1755808e+02   1.8889054e+03   1.3915251e+03   4.4969341e+00   2.3215878e+00   6.9021558e+01
   1.4327621e+03   3.1773663e+02   1.8872251e+03   1.3915132e+03   4.4969533e+00   2.3215977e+00   6.8835091e+01
   1.4366689e+03   3.1791517e+02   1.8855458e+03   1.3915014e+03   4.4969725e+00   2.3216076e+00   6.8649336e+01
   1.4405757e+03   3.1809372e+02   1.8838675e+03   1.3914895e+03   4.4969917e+00   2.3216175e+00   6.8464290e+01
   1.4444824e+03   3.1827244e+02   1.8821902e+03   1.3914776e+03   4.4970109e+00   2.3216274e+00   6.8279762e+01
   1.4483892e+03   3.1845148e+02   1.8805140e+03   1.3914657e+03   4.4970301e+00   2.3216373e+00   6.8095617e+01
   1.4522960e+03   3.1863052e+02   1.8788387e+03   1.3914538e+03   4.4970494e+00   2.3216473e+00   6.7912175e+01
   1.4562028e+03   3.1880956e+02   1.8771645e+03   1.3914419e+03   4.4970686e+00   2.3216572e+00   6.7729432e+01
   1.4601096e+03   3.1898859e+02   1.8754913e+03   1.3914299e+03   4.4970879e+00   2.3216672e+00   6.7547385e+01
   1.4640164e+03   3.1916763e+02   1.8738191e+03   1.3914180e+03   4.4971071e+00   2.3216771e+00   6.7366031e+01
   1.4679232e+03   3.1934667e+02   1.8721480e+03   1.3914061e+03   4.4971264e+00   2.3216870e+00   6.7185367e+01
   1.4718300e+03   3.1952630e+02   1.8704779e+03   1.3913942e+03   4.4971457e+00   2.3216970e+00   6.7004795e+01
   1.4757367e+03   3.1970600e+02   1.8688088e+03   1.3913822e+03   4.4971650e+00   2.3217070e+00   6.6824836e+01
   1.4796435e+03   3.1988571e+02   1.8671407e+03   1.3913703e+03   4.4971843e+00   2.3217170e+00   6.6645563e+01
   1.4835503e+03   3.2006541e+02   1.8654737e+03   1.3913583e+03   4.4972037e+00   2.3217269e+00   6.6466971e+01
   1.4874571e+03   3.2024511e+02   1.8638077e+03   1.3913463e+03   4.4972230e+00   2.3217369e+00   6.6289057e+01
   1.4913639e+03   3.2042482e+02   1.8621428e+03   1.3913344e+03   4.4972423e+00   2.3217469e+00   6.6111818e+01
   1.4952707e+03   3.2060486e+02   1.8604789e+03   1.3913224e+03   4.4972617e+00   2.3217569e+00   6.5934918e+01
   1.4991775e+03   3.2078539e+02   1.8588160e+03   1.3913104e+03   4.4972811e+00   2.3217669e+00   6.5758209e+01
   1.5030842e+03   3.2096593e+02   1.8571542e+03   1.3912984e+03   4.4973005e+00   2.3217770e+00   6.5582172e+01
   1.5069910e+03   3.2114646e+02   1.8554935e+03   1.3912863e+03   4.4973200e+00   2.3217870e+00   6.5406804e+01
   1.5108978e+03   3.2132700e+02   1.8538338e+03   1.3912743e+03   4.4973394e+00   2.3217970e+00   6.5232100e+01
   1.5148046e+03   3.2150753e+02   1.8521751e+03   1.3912623e+03   4.4973588e+00   2.3218070e+00   6.5058059e+01
   1.5187114e+03   3.2168806e+02   1.8505176e+03   1.3912503e+03   4.4973782e+00   2.3218171e+00   6.4884677e+01
   1.5226182e+03   3.2186952e+02   1.8488610e+03   1.3912382e+03   4.4973978e+00   2.3218271e+00   6.4711071e+01
   1.5265250e+03   3.2205104e+02   1.8472056e+03   1.3912261e+03   4.4974173e+00   2.3218372e+00   6.4538059e+01
   1.5304317e+03   3.2223257e+02   1.8455512e+03   1.3912140e+03   4.4974368e+00   2.3218473e+00   6.4365704e+01
   1.5343385e+03   3.2241409e+02   1.8438979e+03   1.3912019e+03   4.4974564e+00   2.3218574e+00   6.4194002e+01
   1.5382453e+03   3.2259561e+02   1.8422457e+03   1.3911899e+03   4.4974759e+00   2.3218675e+00   6.4022950e+01
   1.5421521e+03   3.2277714e+02   1.8405945e+03   1.3911778e+03   4.4974954e+00   2.3218776e+00   6.3852546e+01
   1.5460589e+03   3.2295917e+02   1.8389444e+03   1.3911656e+03   4.4975150e+00   2.3218877e+00   6.3682306e+01
   1.5499657e+03   3.2314184e+02   1.8372954e+03   1.3911535e+03   4.4975347e+00   2.3218978e+00   6.3512126e+01
   1.5538725e+03   3.2332451e+02   1.8356475e+03   1.3911413e+03   4.4975544e+00   2.3219080e+00   6.3342591e+01
   1.5577793e+03   3.2350718e+02   1.8340006e+03   1.3911292e+03   4.4975740e+00   2.3219181e+00   6.3173700e+01
   1.5616860e+03   3.2368985e+02   1.8323548e+03   1.3911170e+03   4.4975937e+00   2.3219283e+00   6.3005449e+01
   1.5655928e+03   3.2387252e+02   1.8307102e+03   1.3911048e+03   4.4976134e+00   2.3219384e+00   6.2837835e+01
   1.5694996e+03   3.2405518e+02   1.8290666e+03   1.3910927e+03   4.4976330e+00   2.3219486e+00   6.2670855e+01
   1.5734064e+03   3.2423911e+02   1.8274241e+03   1.3910804e+03   4.4976528e+00   2.3219588e+00   6.2503366e+01
   1.5773132e+03   3.2442307e+02   1.8257827e+03   1.3910682e+03   4.4976726e+00   2.3219691e+00   6.2336478e+01
   1.5812200e+03   3.2460703e+02   1.8241424e+03   1.3910559e+03   4.4976924e+00   2.3219793e+00   6.2170224e+01
   1.5851268e+03   3.2479099e+02   1.8225033e+03   1.3910437e+03   4.4977123e+00   2.3219895e+00   6.2004601e+01
   1.5890335e+03   3.2497496e+02   1.8208652e+03   1.3910314e+03   4.4977321e+00   2.3219997e+00   6.1839606e+01
   1.5929403e+03   3.2515892e+02   1.8192282e+03   1.3910191e+03   4.4977519e+00   2.3220100e+00   6.1675235e+01
   1.5968471e+03   3.2534358e+02   1.8175923e+03   1.3910068e+03   4.4977718e+00   2.3220202e+00   6.1510862e+01
   1.6007539e+03   3.2552899e+02   1.8159576e+03   1.3909945e+03   4.4977917e+00   2.3220305e+00   6.1346460e+01
   1.6046607e+03   3.2571439e+02   1.8143239e+03   1.3909821e+03   4.4978117e+00   2.3220408e+00   6.1182685e+01
   1.6085675e+03   3.2589979e+02   1.8126914e+03   1.3909698e+03   4.4978317e+00   2.3220512e+00   6.1019532e+01
   1.6124743e+03   3.2608519e+02   1.8110600e+03   1.3909574e+03   4.4978516e+00   2.3220615e+00   6.0857000e+01
   1.6163810e+03   3.2627060e+02   1.8094297e+03   1.3909451e+03   4.4978716e+00   2.3220718e+00   6.0695084e+01
   1.6202878e+03   3.2645601e+02   1.8078005e+03   1.3909327e+03   4.4978916e+00   2.3220821e+00   6.0533770e+01
   1.6241946e+03   3.2664300e+02   1.8061725e+03   1.3909203e+03   4.4979117e+00   2.3220925e+00   6.0371711e+01
   1.6281014e+03   3.2682998e+02   1.8045456e+03   1.3909078e+03   4.4979319e+00   2.3221029e+00   6.0210270e+01
   1.6320082e+03   3.2701697e+02   1.8029198e+03   1.3908954e+03   4.4979520e+00   2.3221133e+00   6.0049445e+01
   1.6359150e+03   3.2720395e+02   1.8012951e+03   1.3908829e+03   4.4979722e+00   2.3221237e+00   5.9889232e+01
   1.6398218e+03   3.2739094e+02   1.7996716e+03   1.3908704e+03   4.4979923e+00   2.3221341e+00   5.9729629e+01
   1.6437285e+03   3.2757792e+02   1.7980492e+03   1.3908580e+03   4.4980124e+00   2.3221445e+00   5.9570633e+01
   1.6476353e+03   3.2776581e+02   1.7964280e+03   1.3908455e+03   4.4980327e+00   2.3221549e+00   5.9411472e+01
   1.6515421e+03   3.2795452e+02   1.7948079e+03   1.3908329e+03   4.4980530e+00   2.3221654e+00   5.9252235e+01
   1.6554489e+03   3.2814322e+02   1.7931889e+03   3.5481540e+03   4.6130997e+00   2.6107221e+00   2.8286035e+12
   1.7263228e+03   3.3848006e+02   1.7816847e+03   3.5481540e+03   4.6143566e+00   2.6102548e+00   1.3386025e+12
   1.7967087e+03   3.4876124e+02   1.7701804e+03   3.5492919e+03   4.6212631e+00   2.6144078e+00   6.6391455e+11
   1.8666286e+03   3.5898691e+02   1.7586761e+03   3.5538428e+03   8.1150860e+00   4.5953678e+00   3.4362292e+11
   1.9361479e+03   3.6915721e+02   1.7471718e+03   3.5638435e+03   8.1756558e+00   4.6420896e+00   1.8490518e+11
   2.0053692e+03   3.7927229e+02   1.7356676e+03   3.5850647e+03   8.2417311e+00   4.6931312e+00   1.0311368e+11
   2.0745013e+03   3.8933230e+02   1.7241633e+03   3.6080843e+03   8.2436368e+00   4.6920497e+00   5.9432460e+10
   2.1435638e+03   3.9933741e+02   1.7126590e+03   3.6090984e+03   8.2455450e+00   4.6909709e+00   3.5310150e+10
   2.2121219e+03   4.0928778e+02   1.7011547e+03   3.6101126e+03   8.2473755e+00   4.6898602e+00   2.1556541e+10
   2.2801742e+03   4.1918358e+02   1.6896504e+03   3.6111071e+03   8.2491497e+00   4.6887312e+00   1.3493951e+10
   2.3477186e+03   4.2902497e+02   1.6781462e+03   3.6120857e+03   8.2508671e+00   4.6875841e+00   8.6447065e+09
   2.4147533e+03   4.3881214e+02   1.6666419e+03   3.6130493e+03   8.2525207e+00   4.6864134e+00   5.6580308e+09
   2.4812764e+03   4.4854526e+02   1.6551376e+03   3.6139953e+03   8.2541408e+00   4.6852364e+00   3.7775433e+09
   2.5472859e+03   4.5822452e+02   1.6436333e+03   3.6149302e+03   8.2556817e+00   4.6840291e+00   2.5690442e+09
   2.6127799e+03   4.6785012e+02   1.6321291e+03   3.6158451e+03   8.3649479e+00   4.7448879e+00   1.7774485e+09
   2.6777563e+03   4.7742225e+02   1.6206248e+03   3.6256061e+03   8.3799215e+00   4.7514098e+00   1.2496290e+09
   2.7423711e+03   4.8694111e+02   1.6091205e+03   3.6275976e+03   8.4003772e+00   4.7610856e+00   8.9197368e+08
   2.8064791e+03   4.9640691e+02   1.5976162e+03   3.6300353e+03   8.4290178e+00   4.7754575e+00   6.4566088e+08
   2.8700853e+03   5.0581987e+02   1.5861120e+03   3.6331437e+03   8.4301952e+00   4.7740499e+00   4.7354029e+08
   2.9331986e+03   5.1518021e+02   1.5746077e+03   3.6339759e+03   8.4313332e+00   4.7726341e+00   3.5161003e+08
   2.9957761e+03   5.2448815e+02   1.5631034e+03   3.6347954e+03   8.4324255e+00   4.7712068e+00   2.6410178e+08
   3.0578157e+03   5.3374394e+02   1.5515991e+03   3.6356019e+03   8.4334821e+00   4.7697744e+00   2.0053440e+08
   3.1193152e+03   5.4294780e+02   1.5400948e+03   3.6363969e+03   8.4344907e+00   4.7683292e+00   1.5382921e+08
   3.1802724e+03   5.5210000e+02   1.5285906e+03   3.6371772e+03   8.4354689e+00   4.7668833e+00   1.1914257e+08
   3.2406848e+03   5.6120078e+02   1.5170863e+03   3.6379470e+03   8.4363980e+00   4.7654233e+00   9.3118985e+07
   3.3005504e+03   5.7025041e+02   1.5055820e+03   3.6387023e+03   8.4373011e+00   4.7639643e+00   7.3406529e+07
   3.3598665e+03   5.7924917e+02   1.4940777e+03   3.6394476e+03   8.4381538e+00   4.7624910e+00   5.8338342e+07
   3.4186309e+03   5.8819732e+02   1.4825735e+03   3.6401787e+03   8.4389831e+00   4.7610207e+00   4.6720608e+07
   3.4768411e+03   5.9709517e+02   1.4710692e+03   3.6409005e+03   8.4397606e+00   4.7595362e+00   3.7689724e+07
   3.5344945e+03   6.0594301e+02   1.4595649e+03   3.6416066e+03   8.4405171e+00   4.7580557e+00   3.0615016e+07
   3.5915887e+03   6.1474115e+02   1.4480606e+03   3.6423036e+03   8.4412201e+00   4.7565604e+00   2.5031735e+07
   3.6481210e+03   6.2348990e+02   1.4365564e+03   3.6429862e+03   8.4419043e+00   4.7550700e+00   2.0594451e+07
   3.7040887e+03   6.3218960e+02   1.4250521e+03   3.6436591e+03   8.4425350e+00   4.7535656e+00   1.7044307e+07
   3.7594891e+03   6.4084058e+02   1.4135478e+03   3.6443172e+03   8.4431479e+00   4.7520668e+00   1.4185798e+07
   3.8143194e+03   6.4944320e+02   1.4020435e+03   3.6449671e+03   8.4437066e+00   4.7505541e+00   1.1870165e+07
   3.8685768e+03   6.5799781e+02   1.3905392e+03   3.6456009e+03   8.4442503e+00   4.7490466e+00   9.9834049e+06
   3.9222584e+03   6.6650478e+02   1.3790350e+03   3.6462269e+03   8.4447393e+00   4.7475266e+00   8.4375532e+06
   3.9753611e+03   6.7496451e+02   1.3675307e+03   3.6468371e+03   8.4452114e+00   4.7460117e+00   7.1642935e+06
   4.0278819e+03   6.8337740e+02   1.3560264e+03   3.6474389e+03   8.4456336e+00   4.7444853e+00   6.1102352e+06
   4.0798176e+03   6.9174385e+02   1.3445221e+03   3.6480260e+03   8.4460320e+00   4.7429606e+00   5.2334026e+06
   4.1311650e+03   7.0006429e+02   1.3330179e+03   3.6486033e+03   8.4463834e+00   4.7414277e+00   4.5006038e+06
   4.1819208e+03   7.0833916e+02   1.3215136e+03   3.6491662e+03   8.4467074e+00   4.7398953e+00   3.8854481e+06
   4.2320816e+03   7.1656893e+02   1.3100093e+03   3.6497185e+03   8.4469868e+00   4.7383551e+00   3.3668406e+06
   4.2816439e+03   7.2475407e+02   1.2985050e+03   3.6502575e+03   8.4472390e+00   4.7368148e+00   2.9278337e+06
   4.3306040e+03   7.3289506e+02   1.2870008e+03   3.6507856e+03   8.4474514e+00   4.7352686e+00   2.5547451e+06
   4.3789583e+03   7.4099241e+02   1.2754965e+03   3.6513008e+03   8.4476290e+00   4.7337196e+00   2.2364763e+06
   4.4267030e+03   7.4904666e+02   1.2639922e+03   3.6518041e+03   8.4477669e+00   4.7321653e+00   1.9639841e+06
   4.4738341e+03   7.5705835e+02   1.2524879e+03   3.6522933e+03   8.4478665e+00   4.7306071e+00   1.7298676e+06
   4.5203476e+03   7.6502804e+02   1.2409836e+03   3.6527711e+03   8.4479344e+00   4.7290471e+00   1.5280444e+06
   4.5662394e+03   7.7295632e+02   1.2294794e+03   3.6532370e+03   8.4479574e+00   4.7274791e+00   1.3534956e+06
   4.6115050e+03   7.8084380e+02   1.2179751e+03   3.6536888e+03   8.4479504e+00   4.7259108e+00   1.2020634e+06
   4.6561401e+03   7.8869112e+02   1.2064708e+03   3.6541289e+03   8.4478899e+00   4.7243321e+00   1.0702905e+06
   4.7001401e+03   7.9649893e+02   1.1949665e+03   3.6545535e+03   8.4478042e+00   4.7227542e+00   9.5529146e+05
   4.7435001e+03   8.0426791e+02   1.1834623e+03   3.6549681e+03   8.4476705e+00   4.7211665e+00   8.5464972e+05
   4.7862155e+03   8.1199878e+02   1.1719580e+03   3.6553673e+03   8.4474986e+00   4.7195762e+00   7.6633448e+05
   4.8282809e+03   8.1969228e+02   1.1604537e+03   3.6557538e+03   8.4472819e+00   4.7179784e+00   6.8863346e+05
   4.8696913e+03   8.2734916e+02   1.1489494e+03   3.6561262e+03   8.4470262e+00   4.7163760e+00   6.2009838e+05
   4.9104412e+03   8.3497023e+02   1.1374452e+03   3.6564851e+03   8.4467294e+00   4.7147683e+00   5.5950044e+05
   4.9505248e+03   8.4255633e+02   1.1259409e+03   3.6568311e+03   8.4463818e+00   4.7131508e+00   5.0579401e+05
   4.9899365e+03   8.5010831e+02   1.1144366e+03   3.6571611e+03   8.4460026e+00   4.7115316e+00   4.5808666e+05
   5.0286701e+03   8.5762707e+02   1.1029323e+03   3.6574797e+03   8.4455650e+00   4.7098992e+00   4.1561467e+05
   5.0667194e+03   8.6511357e+02   1.0914280e+03   3.6577806e+03   8.4450886e+00   4.7082633e+00   3.7772262e+05
   5.1040777e+03   8.7256877e+02   1.0799238e+03   3.6580687e+03   8.4445627e+00   4.7066171e+00   3.4384660e+05
   5.1407384e+03   8.7999370e+02   1.0684195e+03   3.6583412e+03   8.4439880e+00   4.7049628e+00   3.1350016e+05
   5.1766944e+03   8.8738942e+02   1.0569152e+03   3.6585984e+03   8.4433669e+00   4.7033008e+00   2.8626265e+05
   5.2119384e+03   8.9475706e+02   1.0454109e+03   3.6588406e+03   8.4426914e+00   4.7016275e+00   2.6176945e+05
   5.2464626e+03   9.0209776e+02   1.0339067e+03   3.6590668e+03   8.4419709e+00   4.6999476e+00   2.3970373e+05
   5.2802592e+03   9.0941276e+02   1.0224024e+03   3.6592783e+03   8.4411906e+00   4.6982532e+00   2.1978962e+05
   5.3133199e+03   9.1670331e+02   1.0108981e+03   3.6594719e+03   8.4403584e+00   4.6965496e+00   2.0178633e+05
   5.3456360e+03   9.2397074e+02   9.9939383e+02   3.6596493e+03   8.4394719e+00   4.6948341e+00   1.8548326e+05
   5.3771985e+03   9.3121646e+02   9.8788955e+02   3.6598103e+03   8.4385247e+00   4.6931048e+00   1.7069586e+05
   5.4079980e+03   9.3844191e+02   9.7638527e+02   3.6599527e+03   8.4375273e+00   4.6913656e+00   1.5726202e+05
   5.4380246e+03   9.4564862e+02   9.6488100e+02   3.6600797e+03   8.4364586e+00   4.6896085e+00   1.4503912e+05
   5.4672682e+03   9.5283819e+02   9.5337672e+02   3.6601865e+03   8.4353400e+00   4.6878412e+00   1.3390142e+05
   5.4957178e+03   9.6001229e+02   9.4187244e+02   3.6602769e+03   8.4341472e+00   4.6860550e+00   1.2373783e+05
   5.5233623e+03   9.6717270e+02   9.3036817e+02   3.6603474e+03   8.4328978e+00   4.6842550e+00   1.1445008e+05
   5.5501898e+03   9.7432125e+02   9.1886389e+02   3.6604000e+03   8.4315782e+00   4.6824378e+00   1.0595105e+05
   5.5761881e+03   9.8145989e+02   9.0735961e+02   3.6604321e+03   8.4301883e+00   4.6806012e+00   9.8163376e+04
   5.6013441e+03   9.8859067e+02   8.9585533e+02   3.6604442e+03   8.4287286e+00   4.6787480e+00   9.1018254e+04
   5.6256442e+03   9.9571573e+02   8.8435106e+02   3.6604360e+03   8.4271881e+00   4.6768715e+00   8.4454383e+04
   5.6490742e+03   1.0028373e+03   8.7284678e+02   3.6604054e+03   8.4255785e+00   4.6749762e+00   7.8417065e+04
   5.6716190e+03   1.0099579e+03   8.6134250e+02   3.6603540e+03   8.4238876e+00   4.6730579e+00   7.2857417e+04
   5.6932627e+03   1.0170798e+03   8.4983823e+02   3.6602806e+03   8.4221147e+00   4.6711153e+00   6.7731686e+04
   5.7139889e+03   1.0242059e+03   8.3833395e+02   3.6601843e+03   8.4202615e+00   4.6691505e+00   6.3000656e+04
   5.7337799e+03   1.0313388e+03   8.2682967e+02   3.6600650e+03   8.4183091e+00   4.6671542e+00   5.8629126e+04
   5.7526172e+03   1.0384816e+03   8.1532540e+02   3.6599191e+03   8.4162784e+00   4.6651349e+00   5.4585454e+04
   5.7704814e+03   1.0456374e+03   8.0382112e+02   3.6597507e+03   8.4141465e+00   4.6630841e+00   5.0841162e+04
   5.7873518e+03   1.0528094e+03   7.9231684e+02   3.6595551e+03   8.4119134e+00   4.6610013e+00   4.7370582e+04
   5.8032067e+03   1.0600012e+03   7.8081256e+02   3.6593322e+03   8.4095883e+00   4.6588896e+00   4.4150552e+04
   5.8180231e+03   1.0672164e+03   7.6930829e+02   3.6590835e+03   8.4071486e+00   4.6567391e+00   4.1160145e+04
   5.8317765e+03   1.0744591e+03   7.5780401e+02   3.6588048e+03   8.4046001e+00   4.6545537e+00   3.8380428e+04
   5.8444411e+03   1.0817334e+03   7.4629973e+02   3.6584970e+03   8.4019340e+00   4.6523276e+00   3.5794258e+04
   5.8559894e+03   1.0890438e+03   7.3479546e+02   3.6581585e+03   8.3991506e+00   4.6500617e+00   3.3386088e+04
   5.8663925e+03   1.0963948e+03   7.2329118e+02   3.6577887e+03   8.3962426e+00   4.6477530e+00   3.1141808e+04
   5.8756192e+03   1.1037917e+03   7.1178690e+02   3.6573860e+03   8.3932005e+00   4.6453968e+00   2.9048596e+04
   5.8836368e+03   1.1112397e+03   7.0028263e+02   3.6569487e+03   8.3900252e+00   4.6429942e+00   2.7094790e+04
   5.8904101e+03   1.1187446e+03   6.8877835e+02   3.6564766e+03   8.3866972e+00   4.6405349e+00   2.5269771e+04
   5.8904101e+03   1.1187446e+03   6.8877835e+02   8.0000000e+03   6.1558896e+00   3.3219125e+00   1.0000000e+04
   5.9703389e+03   1.1199877e+03   6.1224742e+02   8.0072254e+03   6.1531115e+00   3.3204134e+00   1.0000000e+04
   5.7160117e+03   1.1212307e+03   5.3571649e+02   8.0147628e+03   6.1564302e+00   3.3218552e+00   1.0000000e+04
   5.0211509e+03   1.1224738e+03   4.5918557e+02   8.0234105e+03   6.1333321e+00   3.3105033e+00   1.0000000e+04
   3.7029539e+03   1.1237168e+03   3.8265464e+02   8.0353746e+03   6.0744363e+00   3.2817928e+00   1.0000000e+04
   1.4177261e+03   1.1249599e+03   3.0612371e+02   8.0678520e+03   5.9579855e+00   3.2249078e+00   1.0000000e+04
  -2.5720039e+03   1.1262029e+03   2.2959278e+02   8.0486183e+03   5.7797611e+00   3.1395903e+00   1.0000000e+04
  -1.0084989e+04   1.1274460e+03   1.5306186e+02   8.0430428e+03   5.4429556e+00   2.9785510e+00   1.0000000e+04
  -2.7480902e+04   1.1286890e+03   7.6530928e+01   8.0402706e+03   4.7404745e+00   2.6468823e+00   1.0000000e+04
  -9.7781662e+04   1.1299321e+03   0.0000000e+00   8.0358487e+03   2.4264691e+00   1.6371512e+00   1.0000000e+04
