P (MPa)		T (K)		r (km)		rho (kg m-3)	VP (km s-1)	VS (km s-1)	QS/gamma	
0.00000e+00	9.40000e+01	2.57470e+03	9.32432e+02	3.87821e+00	1.96165e+00	1.72556e+05
4.23699e-01	9.98357e+01	2.57436e+03	9.32432e+02	3.87888e+00	1.96205e+00	8.24318e+04
8.47398e-01	1.06034e+02	2.57403e+03	9.32445e+02	3.87961e+00	1.96249e+00	4.11162e+04
1.27110e+00	1.12617e+02	2.57369e+03	9.32458e+02	3.88041e+00	1.96296e+00	2.13594e+04
1.69480e+00	1.19608e+02	2.57336e+03	9.32469e+02	3.88129e+00	1.96347e+00	1.15289e+04
2.11849e+00	1.27034e+02	2.57302e+03	9.32480e+02	3.88227e+00	1.96404e+00	6.45125e+03
2.54219e+00	1.34920e+02	2.57269e+03	9.32490e+02	3.88338e+00	1.96466e+00	3.73455e+03
2.96589e+00	1.43296e+02	2.57235e+03	9.32500e+02	3.88462e+00	1.96535e+00	2.23207e+03
3.38959e+00	1.52193e+02	2.57202e+03	9.32508e+02	3.88603e+00	1.96613e+00	1.37482e+03
3.81329e+00	1.61641e+02	2.57168e+03	9.32515e+02	3.88763e+00	1.96701e+00	8.71134e+02
4.23699e+00	1.71676e+02	2.57135e+03	9.32521e+02	3.88947e+00	1.96801e+00	5.66901e+02
4.66069e+00	1.82334e+02	2.57101e+03	9.32527e+02	3.89158e+00	1.96914e+00	3.78300e+02
5.08439e+00	1.93654e+02	2.57068e+03	9.32531e+02	3.89401e+00	1.97044e+00	2.58484e+02
5.50808e+00	2.05677e+02	2.57034e+03	9.32534e+02	3.89679e+00	1.97191e+00	1.80592e+02
5.93178e+00	2.18445e+02	2.57000e+03	9.32536e+02	3.89997e+00	1.97359e+00	1.28845e+02
6.35548e+00	2.32007e+02	2.56967e+03	9.32537e+02	3.90357e+00	1.97547e+00	9.37578e+01
6.77918e+00	2.46411e+02	2.56933e+03	9.32536e+02	3.90761e+00	1.97758e+00	6.95052e+01
7.20288e+00	2.61708e+02	2.56900e+03	9.32535e+02	3.91205e+00	1.97990e+00	5.24355e+01
7.62658e+00	2.61743e+02	2.56866e+03	9.32532e+02	3.91232e+00	1.98010e+00	5.24043e+01
8.05028e+00	2.61777e+02	2.56833e+03	9.32528e+02	3.91259e+00	1.98030e+00	5.23728e+01
8.47398e+00	2.61812e+02	2.56799e+03	9.32522e+02	3.91286e+00	1.98051e+00	5.23410e+01
8.89767e+00	2.61848e+02	2.56766e+03	9.32515e+02	3.91313e+00	1.98071e+00	5.23089e+01
9.32137e+00	2.61884e+02	2.56732e+03	9.32507e+02	3.91340e+00	1.98091e+00	5.22765e+01
9.74507e+00	2.61920e+02	2.56699e+03	9.32497e+02	3.91367e+00	1.98112e+00	5.22437e+01
1.01688e+01	2.61956e+02	2.56665e+03	9.32486e+02	3.91394e+00	1.98132e+00	5.22106e+01
1.05925e+01	2.61993e+02	2.56632e+03	9.32473e+02	3.91421e+00	1.98152e+00	5.21772e+01
1.10162e+01	2.62031e+02	2.56598e+03	9.32459e+02	3.91448e+00	1.98172e+00	5.21435e+01
1.14399e+01	2.62069e+02	2.56565e+03	9.32443e+02	3.91475e+00	1.98193e+00	5.21095e+01
1.18636e+01	2.62107e+02	2.56531e+03	9.32425e+02	3.91502e+00	1.98213e+00	5.20751e+01
1.22873e+01	2.62145e+02	2.56498e+03	9.32405e+02	3.91529e+00	1.98233e+00	5.20404e+01
1.27110e+01	2.62184e+02	2.56464e+03	9.32384e+02	3.91556e+00	1.98253e+00	5.20053e+01
1.31347e+01	2.62224e+02	2.56431e+03	9.32360e+02	3.91583e+00	1.98274e+00	5.19699e+01
1.35584e+01	2.62263e+02	2.56397e+03	9.32335e+02	3.91610e+00	1.98294e+00	5.19342e+01
1.39821e+01	2.62304e+02	2.56364e+03	9.32308e+02	3.91637e+00	1.98314e+00	5.18981e+01
1.44058e+01	2.62344e+02	2.56330e+03	9.32279e+02	3.91664e+00	1.98334e+00	5.18617e+01
1.48295e+01	2.62385e+02	2.56297e+03	9.32247e+02	3.91691e+00	1.98354e+00	5.18249e+01
1.52532e+01	2.62427e+02	2.56263e+03	9.32214e+02	3.91717e+00	1.98375e+00	5.17878e+01
1.56769e+01	2.62469e+02	2.56230e+03	9.32178e+02	3.91744e+00	1.98395e+00	5.17503e+01
1.61006e+01	2.62511e+02	2.56197e+03	9.32140e+02	3.91771e+00	1.98415e+00	5.17125e+01
1.65243e+01	2.62554e+02	2.56163e+03	9.32100e+02	3.91798e+00	1.98435e+00	5.16742e+01
1.69480e+01	2.62598e+02	2.56130e+03	9.32057e+02	3.91825e+00	1.98455e+00	5.16357e+01
1.73716e+01	2.62641e+02	2.56096e+03	9.32011e+02	3.91852e+00	1.98475e+00	5.15967e+01
1.77953e+01	2.62686e+02	2.56063e+03	9.31963e+02	3.91878e+00	1.98496e+00	5.15574e+01
1.82190e+01	2.62730e+02	2.56029e+03	9.31912e+02	3.91905e+00	1.98516e+00	5.15177e+01
1.86427e+01	2.62776e+02	2.55996e+03	9.31859e+02	3.91932e+00	1.98536e+00	5.14776e+01
1.90664e+01	2.62821e+02	2.55962e+03	9.31802e+02	3.91959e+00	1.98556e+00	5.14372e+01
1.94901e+01	2.62868e+02	2.55929e+03	9.31743e+02	3.91985e+00	1.98576e+00	5.13963e+01
1.99138e+01	2.62914e+02	2.55895e+03	9.31681e+02	3.92012e+00	1.98596e+00	5.13551e+01
2.03375e+01	2.62961e+02	2.55862e+03	9.31615e+02	3.92039e+00	1.98616e+00	5.13135e+01
2.07612e+01	2.63009e+02	2.55828e+03	9.31546e+02	3.92066e+00	1.98636e+00	5.12715e+01
2.11849e+01	2.63057e+02	2.55795e+03	9.31474e+02	3.92092e+00	1.98657e+00	5.12291e+01
2.16086e+01	2.63106e+02	2.55761e+03	9.31399e+02	3.92119e+00	1.98677e+00	5.11862e+01
2.20323e+01	2.63155e+02	2.55728e+03	9.31320e+02	3.92146e+00	1.98697e+00	5.11430e+01
2.24560e+01	2.63205e+02	2.55694e+03	9.31238e+02	3.92172e+00	1.98717e+00	5.10994e+01
2.28797e+01	2.63255e+02	2.55661e+03	9.31151e+02	3.92199e+00	1.98737e+00	5.10554e+01
2.33034e+01	2.63306e+02	2.55627e+03	9.31061e+02	3.92226e+00	1.98757e+00	5.10109e+01
2.37271e+01	2.63358e+02	2.55594e+03	9.30968e+02	3.92253e+00	1.98777e+00	5.09660e+01
2.41508e+01	2.63409e+02	2.55560e+03	9.30870e+02	3.92279e+00	1.98797e+00	5.09207e+01
2.45745e+01	2.63462e+02	2.55527e+03	9.30768e+02	3.92306e+00	1.98817e+00	5.08750e+01
2.49982e+01	2.63515e+02	2.55494e+03	9.30661e+02	3.92333e+00	1.98837e+00	5.08289e+01
2.54219e+01	2.63569e+02	2.55460e+03	9.30551e+02	3.92359e+00	1.98857e+00	5.07823e+01
2.58456e+01	2.63623e+02	2.55427e+03	9.30436e+02	3.92386e+00	1.98877e+00	5.07353e+01
2.62693e+01	2.63677e+02	2.55393e+03	9.30316e+02	3.92413e+00	1.98897e+00	5.06879e+01
2.66930e+01	2.63733e+02	2.55360e+03	9.30192e+02	3.92439e+00	1.98917e+00	5.06400e+01
2.71167e+01	2.63789e+02	2.55326e+03	9.30063e+02	3.92466e+00	1.98937e+00	5.05916e+01
2.75404e+01	2.63845e+02	2.55293e+03	9.29929e+02	3.92492e+00	1.98958e+00	5.05429e+01
2.79641e+01	2.63902e+02	2.55259e+03	9.29790e+02	3.92519e+00	1.98978e+00	5.04936e+01
2.83878e+01	2.63960e+02	2.55226e+03	9.29646e+02	3.92546e+00	1.98998e+00	5.04439e+01
2.88115e+01	2.64018e+02	2.55192e+03	9.29497e+02	3.92572e+00	1.99018e+00	5.03938e+01
2.92352e+01	2.64077e+02	2.55159e+03	9.29342e+02	3.92599e+00	1.99038e+00	5.03432e+01
2.96589e+01	2.64137e+02	2.55125e+03	9.29182e+02	3.92626e+00	1.99058e+00	5.02921e+01
3.00826e+01	2.64197e+02	2.55092e+03	9.29016e+02	3.92652e+00	1.99078e+00	5.02406e+01
3.05063e+01	2.64258e+02	2.55058e+03	9.28845e+02	3.92679e+00	1.99098e+00	5.01886e+01
3.09300e+01	2.64320e+02	2.55025e+03	9.28668e+02	3.92705e+00	1.99118e+00	5.01361e+01
3.13537e+01	2.64382e+02	2.54991e+03	9.28485e+02	3.92732e+00	1.99138e+00	5.00831e+01
3.17774e+01	2.64445e+02	2.54957e+03	9.28296e+02	3.92759e+00	1.99158e+00	5.00296e+01
3.22011e+01	2.64508e+02	2.54924e+03	9.28102e+02	3.92785e+00	1.99178e+00	4.99757e+01
3.26248e+01	2.64572e+02	2.54890e+03	9.27901e+02	3.92812e+00	1.99198e+00	4.99213e+01
3.30485e+01	2.64637e+02	2.54857e+03	9.27694e+02	3.92839e+00	1.99218e+00	4.98663e+01
3.34722e+01	2.64703e+02	2.54823e+03	9.27481e+02	3.92865e+00	1.99238e+00	4.98109e+01
3.38959e+01	2.64769e+02	2.54790e+03	9.27261e+02	3.92892e+00	1.99258e+00	4.97550e+01
3.43196e+01	2.64836e+02	2.54756e+03	9.27035e+02	3.92918e+00	1.99278e+00	4.96986e+01
3.47433e+01	2.64904e+02	2.54723e+03	9.26803e+02	3.92945e+00	1.99298e+00	4.96416e+01
3.51670e+01	2.64972e+02	2.54689e+03	9.26565e+02	3.92972e+00	1.99318e+00	4.95842e+01
3.55907e+01	2.65041e+02	2.54656e+03	9.26320e+02	3.92998e+00	1.99338e+00	4.95262e+01
3.60144e+01	2.65111e+02	2.54622e+03	9.26069e+02	3.93025e+00	1.99358e+00	4.94677e+01
3.64381e+01	2.65182e+02	2.54588e+03	9.25811e+02	3.93051e+00	1.99378e+00	4.94087e+01
3.68618e+01	2.65253e+02	2.54555e+03	9.25547e+02	3.93078e+00	1.99398e+00	4.93492e+01
3.72855e+01	2.65325e+02	2.54521e+03	9.25277e+02	3.93105e+00	1.99418e+00	4.92891e+01
3.77092e+01	2.65398e+02	2.54488e+03	9.25001e+02	3.93131e+00	1.99438e+00	4.92285e+01
3.81329e+01	2.65472e+02	2.54454e+03	9.24718e+02	3.93158e+00	1.99458e+00	4.91674e+01
3.85566e+01	2.65546e+02	2.54420e+03	9.24430e+02	3.93184e+00	1.99477e+00	4.91057e+01
3.89803e+01	2.65622e+02	2.54387e+03	9.24135e+02	3.93211e+00	1.99497e+00	4.90435e+01
3.94040e+01	2.65698e+02	2.54353e+03	9.23835e+02	3.93238e+00	1.99517e+00	4.89807e+01
3.98277e+01	2.65775e+02	2.54319e+03	9.23530e+02	3.93264e+00	1.99537e+00	4.89174e+01
4.02514e+01	2.65852e+02	2.54286e+03	9.23218e+02	3.93291e+00	1.99557e+00	4.88535e+01
4.06751e+01	2.65931e+02	2.54252e+03	9.22902e+02	3.93318e+00	1.99577e+00	4.87891e+01
4.10988e+01	2.69917e+02	2.54218e+03	9.22581e+02	3.93454e+00	1.99653e+00	4.56741e+01
4.15225e+01	2.69959e+02	2.54185e+03	9.22255e+02	3.93479e+00	1.99672e+00	4.56433e+01
4.19462e+01	2.70000e+02	2.54151e+03	9.21924e+02	3.93505e+00	1.99692e+00	4.56125e+01
4.58530e+01	2.70012e+02	2.53871e+03	1.02225e+03	1.46179e+00	0.00000e+00	0.00000e+00
4.97597e+01	2.70027e+02	2.53591e+03	1.02407e+03	1.46892e+00	0.00000e+00	0.00000e+00
5.36665e+01	2.70045e+02	2.53312e+03	1.02587e+03	1.47611e+00	0.00000e+00	0.00000e+00
5.75733e+01	2.70066e+02	2.53034e+03	1.02766e+03	1.48335e+00	0.00000e+00	0.00000e+00
6.14801e+01	2.70091e+02	2.52756e+03	1.02942e+03	1.49063e+00	0.00000e+00	0.00000e+00
6.53869e+01	2.70117e+02	2.52479e+03	1.03117e+03	1.49795e+00	0.00000e+00	0.00000e+00
6.92937e+01	2.70147e+02	2.52202e+03	1.03291e+03	1.50530e+00	0.00000e+00	0.00000e+00
7.32005e+01	2.70180e+02	2.51926e+03	1.03462e+03	1.51268e+00	0.00000e+00	0.00000e+00
7.71073e+01	2.70215e+02	2.51650e+03	1.03632e+03	1.52009e+00	0.00000e+00	0.00000e+00
8.10140e+01	2.70252e+02	2.51375e+03	1.03800e+03	1.52752e+00	0.00000e+00	0.00000e+00
8.49208e+01	2.70292e+02	2.51101e+03	1.03967e+03	1.53496e+00	0.00000e+00	0.00000e+00
8.88276e+01	2.70335e+02	2.50827e+03	1.04132e+03	1.54242e+00	0.00000e+00	0.00000e+00
9.27344e+01	2.70379e+02	2.50554e+03	1.04295e+03	1.54988e+00	0.00000e+00	0.00000e+00
9.66412e+01	2.70426e+02	2.50281e+03	1.04457e+03	1.55735e+00	0.00000e+00	0.00000e+00
1.00548e+02	2.70476e+02	2.50009e+03	1.04618e+03	1.56483e+00	0.00000e+00	0.00000e+00
1.04455e+02	2.70527e+02	2.49738e+03	1.04776e+03	1.57231e+00	0.00000e+00	0.00000e+00
1.08362e+02	2.70581e+02	2.49466e+03	1.04934e+03	1.57980e+00	0.00000e+00	0.00000e+00
1.12268e+02	2.70636e+02	2.49196e+03	1.05089e+03	1.58730e+00	0.00000e+00	0.00000e+00
1.16175e+02	2.70694e+02	2.48926e+03	1.05244e+03	1.59480e+00	0.00000e+00	0.00000e+00
1.20082e+02	2.70753e+02	2.48656e+03	1.05397e+03	1.60232e+00	0.00000e+00	0.00000e+00
1.23989e+02	2.70814e+02	2.48387e+03	1.05548e+03	1.60984e+00	0.00000e+00	0.00000e+00
1.27895e+02	2.70877e+02	2.48118e+03	1.05698e+03	1.61737e+00	0.00000e+00	0.00000e+00
1.31802e+02	2.70942e+02	2.47850e+03	1.05847e+03	1.62490e+00	0.00000e+00	0.00000e+00
1.35709e+02	2.71009e+02	2.47583e+03	1.05994e+03	1.63243e+00	0.00000e+00	0.00000e+00
1.39616e+02	2.71077e+02	2.47316e+03	1.06140e+03	1.63996e+00	0.00000e+00	0.00000e+00
1.43523e+02	2.71146e+02	2.47049e+03	1.06284e+03	1.64749e+00	0.00000e+00	0.00000e+00
1.47429e+02	2.71217e+02	2.46783e+03	1.06428e+03	1.65502e+00	0.00000e+00	0.00000e+00
1.51336e+02	2.71290e+02	2.46517e+03	1.06570e+03	1.66254e+00	0.00000e+00	0.00000e+00
1.55243e+02	2.71364e+02	2.46252e+03	1.06710e+03	1.67005e+00	0.00000e+00	0.00000e+00
1.59150e+02	2.71439e+02	2.45987e+03	1.06850e+03	1.67756e+00	0.00000e+00	0.00000e+00
1.63057e+02	2.71516e+02	2.45723e+03	1.06988e+03	1.68506e+00	0.00000e+00	0.00000e+00
1.66963e+02	2.71594e+02	2.45459e+03	1.07125e+03	1.69255e+00	0.00000e+00	0.00000e+00
1.70870e+02	2.71673e+02	2.45196e+03	1.07261e+03	1.70003e+00	0.00000e+00	0.00000e+00
1.74777e+02	2.71754e+02	2.44933e+03	1.07395e+03	1.70749e+00	0.00000e+00	0.00000e+00
1.78684e+02	2.71836e+02	2.44670e+03	1.07529e+03	1.71494e+00	0.00000e+00	0.00000e+00
1.82590e+02	2.71918e+02	2.44408e+03	1.07661e+03	1.72238e+00	0.00000e+00	0.00000e+00
1.86497e+02	2.72002e+02	2.44146e+03	1.07792e+03	1.72980e+00	0.00000e+00	0.00000e+00
1.90404e+02	2.72087e+02	2.43885e+03	1.07922e+03	1.73718e+00	0.00000e+00	0.00000e+00
1.94311e+02	2.72173e+02	2.43624e+03	1.08051e+03	1.74454e+00	0.00000e+00	0.00000e+00
1.98218e+02	2.72260e+02	2.43364e+03	1.08179e+03	1.75184e+00	0.00000e+00	0.00000e+00
2.02124e+02	2.72348e+02	2.43104e+03	1.08306e+03	1.75908e+00	0.00000e+00	0.00000e+00
2.06031e+02	2.72437e+02	2.42845e+03	1.08431e+03	1.76625e+00	0.00000e+00	0.00000e+00
2.09938e+02	2.72527e+02	2.42585e+03	1.08556e+03	1.77335e+00	0.00000e+00	0.00000e+00
2.13845e+02	2.72618e+02	2.42327e+03	1.08680e+03	1.78040e+00	0.00000e+00	0.00000e+00
2.17752e+02	2.72709e+02	2.42068e+03	1.08803e+03	1.78739e+00	0.00000e+00	0.00000e+00
2.21658e+02	2.72801e+02	2.41810e+03	1.08924e+03	1.79435e+00	0.00000e+00	0.00000e+00
2.25565e+02	2.72894e+02	2.41553e+03	1.09045e+03	1.80128e+00	0.00000e+00	0.00000e+00
2.29472e+02	2.72988e+02	2.41296e+03	1.09165e+03	1.80818e+00	0.00000e+00	0.00000e+00
2.33379e+02	2.73083e+02	2.41039e+03	1.09284e+03	1.81504e+00	0.00000e+00	0.00000e+00
2.37285e+02	2.73178e+02	2.40783e+03	1.09402e+03	1.82187e+00	0.00000e+00	0.00000e+00
2.41192e+02	2.73274e+02	2.40527e+03	1.09520e+03	1.82867e+00	0.00000e+00	0.00000e+00
2.45099e+02	2.73370e+02	2.40271e+03	1.09636e+03	1.83544e+00	0.00000e+00	0.00000e+00
2.49006e+02	2.73467e+02	2.40016e+03	1.09751e+03	1.84219e+00	0.00000e+00	0.00000e+00
2.52913e+02	2.73565e+02	2.39761e+03	1.09866e+03	1.84890e+00	0.00000e+00	0.00000e+00
2.56819e+02	2.73663e+02	2.39507e+03	1.09980e+03	1.85558e+00	0.00000e+00	0.00000e+00
2.60726e+02	2.73762e+02	2.39253e+03	1.10093e+03	1.86223e+00	0.00000e+00	0.00000e+00
2.64633e+02	2.73862e+02	2.38999e+03	1.10205e+03	1.86885e+00	0.00000e+00	0.00000e+00
2.68540e+02	2.73962e+02	2.38746e+03	1.10317e+03	1.87543e+00	0.00000e+00	0.00000e+00
2.72447e+02	2.74062e+02	2.38493e+03	1.10427e+03	1.88199e+00	0.00000e+00	0.00000e+00
2.76353e+02	2.74163e+02	2.38240e+03	1.10537e+03	1.88852e+00	0.00000e+00	0.00000e+00
2.80260e+02	2.74264e+02	2.37988e+03	1.10646e+03	1.89502e+00	0.00000e+00	0.00000e+00
2.84167e+02	2.74366e+02	2.37736e+03	1.10755e+03	1.90148e+00	0.00000e+00	0.00000e+00
2.88074e+02	2.74468e+02	2.37485e+03	1.10862e+03	1.90792e+00	0.00000e+00	0.00000e+00
2.91980e+02	2.74571e+02	2.37234e+03	1.10969e+03	1.91432e+00	0.00000e+00	0.00000e+00
2.95887e+02	2.74674e+02	2.36983e+03	1.11076e+03	1.92068e+00	0.00000e+00	0.00000e+00
2.99794e+02	2.74778e+02	2.36732e+03	1.11181e+03	1.92700e+00	0.00000e+00	0.00000e+00
3.03701e+02	2.74882e+02	2.36482e+03	1.11286e+03	1.93328e+00	0.00000e+00	0.00000e+00
3.07608e+02	2.74986e+02	2.36232e+03	1.11390e+03	1.93952e+00	0.00000e+00	0.00000e+00
3.11514e+02	2.75091e+02	2.35983e+03	1.11494e+03	1.94571e+00	0.00000e+00	0.00000e+00
3.15421e+02	2.75196e+02	2.35734e+03	1.11596e+03	1.95187e+00	0.00000e+00	0.00000e+00
3.19328e+02	2.75301e+02	2.35485e+03	1.11699e+03	1.95798e+00	0.00000e+00	0.00000e+00
3.23235e+02	2.75407e+02	2.35237e+03	1.11800e+03	1.96406e+00	0.00000e+00	0.00000e+00
3.27142e+02	2.75513e+02	2.34989e+03	1.11901e+03	1.97010e+00	0.00000e+00	0.00000e+00
3.31048e+02	2.75619e+02	2.34741e+03	1.12001e+03	1.97610e+00	0.00000e+00	0.00000e+00
3.34955e+02	2.75726e+02	2.34494e+03	1.12101e+03	1.98207e+00	0.00000e+00	0.00000e+00
3.38862e+02	2.75833e+02	2.34247e+03	1.12200e+03	1.98801e+00	0.00000e+00	0.00000e+00
3.42769e+02	2.75940e+02	2.34000e+03	1.12299e+03	1.99391e+00	0.00000e+00	0.00000e+00
3.46676e+02	2.76048e+02	2.33754e+03	1.12397e+03	1.99977e+00	0.00000e+00	0.00000e+00
3.50582e+02	2.76155e+02	2.33508e+03	1.12494e+03	2.00560e+00	0.00000e+00	0.00000e+00
3.54489e+02	2.76263e+02	2.33262e+03	1.12591e+03	2.01140e+00	0.00000e+00	0.00000e+00
3.58396e+02	2.76372e+02	2.33016e+03	1.12687e+03	2.01716e+00	0.00000e+00	0.00000e+00
3.62303e+02	2.76480e+02	2.32771e+03	1.12783e+03	2.02289e+00	0.00000e+00	0.00000e+00
3.66209e+02	2.76589e+02	2.32527e+03	1.12878e+03	2.02859e+00	0.00000e+00	0.00000e+00
3.70116e+02	2.76698e+02	2.32282e+03	1.12973e+03	2.03426e+00	0.00000e+00	0.00000e+00
3.74023e+02	2.76807e+02	2.32038e+03	1.13067e+03	2.03990e+00	0.00000e+00	0.00000e+00
3.77930e+02	2.76916e+02	2.31794e+03	1.13160e+03	2.04551e+00	0.00000e+00	0.00000e+00
3.81837e+02	2.77026e+02	2.31551e+03	1.13253e+03	2.05109e+00	0.00000e+00	0.00000e+00
3.85743e+02	2.77135e+02	2.31307e+03	1.13346e+03	2.05664e+00	0.00000e+00	0.00000e+00
3.89650e+02	2.77245e+02	2.31065e+03	1.13438e+03	2.06217e+00	0.00000e+00	0.00000e+00
3.93557e+02	2.77356e+02	2.30822e+03	1.13530e+03	2.06768e+00	0.00000e+00	0.00000e+00
3.97464e+02	2.77466e+02	2.30580e+03	1.13621e+03	2.07317e+00	0.00000e+00	0.00000e+00
4.01371e+02	2.77576e+02	2.30338e+03	1.13711e+03	2.07863e+00	0.00000e+00	0.00000e+00
4.05277e+02	2.77687e+02	2.30096e+03	1.13801e+03	2.08408e+00	0.00000e+00	0.00000e+00
4.09184e+02	2.77798e+02	2.29855e+03	1.13891e+03	2.08951e+00	0.00000e+00	0.00000e+00
4.13091e+02	2.77909e+02	2.29614e+03	1.13980e+03	2.09493e+00	0.00000e+00	0.00000e+00
4.16998e+02	2.78020e+02	2.29373e+03	1.14069e+03	2.10033e+00	0.00000e+00	0.00000e+00
4.20904e+02	2.78131e+02	2.29133e+03	1.14157e+03	2.10572e+00	0.00000e+00	0.00000e+00
4.24811e+02	2.78243e+02	2.28893e+03	1.14245e+03	2.11109e+00	0.00000e+00	0.00000e+00
4.28718e+02	2.78355e+02	2.28653e+03	1.14332e+03	2.11646e+00	0.00000e+00	0.00000e+00
4.32625e+02	2.78467e+02	2.28413e+03	1.14419e+03	2.12180e+00	0.00000e+00	0.00000e+00
4.36532e+02	2.78579e+02	2.28174e+03	1.14506e+03	2.12714e+00	0.00000e+00	0.00000e+00
4.40438e+02	2.78691e+02	2.27935e+03	1.14592e+03	2.13246e+00	0.00000e+00	0.00000e+00
4.44345e+02	2.78803e+02	2.27696e+03	1.14678e+03	2.13776e+00	0.00000e+00	0.00000e+00
4.48252e+02	2.78915e+02	2.27458e+03	1.14763e+03	2.14306e+00	0.00000e+00	0.00000e+00
4.52159e+02	2.79028e+02	2.27220e+03	1.14848e+03	2.14834e+00	0.00000e+00	0.00000e+00
4.56066e+02	2.79141e+02	2.26982e+03	1.14932e+03	2.15361e+00	0.00000e+00	0.00000e+00
4.59972e+02	2.79253e+02	2.26745e+03	1.15016e+03	2.15886e+00	0.00000e+00	0.00000e+00
4.63879e+02	2.79366e+02	2.26507e+03	1.15100e+03	2.16410e+00	0.00000e+00	0.00000e+00
4.67786e+02	2.79480e+02	2.26271e+03	1.15183e+03	2.16932e+00	0.00000e+00	0.00000e+00
4.71693e+02	2.79593e+02	2.26034e+03	1.15266e+03	2.17453e+00	0.00000e+00	0.00000e+00
4.75599e+02	2.79706e+02	2.25798e+03	1.15348e+03	2.17973e+00	0.00000e+00	0.00000e+00
4.79506e+02	2.79820e+02	2.25562e+03	1.15430e+03	2.18490e+00	0.00000e+00	0.00000e+00
4.83413e+02	2.79933e+02	2.25326e+03	1.15511e+03	2.19006e+00	0.00000e+00	0.00000e+00
4.87320e+02	2.80047e+02	2.25090e+03	1.15593e+03	2.19520e+00	0.00000e+00	0.00000e+00
4.91227e+02	2.80161e+02	2.24855e+03	1.15674e+03	2.20031e+00	0.00000e+00	0.00000e+00
4.95133e+02	2.80275e+02	2.24620e+03	1.15754e+03	2.20540e+00	0.00000e+00	0.00000e+00
4.99040e+02	2.80389e+02	2.24386e+03	1.15834e+03	2.21046e+00	0.00000e+00	0.00000e+00
5.02947e+02	2.80503e+02	2.24151e+03	1.15914e+03	2.21548e+00	0.00000e+00	0.00000e+00
5.06854e+02	2.80617e+02	2.23917e+03	1.15993e+03	2.22047e+00	0.00000e+00	0.00000e+00
5.10761e+02	2.80732e+02	2.23683e+03	1.16072e+03	2.22544e+00	0.00000e+00	0.00000e+00
5.14667e+02	2.80846e+02	2.23450e+03	1.16151e+03	2.23037e+00	0.00000e+00	0.00000e+00
5.18574e+02	2.80961e+02	2.23217e+03	1.16229e+03	2.23527e+00	0.00000e+00	0.00000e+00
5.22481e+02	2.81075e+02	2.22984e+03	1.16307e+03	2.24015e+00	0.00000e+00	0.00000e+00
5.26388e+02	2.81190e+02	2.22751e+03	1.16385e+03	2.24501e+00	0.00000e+00	0.00000e+00
5.30294e+02	2.81305e+02	2.22519e+03	1.16462e+03	2.24986e+00	0.00000e+00	0.00000e+00
5.34201e+02	2.81420e+02	2.22287e+03	1.16539e+03	2.25468e+00	0.00000e+00	0.00000e+00
5.38108e+02	2.81535e+02	2.22055e+03	1.16616e+03	2.25950e+00	0.00000e+00	0.00000e+00
5.42015e+02	2.81650e+02	2.21823e+03	1.16692e+03	2.26430e+00	0.00000e+00	0.00000e+00
5.45922e+02	2.81765e+02	2.21592e+03	1.16768e+03	2.26909e+00	0.00000e+00	0.00000e+00
5.49828e+02	2.81880e+02	2.21361e+03	1.16844e+03	2.27386e+00	0.00000e+00	0.00000e+00
5.53735e+02	2.81996e+02	2.21130e+03	1.16919e+03	2.27863e+00	0.00000e+00	0.00000e+00
5.57642e+02	2.82111e+02	2.20899e+03	1.16994e+03	2.28338e+00	0.00000e+00	0.00000e+00
5.61549e+02	2.82226e+02	2.20669e+03	1.17069e+03	2.28812e+00	0.00000e+00	0.00000e+00
5.65456e+02	2.82342e+02	2.20439e+03	1.17143e+03	2.29285e+00	0.00000e+00	0.00000e+00
5.69362e+02	2.82457e+02	2.20209e+03	1.17217e+03	2.29757e+00	0.00000e+00	0.00000e+00
5.73269e+02	2.82573e+02	2.19980e+03	1.17291e+03	2.30227e+00	0.00000e+00	0.00000e+00
5.77176e+02	2.82689e+02	2.19751e+03	1.17365e+03	2.30696e+00	0.00000e+00	0.00000e+00
5.81083e+02	2.82804e+02	2.19522e+03	1.17438e+03	2.31163e+00	0.00000e+00	0.00000e+00
5.84989e+02	2.82920e+02	2.19293e+03	1.17511e+03	2.31629e+00	0.00000e+00	0.00000e+00
5.88896e+02	2.83036e+02	2.19065e+03	1.17584e+03	2.32093e+00	0.00000e+00	0.00000e+00
5.92803e+02	2.83152e+02	2.18837e+03	1.17656e+03	2.32555e+00	0.00000e+00	0.00000e+00
5.96710e+02	2.83267e+02	2.18609e+03	1.17728e+03	2.33016e+00	0.00000e+00	0.00000e+00
6.00617e+02	2.83383e+02	2.18381e+03	1.17800e+03	2.33474e+00	0.00000e+00	0.00000e+00
6.04523e+02	2.83499e+02	2.18154e+03	1.17871e+03	2.33930e+00	0.00000e+00	0.00000e+00
6.08430e+02	2.83615e+02	2.17927e+03	1.17943e+03	2.34384e+00	0.00000e+00	0.00000e+00
6.12337e+02	2.83731e+02	2.17700e+03	1.18014e+03	2.34837e+00	0.00000e+00	0.00000e+00
6.16244e+02	2.83847e+02	2.17473e+03	1.18084e+03	2.35287e+00	0.00000e+00	0.00000e+00
6.20151e+02	2.83963e+02	2.17247e+03	1.18155e+03	2.35735e+00	0.00000e+00	0.00000e+00
6.24057e+02	2.84079e+02	2.17021e+03	1.18225e+03	2.36182e+00	0.00000e+00	0.00000e+00
6.27964e+02	2.84195e+02	2.16795e+03	1.18295e+03	2.36627e+00	0.00000e+00	0.00000e+00
6.31871e+02	2.84311e+02	2.16570e+03	1.18364e+03	2.37071e+00	0.00000e+00	0.00000e+00
6.35778e+02	2.84427e+02	2.16345e+03	1.18434e+03	2.37514e+00	0.00000e+00	0.00000e+00
6.39684e+02	2.84543e+02	2.16120e+03	1.18503e+03	2.37955e+00	0.00000e+00	0.00000e+00
6.43591e+02	2.84659e+02	2.15895e+03	1.18572e+03	2.38395e+00	0.00000e+00	0.00000e+00
6.47498e+02	2.84775e+02	2.15670e+03	1.18640e+03	2.38833e+00	0.00000e+00	0.00000e+00
6.51405e+02	2.84891e+02	2.15446e+03	1.18709e+03	2.39270e+00	0.00000e+00	0.00000e+00
6.55312e+02	2.85007e+02	2.15222e+03	1.18777e+03	2.39705e+00	0.00000e+00	0.00000e+00
6.59218e+02	2.85123e+02	2.14998e+03	1.18845e+03	2.40139e+00	0.00000e+00	0.00000e+00
6.63125e+02	2.85239e+02	2.14775e+03	1.18912e+03	2.40571e+00	0.00000e+00	0.00000e+00
6.67032e+02	2.85356e+02	2.14552e+03	1.18980e+03	2.41002e+00	0.00000e+00	0.00000e+00
6.70939e+02	2.85472e+02	2.14329e+03	1.19047e+03	2.41431e+00	0.00000e+00	0.00000e+00
6.74846e+02	2.85588e+02	2.14106e+03	1.19114e+03	2.41860e+00	0.00000e+00	0.00000e+00
6.78752e+02	2.85704e+02	2.13883e+03	1.19180e+03	2.42288e+00	0.00000e+00	0.00000e+00
6.82659e+02	2.85820e+02	2.13661e+03	1.19247e+03	2.42714e+00	0.00000e+00	0.00000e+00
6.86566e+02	2.85936e+02	2.13439e+03	1.19313e+03	2.43141e+00	0.00000e+00	0.00000e+00
6.90473e+02	2.86053e+02	2.13217e+03	1.19379e+03	2.43568e+00	0.00000e+00	0.00000e+00
6.94379e+02	2.86169e+02	2.12996e+03	1.19445e+03	2.43995e+00	0.00000e+00	0.00000e+00
6.98286e+02	2.86285e+02	2.12775e+03	1.19510e+03	2.44422e+00	0.00000e+00	0.00000e+00
7.02193e+02	2.86401e+02	2.12554e+03	1.19576e+03	2.44850e+00	0.00000e+00	0.00000e+00
7.06100e+02	2.86517e+02	2.12333e+03	1.19641e+03	2.45278e+00	0.00000e+00	0.00000e+00
7.10007e+02	2.86633e+02	2.12112e+03	1.19706e+03	2.45706e+00	0.00000e+00	0.00000e+00
7.13913e+02	2.86749e+02	2.11892e+03	1.19770e+03	2.46133e+00	0.00000e+00	0.00000e+00
7.17820e+02	2.86866e+02	2.11672e+03	1.19835e+03	2.46559e+00	0.00000e+00	0.00000e+00
7.21727e+02	2.86982e+02	2.11452e+03	1.19899e+03	2.46985e+00	0.00000e+00	0.00000e+00
7.25634e+02	2.87098e+02	2.11233e+03	1.19963e+03	2.47410e+00	0.00000e+00	0.00000e+00
7.29541e+02	2.87214e+02	2.11014e+03	1.20027e+03	2.47835e+00	0.00000e+00	0.00000e+00
7.33447e+02	2.87330e+02	2.10795e+03	1.20090e+03	2.48259e+00	0.00000e+00	0.00000e+00
7.37354e+02	2.87446e+02	2.10576e+03	1.20153e+03	2.48682e+00	0.00000e+00	0.00000e+00
7.41261e+02	2.87562e+02	2.10357e+03	1.20216e+03	2.49104e+00	0.00000e+00	0.00000e+00
7.45168e+02	2.87678e+02	2.10139e+03	1.20279e+03	2.49526e+00	0.00000e+00	0.00000e+00
7.49074e+02	2.87794e+02	2.09921e+03	3.52626e+03	4.57337e+00	2.60233e+00	1.75144e+13
8.78821e+02	3.32130e+02	2.07451e+03	3.52626e+03	4.56977e+00	2.59786e+00	3.70425e+11
1.00524e+03	3.75940e+02	2.04982e+03	3.52653e+03	7.98945e+00	4.53769e+00	1.99132e+10
1.12829e+03	4.19227e+02	2.02512e+03	3.52654e+03	7.98078e+00	4.52862e+00	2.00905e+09
1.24793e+03	4.61988e+02	2.00042e+03	3.52632e+03	7.97133e+00	4.51917e+00	3.16254e+08
1.36409e+03	5.04225e+02	1.97573e+03	3.52594e+03	7.96127e+00	4.50944e+00	6.89684e+07
1.47673e+03	5.45937e+02	1.95103e+03	3.52540e+03	7.95069e+00	4.49951e+00	1.92352e+07
1.58577e+03	5.87125e+02	1.92633e+03	3.52475e+03	7.93970e+00	4.48943e+00	6.48849e+06
1.69118e+03	6.27788e+02	1.90164e+03	3.52398e+03	7.92833e+00	4.47923e+00	2.54316e+06
1.79287e+03	6.67926e+02	1.87694e+03	3.52311e+03	7.91664e+00	4.46894e+00	1.12445e+06
1.89081e+03	7.07540e+02	1.85225e+03	3.52214e+03	7.90466e+00	4.45859e+00	5.48490e+05
1.98491e+03	7.46628e+02	1.82755e+03	3.52108e+03	7.89240e+00	4.44819e+00	2.90150e+05
2.07511e+03	7.85192e+02	1.80285e+03	3.51993e+03	7.87987e+00	4.43775e+00	1.64248e+05
2.16135e+03	8.23232e+02	1.77816e+03	3.51870e+03	7.86711e+00	4.42729e+00	9.84470e+04
2.24355e+03	8.60747e+02	1.75346e+03	3.51738e+03	7.85409e+00	4.41680e+00	6.19497e+04
2.32162e+03	8.97737e+02	1.72876e+03	3.51597e+03	7.84084e+00	4.40629e+00	4.06457e+04
2.39550e+03	9.34202e+02	1.70407e+03	3.51448e+03	7.82734e+00	4.39578e+00	2.76482e+04
2.46508e+03	9.70143e+02	1.67937e+03	3.51291e+03	7.81359e+00	4.38525e+00	1.94070e+04
2.53029e+03	1.00556e+03	1.65467e+03	3.51124e+03	7.79958e+00	4.37472e+00	1.40018e+04
2.59103e+03	1.04045e+03	1.62998e+03	3.50948e+03	7.78532e+00	4.36417e+00	1.03493e+04
2.64718e+03	1.07482e+03	1.60528e+03	3.50762e+03	7.77078e+00	4.35362e+00	7.81469e+03
2.69866e+03	1.10866e+03	1.58058e+03	3.50567e+03	7.75596e+00	4.34306e+00	6.01379e+03
2.74534e+03	1.14198e+03	1.55589e+03	3.50362e+03	7.74084e+00	4.33249e+00	4.70674e+03
2.78710e+03	1.17477e+03	1.53119e+03	3.50146e+03	7.72540e+00	4.32189e+00	3.73979e+03
2.82382e+03	1.20704e+03	1.50649e+03	3.49920e+03	7.70964e+00	4.31129e+00	3.01197e+03
2.85536e+03	1.23878e+03	1.48180e+03	3.49682e+03	7.69352e+00	4.30066e+00	2.45546e+03
2.88157e+03	1.27000e+03	1.45710e+03	3.49432e+03	7.67705e+00	4.29001e+00	2.02381e+03
2.90231e+03	1.30069e+03	1.43240e+03	3.49170e+03	7.66017e+00	4.27932e+00	1.68459e+03
2.91740e+03	1.33086e+03	1.40771e+03	3.48895e+03	7.64287e+00	4.26859e+00	1.41478e+03
2.92667e+03	1.36051e+03	1.38301e+03	3.48606e+03	7.62513e+00	4.25782e+00	1.19778e+03
2.92994e+03	1.38963e+03	1.35831e+03	3.48303e+03	7.60691e+00	4.24701e+00	1.02146e+03
2.92699e+03	1.41822e+03	1.33362e+03	3.47985e+03	7.58817e+00	4.23612e+00	8.76827e+02
2.91763e+03	1.44629e+03	1.30892e+03	3.47650e+03	7.56887e+00	4.22517e+00	7.57136e+02
2.90161e+03	1.47384e+03	1.28422e+03	3.47299e+03	7.54899e+00	4.21414e+00	6.57264e+02
2.87870e+03	1.50086e+03	1.25953e+03	3.46929e+03	7.52847e+00	4.20301e+00	5.73285e+02
2.84862e+03	1.52736e+03	1.23483e+03	3.46540e+03	7.50726e+00	4.19178e+00	5.02159e+02
2.81108e+03	1.55333e+03	1.21013e+03	3.46131e+03	7.28103e+00	4.04803e+00	4.41505e+02
2.76579e+03	1.57877e+03	1.18544e+03	3.37349e+03	7.26014e+00	4.03705e+00	3.89451e+02
2.71368e+03	1.60370e+03	1.16074e+03	3.36894e+03	7.23855e+00	4.02595e+00	3.44679e+02
2.65348e+03	1.62809e+03	1.13604e+03	3.36417e+03	7.21609e+00	4.01466e+00	3.05822e+02
2.58479e+03	1.65197e+03	1.11135e+03	3.35912e+03	7.19269e+00	4.00318e+00	2.71913e+02
2.50721e+03	1.67532e+03	1.08665e+03	3.35380e+03	7.16824e+00	3.99146e+00	2.42167e+02
2.42030e+03	1.69814e+03	1.06195e+03	3.34816e+03	7.14266e+00	3.97949e+00	2.15944e+02
2.32358e+03	1.72044e+03	1.03726e+03	3.34218e+03	7.11584e+00	3.96723e+00	1.92719e+02
2.21652e+03	1.74221e+03	1.01256e+03	3.33584e+03	7.08765e+00	3.95465e+00	1.72058e+02
2.09854e+03	1.76346e+03	9.87864e+02	3.32911e+03	7.05794e+00	3.94170e+00	1.53603e+02
1.96901e+03	1.78419e+03	9.63167e+02	3.32194e+03	7.02656e+00	3.92835e+00	1.37054e+02
1.82725e+03	1.80439e+03	9.38471e+02	3.31431e+03	6.96586e+00	3.90289e+00	1.22163e+02
1.67250e+03	1.82406e+03	9.13774e+02	3.30066e+03	6.92178e+00	3.88517e+00	1.08719e+02
1.50419e+03	1.84321e+03	8.89078e+02	3.29026e+03	6.88324e+00	3.87028e+00	9.65599e+01
1.32125e+03	1.86184e+03	8.64381e+02	3.28083e+03	6.84193e+00	3.85472e+00	8.55288e+01
1.12258e+03	1.87994e+03	8.39684e+02	3.27068e+03	6.75279e+00	3.80638e+00	7.54998e+01
9.07048e+02	1.89752e+03	8.14988e+02	3.24264e+03	6.70332e+00	3.78907e+00	6.63699e+01
6.74631e+02	1.91457e+03	7.90291e+02	3.23076e+03	6.64955e+00	3.77078e+00	5.80809e+01
4.22839e+02	1.93110e+03	7.65595e+02	3.21787e+03	6.59045e+00	3.75129e+00	5.05293e+01
1.50121e+02	1.94710e+03	7.40898e+02	3.20377e+03	6.52480e+00	3.73038e+00	4.36559e+01
-1.45256e+02	1.96258e+03	7.16201e+02	3.18824e+03	6.59738e+00	3.73453e+00	3.74121e+01
-4.65229e+02	1.97753e+03	6.91505e+02	3.19136e+03	6.70962e+00	3.75791e+00	3.17583e+01
-8.14193e+02	1.99196e+03	6.66808e+02	3.20802e+03	6.52817e+00	3.71685e+00	2.66370e+01
-1.19688e+03	2.00587e+03	6.42112e+02	3.17595e+03	6.19416e+00	3.63151e+00	2.20116e+01
-1.61085e+03	2.01924e+03	6.17415e+02	3.11079e+03	6.09674e+00	3.60314e+00	1.79217e+01
-2.05468e+03	2.03210e+03	5.92718e+02	3.08775e+03	5.99381e+00	3.57338e+00	1.43714e+01
-2.53782e+03	2.04443e+03	5.68022e+02	3.06331e+03	5.88344e+00	3.54175e+00	1.12882e+01
-3.06477e+03	2.05623e+03	5.43325e+02	3.03701e+03	5.76472e+00	3.50799e+00	8.65284e+00
-3.64074e+03	2.06752e+03	5.18629e+02	3.00863e+03	5.63659e+00	3.47182e+00	6.44431e+00
-4.27187e+03	2.07827e+03	4.93932e+02	2.97789e+03	5.49782e+00	3.43291e+00	4.63806e+00
-4.96540e+03	2.08850e+03	4.69235e+02	2.94451e+03	5.34694e+00	3.39087e+00	3.20448e+00
-5.72996e+03	2.09821e+03	4.44539e+02	2.90811e+03	5.18219e+00	3.34524e+00	2.10798e+00
-6.57593e+03	2.10739e+03	4.19842e+02	2.86827e+03	5.00147e+00	3.29544e+00	1.30671e+00
-7.51588e+03	2.11605e+03	3.95146e+02	2.82446e+03	4.80224e+00	3.24082e+00	7.53366e-01
-8.56519e+03	2.12418e+03	3.70449e+02	2.77607e+03	4.58138e+00	3.18053e+00	3.97234e-01
-9.74291e+03	2.13179e+03	3.45752e+02	2.72233e+03	4.33503e+00	3.11355e+00	1.87410e-01
-1.10729e+04	2.13887e+03	3.21056e+02	2.66229e+03	4.05836e+00	3.03859e+00	7.68562e-02
-1.25853e+04	2.14543e+03	2.96359e+02	2.59475e+03	3.74524e+00	2.95403e+00	2.63523e-02
-1.43190e+04	2.15146e+03	2.71663e+02	2.51822e+03	3.38780e+00	2.85775e+00	7.16271e-03
-1.63252e+04	2.15697e+03	2.46966e+02	2.43076e+03	2.97569e+00	2.74702e+00	1.43247e-03
-1.86718e+04	2.16196e+03	2.22269e+02	2.32983e+03	2.49512e+00	2.61816e+00	1.89417e-04
-2.14517e+04	2.16642e+03	1.97573e+02	2.21203e+03	1.92726e+00	2.46614e+00	1.41447e-05
-2.47952e+04	2.17035e+03	1.72876e+02	2.07274e+03	1.24574e+00	2.28396e+00	4.69055e-07
-2.88899e+04	2.17376e+03	1.48180e+02	1.90547e+03	4.12523e-01	2.06149e+00	4.72051e-09
-3.40158e+04	2.17665e+03	1.23483e+02	1.70088e+03	-6.29147e-01	1.78360e+00	7.67388e-12
-4.06066e+04	2.17901e+03	9.87864e+01	1.44501e+03	-1.96714e+00	1.42691e+00	6.70293e-16
-4.93571e+04	2.18085e+03	7.40898e+01	1.11626e+03	-3.74226e+00	9.53930e-01	4.11662e-22
-6.13755e+04	2.18216e+03	4.93932e+01	6.80012e+02	-6.17907e+00	3.04859e-01	3.56121e-32
-7.78495e+04	2.18295e+03	2.46966e+01	8.10738e+01	-9.51825e+00	-5.84387e-01	7.53188e-49
-8.57059e+04	NaN	0.00000e+00	-7.39726e+02	NaN	NaN	NaN
-8.57059e+04	NaN	0.00000e+00	NaN	NaN	NaN	1.00000e+04
NaN	NaN	0.00000e+00	NaN	NaN	NaN	1.00000e+04
NaN	NaN	0.00000e+00	NaN	NaN	NaN	1.00000e+04
NaN	NaN	0.00000e+00	NaN	NaN	NaN	1.00000e+04
NaN	NaN	0.00000e+00	NaN	NaN	NaN	1.00000e+04
NaN	NaN	0.00000e+00	NaN	NaN	NaN	1.00000e+04
NaN	NaN	0.00000e+00	NaN	NaN	NaN	1.00000e+04
NaN	NaN	0.00000e+00	NaN	NaN	NaN	1.00000e+04
NaN	NaN	0.00000e+00	NaN	NaN	NaN	1.00000e+04
NaN	NaN	0.00000e+00	NaN	NaN	NaN	1.00000e+04
