P (MPa)		T (K)		r (km)		rho (kg m-3)	VP (km s-1)	VS (km s-1)	QS/gamma	
0.00000e+00	9.40000e+01	2.57470e+03	9.32597e+02	3.87821e+00	1.96165e+00	1.36549e+05
1.89957e+00	1.10121e+02	2.57320e+03	9.32597e+02	3.88059e+00	1.96315e+00	2.22161e+04
3.79914e+00	1.29006e+02	2.57169e+03	9.32777e+02	3.88352e+00	1.96493e+00	4.71512e+03
5.69871e+00	1.51130e+02	2.57019e+03	9.32956e+02	3.88731e+00	1.96714e+00	1.25564e+03
7.59828e+00	1.77048e+02	2.56869e+03	9.33134e+02	3.89245e+00	1.97004e+00	4.05842e+02
9.49785e+00	2.07411e+02	2.56719e+03	9.33311e+02	3.89962e+00	1.97397e+00	1.54759e+02
1.13974e+01	2.42981e+02	2.56569e+03	9.33488e+02	3.90953e+00	1.97927e+00	6.79591e+01
1.32970e+01	2.43011e+02	2.56419e+03	9.33664e+02	3.91069e+00	1.98016e+00	6.79188e+01
1.51966e+01	2.43042e+02	2.56269e+03	9.33839e+02	3.91185e+00	1.98104e+00	6.78782e+01
1.70961e+01	2.43072e+02	2.56119e+03	9.34013e+02	3.91301e+00	1.98192e+00	6.78372e+01
1.89957e+01	2.43103e+02	2.55969e+03	9.34186e+02	3.91416e+00	1.98280e+00	6.77959e+01
2.08953e+01	2.43134e+02	2.55819e+03	9.34358e+02	3.91531e+00	1.98368e+00	6.77542e+01
2.27948e+01	2.43166e+02	2.55670e+03	9.34529e+02	3.91645e+00	1.98455e+00	6.77121e+01
2.46944e+01	2.43198e+02	2.55520e+03	9.34699e+02	3.91759e+00	1.98542e+00	6.76696e+01
2.65940e+01	2.43230e+02	2.55371e+03	9.34867e+02	3.91872e+00	1.98629e+00	6.76268e+01
2.84935e+01	2.43262e+02	2.55221e+03	9.35035e+02	3.91985e+00	1.98715e+00	6.75836e+01
3.03931e+01	2.43295e+02	2.55072e+03	9.35201e+02	3.92098e+00	1.98801e+00	6.75400e+01
3.22927e+01	2.43328e+02	2.54923e+03	9.35366e+02	3.92210e+00	1.98887e+00	6.74961e+01
3.41922e+01	2.43361e+02	2.54773e+03	9.35529e+02	3.92322e+00	1.98973e+00	6.74517e+01
3.60918e+01	2.43395e+02	2.54624e+03	9.35691e+02	3.92433e+00	1.99059e+00	6.74070e+01
3.79914e+01	2.43429e+02	2.54475e+03	9.35852e+02	3.92544e+00	1.99144e+00	6.73618e+01
3.98910e+01	2.43463e+02	2.54326e+03	9.36011e+02	3.92655e+00	1.99229e+00	6.73163e+01
4.17905e+01	2.43498e+02	2.54177e+03	9.36168e+02	3.92765e+00	1.99314e+00	6.72704e+01
4.36901e+01	2.43533e+02	2.54029e+03	9.36324e+02	3.92875e+00	1.99399e+00	6.72241e+01
4.55897e+01	2.43568e+02	2.53880e+03	9.36478e+02	3.92985e+00	1.99483e+00	6.71773e+01
4.74892e+01	2.43604e+02	2.53731e+03	9.36631e+02	3.93094e+00	1.99568e+00	6.71302e+01
4.93888e+01	2.43640e+02	2.53583e+03	9.36781e+02	3.93203e+00	1.99652e+00	6.70827e+01
5.12884e+01	2.43677e+02	2.53434e+03	9.36930e+02	3.93311e+00	1.99735e+00	6.70347e+01
5.31879e+01	2.43713e+02	2.53286e+03	9.37077e+02	3.93419e+00	1.99819e+00	6.69863e+01
5.50875e+01	2.43751e+02	2.53137e+03	9.37222e+02	3.93527e+00	1.99902e+00	6.69375e+01
5.69871e+01	2.43788e+02	2.52989e+03	9.37364e+02	3.93635e+00	1.99986e+00	6.68883e+01
5.88866e+01	2.43826e+02	2.52841e+03	9.37505e+02	3.93742e+00	2.00069e+00	6.68387e+01
6.07862e+01	2.43864e+02	2.52692e+03	9.37643e+02	3.93848e+00	2.00152e+00	6.67886e+01
6.26858e+01	2.43903e+02	2.52544e+03	9.37780e+02	3.93955e+00	2.00234e+00	6.67381e+01
6.45854e+01	2.43942e+02	2.52396e+03	9.37913e+02	3.94061e+00	2.00317e+00	6.66872e+01
6.64849e+01	2.43981e+02	2.52248e+03	9.38045e+02	3.94167e+00	2.00399e+00	6.66358e+01
6.83845e+01	2.44021e+02	2.52100e+03	9.38174e+02	3.94272e+00	2.00481e+00	6.65839e+01
7.02841e+01	2.44061e+02	2.51952e+03	9.38301e+02	3.94378e+00	2.00563e+00	6.65317e+01
7.21836e+01	2.44101e+02	2.51805e+03	9.38425e+02	3.94483e+00	2.00645e+00	6.64790e+01
7.40832e+01	2.44142e+02	2.51657e+03	9.38546e+02	3.94587e+00	2.00726e+00	6.64258e+01
7.59828e+01	2.44184e+02	2.51509e+03	9.38664e+02	3.94692e+00	2.00808e+00	6.63722e+01
7.78823e+01	2.44225e+02	2.51362e+03	9.38780e+02	3.94796e+00	2.00889e+00	6.63181e+01
7.97819e+01	2.44267e+02	2.51214e+03	9.38893e+02	3.94899e+00	2.00970e+00	6.62635e+01
8.16815e+01	2.44310e+02	2.51067e+03	9.39003e+02	3.95003e+00	2.01051e+00	6.62085e+01
8.35810e+01	2.44353e+02	2.50919e+03	9.39110e+02	3.95106e+00	2.01131e+00	6.61530e+01
8.54806e+01	2.44396e+02	2.50772e+03	9.39214e+02	3.95209e+00	2.01212e+00	6.60971e+01
8.73802e+01	2.44440e+02	2.50625e+03	9.39314e+02	3.95312e+00	2.01292e+00	6.60406e+01
8.92798e+01	2.44484e+02	2.50478e+03	9.39412e+02	3.95414e+00	2.01373e+00	6.59837e+01
9.11793e+01	2.44529e+02	2.50330e+03	9.39505e+02	3.95517e+00	2.01453e+00	6.59263e+01
9.30789e+01	2.44574e+02	2.50183e+03	9.39596e+02	3.95619e+00	2.01533e+00	6.58684e+01
9.49785e+01	2.44619e+02	2.50036e+03	9.39683e+02	3.95720e+00	2.01612e+00	6.58101e+01
9.68780e+01	2.44665e+02	2.49890e+03	9.39766e+02	3.95822e+00	2.01692e+00	6.57512e+01
9.87776e+01	2.44712e+02	2.49743e+03	9.39846e+02	3.95923e+00	2.01772e+00	6.56918e+01
1.00677e+02	2.44758e+02	2.49596e+03	9.39922e+02	3.96024e+00	2.01851e+00	6.56320e+01
1.02577e+02	2.44806e+02	2.49449e+03	9.39994e+02	3.96125e+00	2.01930e+00	6.55716e+01
1.04476e+02	2.44853e+02	2.49302e+03	9.40062e+02	3.96225e+00	2.02009e+00	6.55107e+01
1.06376e+02	2.44902e+02	2.49156e+03	9.40126e+02	3.96326e+00	2.02088e+00	6.54493e+01
1.08275e+02	2.44950e+02	2.49009e+03	9.40186e+02	3.96426e+00	2.02167e+00	6.53874e+01
1.10175e+02	2.45000e+02	2.48863e+03	9.40242e+02	3.96526e+00	2.02245e+00	6.53250e+01
1.12075e+02	2.45049e+02	2.48716e+03	9.40293e+02	3.96625e+00	2.02324e+00	6.52620e+01
1.13974e+02	2.45099e+02	2.48570e+03	9.40340e+02	3.96725e+00	2.02402e+00	6.51986e+01
1.15874e+02	2.45150e+02	2.48424e+03	9.40382e+02	3.96824e+00	2.02481e+00	6.51346e+01
1.17773e+02	2.45201e+02	2.48277e+03	9.40420e+02	3.96923e+00	2.02559e+00	6.50700e+01
1.19673e+02	2.45253e+02	2.48131e+03	9.40453e+02	3.97022e+00	2.02637e+00	6.50050e+01
1.21572e+02	2.45305e+02	2.47985e+03	9.40481e+02	3.97121e+00	2.02715e+00	6.49393e+01
1.23472e+02	2.45357e+02	2.47839e+03	9.40505e+02	3.97219e+00	2.02792e+00	6.48732e+01
1.25372e+02	2.45410e+02	2.47693e+03	9.40523e+02	3.97317e+00	2.02870e+00	6.48065e+01
1.27271e+02	2.45464e+02	2.47547e+03	9.40536e+02	3.97415e+00	2.02948e+00	6.47392e+01
1.29171e+02	2.45518e+02	2.47401e+03	9.40544e+02	3.97513e+00	2.03025e+00	6.46714e+01
1.31070e+02	2.45573e+02	2.47255e+03	9.40547e+02	3.97611e+00	2.03102e+00	6.46030e+01
1.32970e+02	2.45628e+02	2.47109e+03	9.40544e+02	3.97708e+00	2.03179e+00	6.45341e+01
1.34869e+02	2.45684e+02	2.46963e+03	9.40535e+02	3.97806e+00	2.03256e+00	6.44646e+01
1.36769e+02	2.45740e+02	2.46817e+03	9.40521e+02	3.97903e+00	2.03333e+00	6.43945e+01
1.38669e+02	2.45797e+02	2.46672e+03	9.40502e+02	3.98000e+00	2.03410e+00	6.43239e+01
1.40568e+02	2.45855e+02	2.46526e+03	9.40476e+02	3.98097e+00	2.03487e+00	6.42527e+01
1.42468e+02	2.45913e+02	2.46380e+03	9.40445e+02	3.98193e+00	2.03563e+00	6.41808e+01
1.44367e+02	2.45971e+02	2.46235e+03	9.40408e+02	3.98290e+00	2.03640e+00	6.41085e+01
1.46267e+02	2.46030e+02	2.46089e+03	9.40364e+02	3.98386e+00	2.03716e+00	6.40355e+01
1.48166e+02	2.46090e+02	2.45944e+03	9.40315e+02	3.98482e+00	2.03793e+00	6.39619e+01
1.50066e+02	2.46150e+02	2.45799e+03	9.40259e+02	3.98578e+00	2.03869e+00	6.38877e+01
1.51966e+02	2.46211e+02	2.45653e+03	9.40197e+02	3.98674e+00	2.03945e+00	6.38129e+01
1.53865e+02	2.46273e+02	2.45508e+03	9.40128e+02	3.98769e+00	2.04021e+00	6.37376e+01
1.55765e+02	2.46335e+02	2.45363e+03	9.40053e+02	3.98865e+00	2.04097e+00	6.36616e+01
1.57664e+02	2.46397e+02	2.45217e+03	9.39972e+02	3.98960e+00	2.04172e+00	6.35850e+01
1.59564e+02	2.46461e+02	2.45072e+03	9.39884e+02	3.99055e+00	2.04248e+00	6.35078e+01
1.61463e+02	2.46524e+02	2.44927e+03	9.39789e+02	3.99150e+00	2.04324e+00	6.34299e+01
1.63363e+02	2.46589e+02	2.44782e+03	9.39688e+02	3.99245e+00	2.04399e+00	6.33515e+01
1.65263e+02	2.46654e+02	2.44637e+03	9.39580e+02	3.99339e+00	2.04474e+00	6.32724e+01
1.67162e+02	2.46720e+02	2.44492e+03	9.39465e+02	3.99434e+00	2.04550e+00	6.31927e+01
1.69062e+02	2.46786e+02	2.44347e+03	9.39343e+02	3.99528e+00	2.04625e+00	6.31123e+01
1.70961e+02	2.46853e+02	2.44202e+03	9.39215e+02	3.99622e+00	2.04700e+00	6.30313e+01
1.72861e+02	2.46921e+02	2.44057e+03	9.39079e+02	3.99716e+00	2.04775e+00	6.29497e+01
1.74760e+02	2.46990e+02	2.43912e+03	9.38937e+02	3.99810e+00	2.04850e+00	6.28674e+01
1.76660e+02	2.47059e+02	2.43767e+03	9.38789e+02	3.99904e+00	2.04925e+00	6.27845e+01
1.78560e+02	2.47128e+02	2.43622e+03	9.38633e+02	3.99997e+00	2.04999e+00	6.27009e+01
1.80459e+02	2.47199e+02	2.43477e+03	9.38471e+02	4.00091e+00	2.05074e+00	6.26167e+01
1.82359e+02	2.47270e+02	2.43332e+03	9.38302e+02	4.00184e+00	2.05148e+00	6.25318e+01
1.84258e+02	2.47342e+02	2.43188e+03	9.38126e+02	4.00277e+00	2.05223e+00	6.24462e+01
1.86158e+02	2.47414e+02	2.43043e+03	9.37945e+02	4.00370e+00	2.05297e+00	6.23599e+01
1.88057e+02	2.50000e+02	2.42898e+03	9.37756e+02	4.00533e+00	2.05407e+00	5.93933e+01
1.91639e+02	2.50013e+02	2.42659e+03	1.06836e+03	1.78404e+00	0.00000e+00	0.00000e+00
1.95222e+02	2.50026e+02	2.42419e+03	1.06948e+03	1.79101e+00	0.00000e+00	0.00000e+00
1.98804e+02	2.50039e+02	2.42181e+03	1.07060e+03	1.79793e+00	0.00000e+00	0.00000e+00
2.02386e+02	2.50053e+02	2.41942e+03	1.07170e+03	1.80481e+00	0.00000e+00	0.00000e+00
2.05968e+02	2.50067e+02	2.41704e+03	1.07279e+03	1.81165e+00	0.00000e+00	0.00000e+00
2.09550e+02	2.50082e+02	2.41466e+03	1.07388e+03	1.81845e+00	0.00000e+00	0.00000e+00
2.13132e+02	2.50097e+02	2.41229e+03	1.07496e+03	1.82520e+00	0.00000e+00	0.00000e+00
2.16714e+02	2.50113e+02	2.40992e+03	1.07603e+03	1.83191e+00	0.00000e+00	0.00000e+00
2.20296e+02	2.50129e+02	2.40755e+03	1.07710e+03	1.83858e+00	0.00000e+00	0.00000e+00
2.23878e+02	2.50145e+02	2.40519e+03	1.07815e+03	1.84520e+00	0.00000e+00	0.00000e+00
2.27460e+02	2.50162e+02	2.40283e+03	1.07920e+03	1.85179e+00	0.00000e+00	0.00000e+00
2.31042e+02	2.50179e+02	2.40047e+03	1.08024e+03	1.85834e+00	0.00000e+00	0.00000e+00
2.34625e+02	2.50197e+02	2.39812e+03	1.08127e+03	1.86484e+00	0.00000e+00	0.00000e+00
2.38207e+02	2.50215e+02	2.39577e+03	1.08230e+03	1.87131e+00	0.00000e+00	0.00000e+00
2.41789e+02	2.50233e+02	2.39342e+03	1.08332e+03	1.87774e+00	0.00000e+00	0.00000e+00
2.45371e+02	2.50252e+02	2.39107e+03	1.08433e+03	1.88412e+00	0.00000e+00	0.00000e+00
2.48953e+02	2.50271e+02	2.38873e+03	1.08534e+03	1.89047e+00	0.00000e+00	0.00000e+00
2.52535e+02	2.50290e+02	2.38640e+03	1.08634e+03	1.89678e+00	0.00000e+00	0.00000e+00
2.56117e+02	2.50309e+02	2.38406e+03	1.08733e+03	1.90306e+00	0.00000e+00	0.00000e+00
2.59699e+02	2.50329e+02	2.38173e+03	1.08832e+03	1.90929e+00	0.00000e+00	0.00000e+00
2.63281e+02	2.50350e+02	2.37940e+03	1.08930e+03	1.91549e+00	0.00000e+00	0.00000e+00
2.66863e+02	2.50370e+02	2.37708e+03	1.09027e+03	1.92166e+00	0.00000e+00	0.00000e+00
2.70446e+02	2.50391e+02	2.37475e+03	1.09124e+03	1.92778e+00	0.00000e+00	0.00000e+00
2.74028e+02	2.50413e+02	2.37244e+03	1.09220e+03	1.93387e+00	0.00000e+00	0.00000e+00
2.77610e+02	2.50434e+02	2.37012e+03	1.09315e+03	1.93993e+00	0.00000e+00	0.00000e+00
2.81192e+02	2.50456e+02	2.36781e+03	1.09410e+03	1.94595e+00	0.00000e+00	0.00000e+00
2.84774e+02	2.50478e+02	2.36550e+03	1.09504e+03	1.95194e+00	0.00000e+00	0.00000e+00
2.88356e+02	2.50501e+02	2.36319e+03	1.09598e+03	1.95789e+00	0.00000e+00	0.00000e+00
2.91938e+02	2.50523e+02	2.36089e+03	1.09691e+03	1.96381e+00	0.00000e+00	0.00000e+00
2.95520e+02	2.50547e+02	2.35859e+03	1.09784e+03	1.96970e+00	0.00000e+00	0.00000e+00
2.99102e+02	2.50570e+02	2.35629e+03	1.09876e+03	1.97556e+00	0.00000e+00	0.00000e+00
3.02684e+02	2.50594e+02	2.35399e+03	1.09967e+03	1.98138e+00	0.00000e+00	0.00000e+00
3.06266e+02	2.50618e+02	2.35170e+03	1.10058e+03	1.98717e+00	0.00000e+00	0.00000e+00
3.09849e+02	2.50642e+02	2.34941e+03	1.10149e+03	1.99293e+00	0.00000e+00	0.00000e+00
3.13431e+02	2.50666e+02	2.34713e+03	1.10239e+03	1.99866e+00	0.00000e+00	0.00000e+00
3.17013e+02	2.50691e+02	2.34484e+03	1.10328e+03	2.00436e+00	0.00000e+00	0.00000e+00
3.20595e+02	2.50716e+02	2.34256e+03	1.10417e+03	2.01003e+00	0.00000e+00	0.00000e+00
3.24177e+02	2.50742e+02	2.34029e+03	1.10505e+03	2.01567e+00	0.00000e+00	0.00000e+00
3.27759e+02	2.50767e+02	2.33801e+03	1.10593e+03	2.02128e+00	0.00000e+00	0.00000e+00
3.31341e+02	2.50793e+02	2.33574e+03	1.10681e+03	2.02686e+00	0.00000e+00	0.00000e+00
3.34923e+02	2.50820e+02	2.33347e+03	1.10768e+03	2.03241e+00	0.00000e+00	0.00000e+00
3.38505e+02	2.50846e+02	2.33121e+03	1.10854e+03	2.03794e+00	0.00000e+00	0.00000e+00
3.42087e+02	2.51020e+02	2.32917e+03	1.23271e+03	4.17165e+00	2.20765e+00	1.23988e+02
3.45670e+02	2.51267e+02	2.32713e+03	1.23331e+03	4.17273e+00	2.20770e+00	1.23988e+02
3.49252e+02	2.51515e+02	2.32510e+03	1.23391e+03	4.17381e+00	2.20776e+00	1.23988e+02
3.52834e+02	2.51762e+02	2.32307e+03	1.23450e+03	4.17490e+00	2.20782e+00	1.23988e+02
3.56416e+02	2.52023e+02	2.32104e+03	1.23509e+03	4.17598e+00	2.20789e+00	1.23988e+02
3.59998e+02	2.52295e+02	2.31901e+03	1.23567e+03	4.17708e+00	2.20796e+00	1.23988e+02
3.63580e+02	2.52567e+02	2.31698e+03	1.23625e+03	4.17818e+00	2.20803e+00	1.23988e+02
3.67162e+02	2.52839e+02	2.31496e+03	1.23683e+03	4.17928e+00	2.20810e+00	1.23988e+02
3.70744e+02	2.53111e+02	2.31293e+03	1.23741e+03	4.18038e+00	2.20818e+00	1.23988e+02
3.74326e+02	2.53383e+02	2.31091e+03	1.23798e+03	4.18149e+00	2.20826e+00	1.23988e+02
3.77908e+02	2.53655e+02	2.30889e+03	1.23855e+03	4.18261e+00	2.20834e+00	1.23988e+02
3.81490e+02	2.53922e+02	2.30687e+03	1.23912e+03	4.18372e+00	2.20842e+00	1.23988e+02
3.85073e+02	2.54182e+02	2.30485e+03	1.23968e+03	4.18484e+00	2.20851e+00	1.23988e+02
3.88655e+02	2.54443e+02	2.30283e+03	1.24024e+03	4.18597e+00	2.20860e+00	1.23988e+02
3.92237e+02	2.54703e+02	2.30082e+03	1.24080e+03	4.18709e+00	2.20869e+00	1.23988e+02
3.95819e+02	2.54963e+02	2.29880e+03	1.24136e+03	4.18823e+00	2.20878e+00	1.23988e+02
3.99401e+02	2.55224e+02	2.29679e+03	1.24191e+03	4.18936e+00	2.20888e+00	1.23988e+02
4.02983e+02	2.55484e+02	2.29478e+03	1.24246e+03	4.19050e+00	2.20898e+00	1.23988e+02
4.06565e+02	2.55740e+02	2.29277e+03	1.24300e+03	4.19165e+00	2.20908e+00	1.23988e+02
4.10147e+02	2.55989e+02	2.29076e+03	1.24354e+03	4.19279e+00	2.20919e+00	1.23988e+02
4.13729e+02	2.56238e+02	2.28875e+03	1.24408e+03	4.19394e+00	2.20930e+00	1.23988e+02
4.17311e+02	2.56488e+02	2.28675e+03	1.24462e+03	4.19510e+00	2.20941e+00	1.23988e+02
4.20894e+02	2.56737e+02	2.28474e+03	1.24515e+03	4.19626e+00	2.20952e+00	1.23988e+02
4.24476e+02	2.56986e+02	2.28274e+03	1.24568e+03	4.19742e+00	2.20964e+00	1.23988e+02
4.28058e+02	2.57235e+02	2.28074e+03	1.24621e+03	4.19859e+00	2.20975e+00	1.23988e+02
4.31640e+02	2.57481e+02	2.27874e+03	1.24673e+03	4.19976e+00	2.20988e+00	1.23988e+02
4.35222e+02	2.57720e+02	2.27674e+03	1.24725e+03	4.20093e+00	2.21000e+00	1.23988e+02
4.38804e+02	2.57958e+02	2.27475e+03	1.24777e+03	4.20211e+00	2.21012e+00	1.23988e+02
4.42386e+02	2.58197e+02	2.27275e+03	1.24828e+03	4.20330e+00	2.21025e+00	1.23988e+02
4.45968e+02	2.58436e+02	2.27076e+03	1.24880e+03	4.20448e+00	2.21039e+00	1.23988e+02
4.49550e+02	2.58675e+02	2.26877e+03	1.24930e+03	4.20567e+00	2.21052e+00	1.23988e+02
4.53132e+02	2.58913e+02	2.26677e+03	1.24981e+03	4.20687e+00	2.21066e+00	1.23988e+02
4.56714e+02	2.59149e+02	2.26478e+03	1.25031e+03	4.20807e+00	2.21080e+00	1.23988e+02
4.60297e+02	2.59378e+02	2.26280e+03	1.25081e+03	4.20927e+00	2.21094e+00	1.23988e+02
4.63879e+02	2.59607e+02	2.26081e+03	1.25130e+03	4.21048e+00	2.21108e+00	1.23988e+02
4.67461e+02	2.59835e+02	2.25882e+03	1.25180e+03	4.21169e+00	2.21123e+00	1.23988e+02
4.71043e+02	2.60064e+02	2.25684e+03	1.25228e+03	4.21291e+00	2.21138e+00	1.23988e+02
4.74625e+02	2.60293e+02	2.25486e+03	1.25277e+03	4.21413e+00	2.21154e+00	1.23988e+02
4.78207e+02	2.60521e+02	2.25288e+03	1.25325e+03	4.21535e+00	2.21169e+00	1.23988e+02
4.81789e+02	2.60748e+02	2.25090e+03	1.25373e+03	4.21658e+00	2.21185e+00	1.23988e+02
4.85371e+02	2.60967e+02	2.24892e+03	1.25421e+03	4.21781e+00	2.21201e+00	1.23988e+02
4.88953e+02	2.61186e+02	2.24694e+03	1.25468e+03	4.21905e+00	2.21218e+00	1.23988e+02
4.92535e+02	2.61405e+02	2.24497e+03	1.25515e+03	4.22028e+00	2.21234e+00	1.23988e+02
4.96118e+02	2.61625e+02	2.24299e+03	1.25562e+03	4.22153e+00	2.21251e+00	1.23988e+02
4.99700e+02	2.61844e+02	2.24102e+03	1.25608e+03	4.22278e+00	2.21269e+00	1.23988e+02
5.03282e+02	2.62063e+02	2.23905e+03	1.25654e+03	4.22403e+00	2.21286e+00	1.23988e+02
5.06864e+02	2.62281e+02	2.23708e+03	1.25699e+03	4.22529e+00	2.21304e+00	1.23988e+02
5.10446e+02	2.62491e+02	2.23511e+03	1.25745e+03	4.22655e+00	2.21322e+00	1.23988e+02
5.14028e+02	2.62701e+02	2.23314e+03	1.25790e+03	4.22781e+00	2.21340e+00	1.23988e+02
5.17610e+02	2.62911e+02	2.23117e+03	1.25835e+03	4.22908e+00	2.21359e+00	1.23988e+02
5.21192e+02	2.63121e+02	2.22921e+03	1.25879e+03	4.23035e+00	2.21377e+00	1.23988e+02
5.24774e+02	2.63331e+02	2.22725e+03	1.25923e+03	4.23163e+00	2.21396e+00	1.23988e+02
5.28356e+02	2.63541e+02	2.22528e+03	1.25967e+03	4.23291e+00	2.21416e+00	1.23988e+02
5.31938e+02	2.63750e+02	2.22332e+03	1.26010e+03	4.23419e+00	2.21435e+00	1.23988e+02
5.35521e+02	2.63952e+02	2.22136e+03	1.26053e+03	4.23548e+00	2.21455e+00	1.23988e+02
5.39103e+02	2.64153e+02	2.21941e+03	1.26096e+03	4.23677e+00	2.21475e+00	1.23988e+02
5.42685e+02	2.64355e+02	2.21745e+03	1.26139e+03	4.23807e+00	2.21496e+00	1.23988e+02
5.46267e+02	2.64556e+02	2.21549e+03	1.26181e+03	4.23937e+00	2.21516e+00	1.23988e+02
5.49849e+02	2.64757e+02	2.21354e+03	1.26223e+03	4.24068e+00	2.21537e+00	1.23988e+02
5.53431e+02	2.64959e+02	2.21159e+03	1.26264e+03	4.24199e+00	2.21558e+00	1.23988e+02
5.57013e+02	2.65160e+02	2.20963e+03	1.26306e+03	4.24330e+00	2.21580e+00	1.23988e+02
5.60595e+02	2.65353e+02	2.20768e+03	1.26347e+03	4.24461e+00	2.21602e+00	1.23988e+02
5.64177e+02	2.65546e+02	2.20573e+03	1.26387e+03	4.24593e+00	2.21623e+00	1.23988e+02
5.67759e+02	2.65739e+02	2.20379e+03	1.26428e+03	4.24726e+00	2.21646e+00	1.23988e+02
5.71341e+02	2.65932e+02	2.20184e+03	1.26468e+03	4.24859e+00	2.21668e+00	1.23988e+02
5.74924e+02	2.66126e+02	2.19990e+03	1.26507e+03	4.24992e+00	2.21691e+00	1.23988e+02
5.78506e+02	2.66319e+02	2.19795e+03	1.26547e+03	4.25126e+00	2.21714e+00	1.23988e+02
5.82088e+02	2.66512e+02	2.19601e+03	1.26586e+03	4.25260e+00	2.21737e+00	1.23988e+02
5.85670e+02	2.66697e+02	2.19407e+03	1.26625e+03	4.25394e+00	2.21760e+00	1.23988e+02
5.89252e+02	2.66883e+02	2.19213e+03	1.26663e+03	4.25529e+00	2.21784e+00	1.23988e+02
5.92834e+02	2.67068e+02	2.19019e+03	1.26701e+03	4.25664e+00	2.21808e+00	1.23988e+02
5.96416e+02	2.67253e+02	2.18825e+03	1.26739e+03	4.25800e+00	2.21832e+00	1.23988e+02
5.99998e+02	2.67438e+02	2.18632e+03	1.26777e+03	4.25935e+00	2.21857e+00	1.23988e+02
6.03580e+02	2.67623e+02	2.18438e+03	1.26814e+03	4.26072e+00	2.21881e+00	1.23988e+02
6.07162e+02	2.67809e+02	2.18245e+03	1.26851e+03	4.26209e+00	2.21906e+00	1.23988e+02
6.10745e+02	2.67987e+02	2.18051e+03	1.26888e+03	4.26346e+00	2.21931e+00	1.23988e+02
6.14327e+02	2.68165e+02	2.17858e+03	1.26924e+03	4.26483e+00	2.21957e+00	1.23988e+02
6.17909e+02	2.68342e+02	2.17665e+03	1.26960e+03	4.26621e+00	2.21982e+00	1.23988e+02
6.21491e+02	2.68520e+02	2.17472e+03	1.26996e+03	4.26759e+00	2.22008e+00	1.23988e+02
6.25073e+02	2.68698e+02	2.17280e+03	1.27032e+03	4.26898e+00	2.22034e+00	1.23988e+02
6.28655e+02	2.68875e+02	2.17087e+03	1.27067e+03	4.27037e+00	2.22061e+00	1.23988e+02
6.32237e+02	2.69053e+02	2.16895e+03	1.27102e+03	4.27176e+00	2.22087e+00	1.23988e+02
6.35819e+02	2.69380e+02	2.16702e+03	1.27135e+03	4.27317e+00	2.22115e+00	1.23988e+02
6.39401e+02	2.69742e+02	2.16527e+03	1.39468e+03	4.35453e+00	2.22720e+00	1.37239e+02
6.42983e+02	2.70105e+02	2.16352e+03	1.39466e+03	4.35695e+00	2.22895e+00	1.36231e+02
6.46565e+02	2.70467e+02	2.16176e+03	1.39463e+03	4.35938e+00	2.23070e+00	1.35232e+02
6.50148e+02	2.70829e+02	2.16001e+03	1.39461e+03	4.36180e+00	2.23244e+00	1.34244e+02
6.53730e+02	2.71191e+02	2.15826e+03	1.39459e+03	4.36422e+00	2.23419e+00	1.33266e+02
6.57312e+02	2.71553e+02	2.15651e+03	1.39456e+03	4.36664e+00	2.23593e+00	1.32297e+02
6.60894e+02	2.71935e+02	2.15476e+03	1.39454e+03	4.36906e+00	2.23767e+00	1.31285e+02
6.64476e+02	2.72324e+02	2.15301e+03	1.39451e+03	4.37148e+00	2.23941e+00	1.30266e+02
6.68058e+02	2.72712e+02	2.15126e+03	1.39449e+03	4.37390e+00	2.24115e+00	1.29258e+02
6.71640e+02	2.73101e+02	2.14951e+03	1.39446e+03	4.37632e+00	2.24289e+00	1.28260e+02
6.75222e+02	2.73490e+02	2.14776e+03	1.39444e+03	4.37874e+00	2.24463e+00	1.27273e+02
6.78804e+02	2.73879e+02	2.14601e+03	1.39441e+03	4.38115e+00	2.24637e+00	1.26297e+02
6.82386e+02	2.74268e+02	2.14426e+03	1.39438e+03	4.38357e+00	2.24810e+00	1.25330e+02
6.85969e+02	2.74648e+02	2.14251e+03	1.39436e+03	4.38598e+00	2.24983e+00	1.24396e+02
6.89551e+02	2.75023e+02	2.14077e+03	1.39433e+03	4.38839e+00	2.25157e+00	1.23482e+02
6.93133e+02	2.75399e+02	2.13902e+03	1.39431e+03	4.39080e+00	2.25330e+00	1.22577e+02
6.96715e+02	2.75774e+02	2.13727e+03	1.39429e+03	4.39320e+00	2.25503e+00	1.21680e+02
7.00297e+02	2.76150e+02	2.13553e+03	1.39426e+03	4.39561e+00	2.25675e+00	1.20793e+02
7.03879e+02	2.76525e+02	2.13378e+03	1.39424e+03	4.39802e+00	2.25848e+00	1.19915e+02
7.07461e+02	2.76901e+02	2.13203e+03	1.39421e+03	4.40042e+00	2.26021e+00	1.19045e+02
7.11043e+02	2.77269e+02	2.13029e+03	1.39419e+03	4.40282e+00	2.26193e+00	1.18201e+02
7.14625e+02	2.77632e+02	2.12854e+03	1.39416e+03	4.40522e+00	2.26365e+00	1.17376e+02
7.18207e+02	2.77995e+02	2.12680e+03	1.39414e+03	4.40762e+00	2.26538e+00	1.16559e+02
7.21789e+02	2.78359e+02	2.12506e+03	1.39412e+03	4.41002e+00	2.26710e+00	1.15750e+02
7.25372e+02	2.78722e+02	2.12331e+03	1.39409e+03	4.41242e+00	2.26881e+00	1.14948e+02
7.28954e+02	2.79086e+02	2.12157e+03	1.39407e+03	4.41481e+00	2.27053e+00	1.14154e+02
7.32536e+02	2.79449e+02	2.11983e+03	1.39405e+03	4.41721e+00	2.27225e+00	1.13367e+02
7.36118e+02	2.79806e+02	2.11808e+03	1.39402e+03	4.41960e+00	2.27396e+00	1.12601e+02
7.39700e+02	2.80158e+02	2.11634e+03	1.39400e+03	4.42199e+00	2.27568e+00	1.11853e+02
7.43282e+02	2.80511e+02	2.11460e+03	1.39398e+03	4.42438e+00	2.27739e+00	1.11111e+02
7.46864e+02	2.80863e+02	2.11286e+03	1.39395e+03	4.42677e+00	2.27910e+00	1.10376e+02
7.50446e+02	2.81215e+02	2.11112e+03	1.39393e+03	4.42915e+00	2.28081e+00	1.09648e+02
7.54028e+02	2.81568e+02	2.10938e+03	1.39391e+03	4.43154e+00	2.28252e+00	1.08927e+02
7.57610e+02	2.81920e+02	2.10764e+03	1.39388e+03	4.43393e+00	2.28422e+00	1.08212e+02
7.61193e+02	2.82267e+02	2.10590e+03	1.39386e+03	4.43631e+00	2.28593e+00	1.07513e+02
7.64775e+02	2.82609e+02	2.10416e+03	1.39384e+03	4.43869e+00	2.28763e+00	1.06831e+02
7.68357e+02	2.82951e+02	2.10242e+03	1.39382e+03	4.44107e+00	2.28934e+00	1.06155e+02
7.71939e+02	2.83294e+02	2.10068e+03	1.39379e+03	4.44345e+00	2.29104e+00	1.05485e+02
7.75521e+02	2.83636e+02	2.09895e+03	1.39377e+03	4.44583e+00	2.29274e+00	1.04820e+02
7.79103e+02	2.83978e+02	2.09721e+03	3.52736e+03	4.57591e+00	2.60334e+00	2.87875e+13
8.89695e+02	3.22112e+02	2.07602e+03	3.52736e+03	4.57288e+00	2.59955e+00	8.85541e+11
9.97825e+02	3.59859e+02	2.05484e+03	3.52761e+03	7.99617e+00	4.54201e+00	5.80853e+10
1.10347e+03	3.97219e+02	2.03366e+03	3.52764e+03	7.98897e+00	4.53436e+00	6.49537e+09
1.20660e+03	4.34191e+02	2.01247e+03	3.52750e+03	7.98111e+00	4.52638e+00	1.07274e+09
1.30718e+03	4.70777e+02	1.99129e+03	3.52722e+03	7.97271e+00	4.51816e+00	2.37644e+08
1.40517e+03	5.06975e+02	1.97011e+03	3.52681e+03	7.96388e+00	4.50975e+00	6.60407e+07
1.50053e+03	5.42787e+02	1.94892e+03	3.52631e+03	7.95469e+00	4.50119e+00	2.19421e+07
1.59323e+03	5.78211e+02	1.92774e+03	3.52571e+03	7.94517e+00	4.49252e+00	8.41326e+06
1.68323e+03	6.13248e+02	1.90655e+03	3.52502e+03	7.93537e+00	4.48375e+00	3.62506e+06
1.77050e+03	6.47898e+02	1.88537e+03	3.52426e+03	7.92532e+00	4.47491e+00	1.71976e+06
1.85500e+03	6.82160e+02	1.86419e+03	3.52343e+03	7.91505e+00	4.46602e+00	8.84122e+05
1.93668e+03	7.16036e+02	1.84300e+03	3.52253e+03	7.90455e+00	4.45708e+00	4.86386e+05
2.01550e+03	7.49524e+02	1.82182e+03	3.52156e+03	7.89386e+00	4.44811e+00	2.83458e+05
2.09142e+03	7.82626e+02	1.80063e+03	3.52052e+03	7.88297e+00	4.43911e+00	1.73573e+05
2.16439e+03	8.15340e+02	1.77945e+03	3.51942e+03	7.87190e+00	4.43008e+00	1.10930e+05
2.23437e+03	8.47667e+02	1.75827e+03	3.51826e+03	7.86063e+00	4.42104e+00	7.35817e+04
2.30131e+03	8.79606e+02	1.73708e+03	3.51703e+03	7.84919e+00	4.41198e+00	5.04239e+04
2.36515e+03	9.11159e+02	1.71590e+03	3.51573e+03	7.83755e+00	4.40292e+00	3.55593e+04
2.42584e+03	9.42324e+02	1.69471e+03	3.51438e+03	7.82574e+00	4.39384e+00	2.57207e+04
2.48333e+03	9.73103e+02	1.67353e+03	3.51295e+03	7.81375e+00	4.38476e+00	1.90283e+04
2.53755e+03	1.00349e+03	1.65235e+03	3.51146e+03	7.80155e+00	4.37567e+00	1.43631e+04
2.58845e+03	1.03350e+03	1.63116e+03	3.50990e+03	7.78916e+00	4.36657e+00	1.10388e+04
2.63596e+03	1.06311e+03	1.60998e+03	3.50827e+03	7.77657e+00	4.35746e+00	8.62231e+03
2.68000e+03	1.09234e+03	1.58879e+03	3.50657e+03	7.76377e+00	4.34835e+00	6.83387e+03
2.72052e+03	1.12119e+03	1.56761e+03	3.50479e+03	7.75073e+00	4.33922e+00	5.48836e+03
2.75743e+03	1.14964e+03	1.54643e+03	3.50294e+03	7.73749e+00	4.33009e+00	4.46083e+03
2.79065e+03	1.17771e+03	1.52524e+03	3.50101e+03	7.72399e+00	4.32094e+00	3.66531e+03
2.82011e+03	1.20539e+03	1.50406e+03	3.49899e+03	7.71025e+00	4.31177e+00	3.04163e+03
2.84571e+03	1.23269e+03	1.48287e+03	3.49689e+03	7.69624e+00	4.30259e+00	2.54697e+03
2.86736e+03	1.25959e+03	1.46169e+03	3.49470e+03	7.68195e+00	4.29339e+00	2.15042e+03
2.88496e+03	1.28611e+03	1.44051e+03	3.49241e+03	7.66738e+00	4.28416e+00	1.82936e+03
2.89841e+03	1.31225e+03	1.41932e+03	3.49003e+03	7.65248e+00	4.27491e+00	1.56702e+03
2.90760e+03	1.33799e+03	1.39814e+03	3.48755e+03	7.63728e+00	4.26562e+00	1.35081e+03
2.91242e+03	1.36335e+03	1.37696e+03	3.48497e+03	7.62171e+00	4.25630e+00	1.17120e+03
2.91273e+03	1.38832e+03	1.35577e+03	3.48227e+03	7.60580e+00	4.24693e+00	1.02086e+03
2.90842e+03	1.41290e+03	1.33459e+03	3.47946e+03	7.58947e+00	4.23752e+00	8.94153e+02
2.89934e+03	1.43710e+03	1.31340e+03	3.47653e+03	7.57275e+00	4.22805e+00	7.86650e+02
2.88534e+03	1.46091e+03	1.29222e+03	3.47347e+03	7.55559e+00	4.21853e+00	6.94877e+02
2.86628e+03	1.48433e+03	1.27104e+03	3.47028e+03	7.53795e+00	4.20894e+00	6.16072e+02
2.84199e+03	1.50737e+03	1.24985e+03	3.46694e+03	7.51981e+00	4.19927e+00	5.48028e+02
2.81228e+03	1.53002e+03	1.22867e+03	3.46346e+03	7.49308e+00	4.18429e+00	4.88968e+02
2.77697e+03	1.55228e+03	1.20748e+03	3.45653e+03	7.27769e+00	4.04717e+00	4.37450e+02
2.73590e+03	1.57415e+03	1.18630e+03	3.37244e+03	7.25946e+00	4.03765e+00	3.92305e+02
2.68992e+03	1.59564e+03	1.16512e+03	3.36845e+03	7.24074e+00	4.02805e+00	3.52714e+02
2.63796e+03	1.61674e+03	1.14393e+03	3.36430e+03	7.22137e+00	4.01831e+00	3.17727e+02
2.57978e+03	1.63745e+03	1.12275e+03	3.35995e+03	7.20129e+00	4.00841e+00	2.86680e+02
2.51513e+03	1.65778e+03	1.10156e+03	3.35539e+03	7.18047e+00	3.99836e+00	2.59022e+02
2.44373e+03	1.67771e+03	1.08038e+03	3.35060e+03	7.15883e+00	3.98812e+00	2.34289e+02
2.36529e+03	1.69726e+03	1.05920e+03	3.34557e+03	7.13633e+00	3.97768e+00	2.12093e+02
2.27951e+03	1.71643e+03	1.03801e+03	3.34029e+03	7.11289e+00	3.96703e+00	1.92106e+02
2.18604e+03	1.73521e+03	1.01683e+03	3.33473e+03	7.08841e+00	3.95613e+00	1.74050e+02
2.08451e+03	1.75360e+03	9.95645e+02	3.32888e+03	7.06282e+00	3.94497e+00	1.57688e+02
1.97454e+03	1.77160e+03	9.74461e+02	3.32270e+03	7.03600e+00	3.93350e+00	1.42818e+02
1.85570e+03	1.78921e+03	9.53277e+02	3.31619e+03	7.00784e+00	3.92171e+00	1.29269e+02
1.72752e+03	1.80644e+03	9.32093e+02	3.30930e+03	6.94248e+00	3.89450e+00	1.16893e+02
1.58950e+03	1.82328e+03	9.10909e+02	3.29487e+03	6.91047e+00	3.88195e+00	1.05563e+02
1.44141e+03	1.83974e+03	8.89725e+02	3.28707e+03	6.87665e+00	3.86896e+00	9.51820e+01
1.28239e+03	1.85580e+03	8.68541e+02	3.27878e+03	6.83642e+00	3.84642e+00	8.56439e+01
1.11178e+03	1.87148e+03	8.47357e+02	3.26435e+03	6.77137e+00	3.81454e+00	7.68683e+01
9.29187e+02	1.88677e+03	8.26173e+02	3.24561e+03	6.71587e+00	3.79458e+00	6.87947e+01
7.34127e+02	1.90168e+03	8.04989e+02	3.23334e+03	6.67080e+00	3.77909e+00	6.13681e+01
5.25388e+02	1.91620e+03	7.83805e+02	3.22253e+03	6.62210e+00	3.76279e+00	5.45257e+01
3.01922e+02	1.93033e+03	7.62621e+02	3.21088e+03	6.56909e+00	3.74553e+00	4.82212e+01
6.27193e+01	1.94407e+03	7.41437e+02	3.19828e+03	6.51084e+00	3.72715e+00	4.24179e+01
-1.93330e+02	1.95743e+03	7.20254e+02	3.18455e+03	6.61565e+00	3.74069e+00	3.70849e+01
-4.67444e+02	1.97040e+03	6.99070e+02	3.19467e+03	6.75379e+00	3.75942e+00	3.21961e+01
-7.63293e+02	1.98298e+03	6.77886e+02	3.20850e+03	6.78813e+00	3.78161e+00	2.77021e+01
-1.08326e+03	1.99518e+03	6.56702e+02	3.22336e+03	6.41874e+00	3.68843e+00	2.35859e+01
-1.42981e+03	2.00698e+03	6.35518e+02	3.15268e+03	6.14583e+00	3.61844e+00	1.98375e+01
-1.79568e+03	2.01840e+03	6.14334e+02	3.09898e+03	6.06014e+00	3.59354e+00	1.65240e+01
-2.18435e+03	2.02944e+03	5.93150e+02	3.07869e+03	5.97022e+00	3.56759e+00	1.36016e+01
-2.60227e+03	2.04009e+03	5.71966e+02	3.05733e+03	5.87476e+00	3.54023e+00	1.10226e+01
-3.05229e+03	2.05034e+03	5.50782e+02	3.03459e+03	5.77320e+00	3.51132e+00	8.77366e+00
-3.53759e+03	2.06022e+03	5.29598e+02	3.01032e+03	5.66487e+00	3.48068e+00	6.84049e+00
-4.06188e+03	2.06970e+03	5.08414e+02	2.98435e+03	5.54904e+00	3.44811e+00	5.20713e+00
-4.62939e+03	2.07880e+03	4.87230e+02	2.95652e+03	5.42484e+00	3.41338e+00	3.85515e+00
-5.24502e+03	2.08751e+03	4.66046e+02	2.92660e+03	5.29127e+00	3.37623e+00	2.76320e+00
-5.91449e+03	2.09583e+03	4.44862e+02	2.89436e+03	5.14719e+00	3.33635e+00	1.90676e+00
-6.64448e+03	2.10377e+03	4.23679e+02	2.85950e+03	4.99124e+00	3.29338e+00	1.25822e+00
-7.44288e+03	2.11132e+03	4.02495e+02	2.82170e+03	4.82181e+00	3.24689e+00	7.87400e-01
-8.31903e+03	2.11848e+03	3.81311e+02	2.78057e+03	4.63702e+00	3.19639e+00	4.62554e-01
-9.28413e+03	2.12526e+03	3.60127e+02	2.73562e+03	4.43460e+00	3.14125e+00	2.51827e-01
-1.03516e+04	2.13165e+03	3.38943e+02	2.68632e+03	4.21181e+00	3.08077e+00	1.25028e-01
-1.15380e+04	2.13765e+03	3.17759e+02	2.63199e+03	3.96533e+00	3.01405e+00	5.54539e-02
-1.28634e+04	2.14326e+03	2.96575e+02	2.57180e+03	3.69108e+00	2.94000e+00	2.13951e-02
-1.43527e+04	2.14849e+03	2.75391e+02	2.50476e+03	3.38398e+00	2.85728e+00	6.93425e-03
-1.60377e+04	2.15333e+03	2.54207e+02	2.42962e+03	3.03764e+00	2.76418e+00	1.80224e-03
-1.79583e+04	2.15778e+03	2.33023e+02	2.34481e+03	2.64393e+00	2.65854e+00	3.52720e-04
-2.01665e+04	2.16184e+03	2.11839e+02	2.24833e+03	2.19233e+00	2.53755e+00	4.76562e-05
-2.27308e+04	2.16552e+03	1.90655e+02	2.13759e+03	1.66898e+00	2.39753e+00	3.93218e-06
-2.57426e+04	2.16881e+03	1.69471e+02	2.00919e+03	1.05532e+00	2.23354e+00	1.65943e-07
-2.93272e+04	2.17172e+03	1.48287e+02	1.85856e+03	3.25964e-01	2.03881e+00	2.75171e-09
-3.36599e+04	2.17423e+03	1.27104e+02	1.67946e+03	-5.54570e-01	1.80390e+00	1.19682e-11
-3.89901e+04	2.17636e+03	1.05920e+02	1.46318e+03	-1.63689e+00	1.51533e+00	7.19694e-15
-4.56784e+04	2.17810e+03	8.47357e+01	1.19726e+03	-2.99400e+00	1.15366e+00	2.10217e-19
-5.42304e+04	2.17946e+03	6.35518e+01	8.63767e+02	-4.72840e+00	6.91610e-01	5.30302e-26
-6.51995e+04	2.18043e+03	4.23679e+01	4.37501e+02	-6.95224e+00	9.93075e-02	8.83658e-36
-7.77006e+04	2.18101e+03	2.11839e+01	-1.09107e+02	-9.48612e+00	-5.75477e-01	1.00059e-48
-6.52301e+04	NaN	0.00000e+00	-7.31957e+02	NaN	NaN	NaN
-6.52301e+04	NaN	0.00000e+00	NaN	NaN	NaN	1.00000e+04
NaN	NaN	0.00000e+00	NaN	NaN	NaN	1.00000e+04
NaN	NaN	0.00000e+00	NaN	NaN	NaN	1.00000e+04
NaN	NaN	0.00000e+00	NaN	NaN	NaN	1.00000e+04
NaN	NaN	0.00000e+00	NaN	NaN	NaN	1.00000e+04
NaN	NaN	0.00000e+00	NaN	NaN	NaN	1.00000e+04
NaN	NaN	0.00000e+00	NaN	NaN	NaN	1.00000e+04
NaN	NaN	0.00000e+00	NaN	NaN	NaN	1.00000e+04
NaN	NaN	0.00000e+00	NaN	NaN	NaN	1.00000e+04
NaN	NaN	0.00000e+00	NaN	NaN	NaN	1.00000e+04
