P (MPa)		T (K)		r (km)		rho (kg m-3)	VP (km s-1)	VS (km s-1)	QS/gamma	
0.00000e+00	9.40000e+01	2.57470e+03	9.32580e+02	3.87821e+00	1.96165e+00	1.36549e+05
1.74669e+00	1.10262e+02	2.57332e+03	9.32580e+02	3.88050e+00	1.96308e+00	2.19164e+04
3.49338e+00	1.29337e+02	2.57193e+03	9.32743e+02	3.88336e+00	1.96480e+00	4.60712e+03
5.24007e+00	1.51713e+02	2.57055e+03	9.32904e+02	3.88710e+00	1.96697e+00	1.21896e+03
6.98676e+00	1.77959e+02	2.56917e+03	9.33065e+02	3.89223e+00	1.96983e+00	3.92384e+02
8.73345e+00	2.08746e+02	2.56779e+03	9.33225e+02	3.89945e+00	1.97376e+00	1.49292e+02
1.04801e+01	2.44860e+02	2.56641e+03	9.33385e+02	3.90947e+00	1.97910e+00	6.55028e+01
1.22268e+01	2.44890e+02	2.56503e+03	9.33543e+02	3.91054e+00	1.97992e+00	6.54646e+01
1.39735e+01	2.44920e+02	2.56365e+03	9.33701e+02	3.91161e+00	1.98073e+00	6.54260e+01
1.57202e+01	2.44951e+02	2.56227e+03	9.33858e+02	3.91268e+00	1.98154e+00	6.53870e+01
1.74669e+01	2.44982e+02	2.56090e+03	9.34014e+02	3.91374e+00	1.98235e+00	6.53477e+01
1.92136e+01	2.45013e+02	2.55952e+03	9.34168e+02	3.91480e+00	1.98316e+00	6.53081e+01
2.09603e+01	2.45044e+02	2.55814e+03	9.34322e+02	3.91586e+00	1.98396e+00	6.52681e+01
2.27070e+01	2.45076e+02	2.55677e+03	9.34475e+02	3.91691e+00	1.98477e+00	6.52277e+01
2.44537e+01	2.45108e+02	2.55539e+03	9.34627e+02	3.91796e+00	1.98557e+00	6.51870e+01
2.62004e+01	2.45141e+02	2.55402e+03	9.34777e+02	3.91900e+00	1.98637e+00	6.51459e+01
2.79471e+01	2.45174e+02	2.55264e+03	9.34926e+02	3.92004e+00	1.98716e+00	6.51045e+01
2.96937e+01	2.45207e+02	2.55127e+03	9.35074e+02	3.92108e+00	1.98796e+00	6.50627e+01
3.14404e+01	2.45240e+02	2.54990e+03	9.35221e+02	3.92211e+00	1.98875e+00	6.50205e+01
3.31871e+01	2.45274e+02	2.54852e+03	9.35366e+02	3.92315e+00	1.98954e+00	6.49779e+01
3.49338e+01	2.45308e+02	2.54715e+03	9.35510e+02	3.92417e+00	1.99033e+00	6.49350e+01
3.66805e+01	2.45343e+02	2.54578e+03	9.35652e+02	3.92520e+00	1.99112e+00	6.48917e+01
3.84272e+01	2.45377e+02	2.54441e+03	9.35793e+02	3.92622e+00	1.99190e+00	6.48480e+01
4.01739e+01	2.45413e+02	2.54304e+03	9.35932e+02	3.92724e+00	1.99268e+00	6.48039e+01
4.19206e+01	2.45448e+02	2.54167e+03	9.36070e+02	3.92825e+00	1.99346e+00	6.47594e+01
4.36673e+01	2.45484e+02	2.54030e+03	9.36206e+02	3.92926e+00	1.99424e+00	6.47145e+01
4.54140e+01	2.45520e+02	2.53893e+03	9.36340e+02	3.93027e+00	1.99502e+00	6.46693e+01
4.71606e+01	2.45556e+02	2.53757e+03	9.36473e+02	3.93128e+00	1.99580e+00	6.46236e+01
4.89073e+01	2.45593e+02	2.53620e+03	9.36603e+02	3.93228e+00	1.99657e+00	6.45776e+01
5.06540e+01	2.45631e+02	2.53483e+03	9.36732e+02	3.93328e+00	1.99734e+00	6.45311e+01
5.24007e+01	2.45668e+02	2.53347e+03	9.36859e+02	3.93428e+00	1.99811e+00	6.44842e+01
5.41474e+01	2.45706e+02	2.53210e+03	9.36984e+02	3.93527e+00	1.99888e+00	6.44369e+01
5.58941e+01	2.45745e+02	2.53074e+03	9.37106e+02	3.93626e+00	1.99965e+00	6.43892e+01
5.76408e+01	2.45783e+02	2.52938e+03	9.37227e+02	3.93725e+00	2.00041e+00	6.43411e+01
5.93875e+01	2.45822e+02	2.52801e+03	9.37345e+02	3.93823e+00	2.00118e+00	6.42926e+01
6.11342e+01	2.45862e+02	2.52665e+03	9.37461e+02	3.93922e+00	2.00194e+00	6.42436e+01
6.28809e+01	2.45902e+02	2.52529e+03	9.37575e+02	3.94020e+00	2.00270e+00	6.41942e+01
6.46276e+01	2.45942e+02	2.52393e+03	9.37686e+02	3.94117e+00	2.00346e+00	6.41444e+01
6.63742e+01	2.45983e+02	2.52256e+03	9.37795e+02	3.94215e+00	2.00422e+00	6.40942e+01
6.81209e+01	2.46024e+02	2.52120e+03	9.37902e+02	3.94312e+00	2.00497e+00	6.40435e+01
6.98676e+01	2.46065e+02	2.51984e+03	9.38005e+02	3.94409e+00	2.00573e+00	6.39923e+01
7.16143e+01	2.46107e+02	2.51848e+03	9.38106e+02	3.94506e+00	2.00648e+00	6.39408e+01
7.33610e+01	2.46149e+02	2.51713e+03	9.38205e+02	3.94602e+00	2.00723e+00	6.38888e+01
7.51077e+01	2.46192e+02	2.51577e+03	9.38300e+02	3.94698e+00	2.00798e+00	6.38363e+01
7.68544e+01	2.46235e+02	2.51441e+03	9.38393e+02	3.94794e+00	2.00873e+00	6.37834e+01
7.86011e+01	2.46279e+02	2.51305e+03	9.38482e+02	3.94890e+00	2.00948e+00	6.37300e+01
8.03478e+01	2.46323e+02	2.51170e+03	9.38569e+02	3.94986e+00	2.01022e+00	6.36761e+01
8.20945e+01	2.46367e+02	2.51034e+03	9.38652e+02	3.95081e+00	2.01097e+00	6.36218e+01
8.38412e+01	2.46412e+02	2.50898e+03	9.38732e+02	3.95176e+00	2.01171e+00	6.35671e+01
8.55878e+01	2.46457e+02	2.50763e+03	9.38809e+02	3.95271e+00	2.01245e+00	6.35118e+01
8.73345e+01	2.46503e+02	2.50627e+03	9.38882e+02	3.95365e+00	2.01319e+00	6.34561e+01
8.90812e+01	2.46549e+02	2.50492e+03	9.38952e+02	3.95460e+00	2.01393e+00	6.33999e+01
9.08279e+01	2.46596e+02	2.50357e+03	9.39019e+02	3.95554e+00	2.01467e+00	6.33433e+01
9.25746e+01	2.46643e+02	2.50221e+03	9.39081e+02	3.95648e+00	2.01540e+00	6.32861e+01
9.43213e+01	2.46690e+02	2.50086e+03	9.39140e+02	3.95742e+00	2.01614e+00	6.32285e+01
9.60680e+01	2.46738e+02	2.49951e+03	9.39195e+02	3.95835e+00	2.01687e+00	6.31703e+01
9.78147e+01	2.46787e+02	2.49816e+03	9.39247e+02	3.95929e+00	2.01760e+00	6.31117e+01
9.95614e+01	2.46836e+02	2.49681e+03	9.39294e+02	3.96022e+00	2.01833e+00	6.30526e+01
1.01308e+02	2.46885e+02	2.49546e+03	9.39337e+02	3.96115e+00	2.01906e+00	6.29930e+01
1.03055e+02	2.46935e+02	2.49411e+03	9.39376e+02	3.96208e+00	2.01979e+00	6.29328e+01
1.04801e+02	2.46986e+02	2.49276e+03	9.39410e+02	3.96300e+00	2.02052e+00	6.28722e+01
1.06548e+02	2.47037e+02	2.49141e+03	9.39440e+02	3.96393e+00	2.02125e+00	6.28110e+01
1.08295e+02	2.47088e+02	2.49006e+03	9.39466e+02	3.96485e+00	2.02197e+00	6.27494e+01
1.10042e+02	2.47140e+02	2.48871e+03	9.39487e+02	3.96577e+00	2.02270e+00	6.26872e+01
1.11788e+02	2.47192e+02	2.48736e+03	9.39503e+02	3.96669e+00	2.02342e+00	6.26245e+01
1.13535e+02	2.47245e+02	2.48602e+03	9.39515e+02	3.96761e+00	2.02414e+00	6.25612e+01
1.15282e+02	2.47299e+02	2.48467e+03	9.39521e+02	3.96852e+00	2.02486e+00	6.24975e+01
1.17028e+02	2.47353e+02	2.48332e+03	9.39523e+02	3.96943e+00	2.02558e+00	6.24332e+01
1.18775e+02	2.47407e+02	2.48198e+03	9.39519e+02	3.97035e+00	2.02630e+00	6.23683e+01
1.20522e+02	2.47462e+02	2.48063e+03	9.39510e+02	3.97126e+00	2.02702e+00	6.23030e+01
1.22268e+02	2.47518e+02	2.47929e+03	9.39496e+02	3.97217e+00	2.02774e+00	6.22370e+01
1.24015e+02	2.47574e+02	2.47794e+03	9.39477e+02	3.97307e+00	2.02845e+00	6.21706e+01
1.25762e+02	2.47631e+02	2.47660e+03	9.39452e+02	3.97398e+00	2.02917e+00	6.21035e+01
1.27508e+02	2.47688e+02	2.47525e+03	9.39421e+02	3.97488e+00	2.02988e+00	6.20360e+01
1.29255e+02	2.47746e+02	2.47391e+03	9.39385e+02	3.97578e+00	2.03059e+00	6.19678e+01
1.31002e+02	2.47804e+02	2.47257e+03	9.39342e+02	3.97668e+00	2.03131e+00	6.18991e+01
1.32748e+02	2.47863e+02	2.47122e+03	9.39294e+02	3.97758e+00	2.03202e+00	6.18298e+01
1.34495e+02	2.47923e+02	2.46988e+03	9.39240e+02	3.97848e+00	2.03273e+00	6.17600e+01
1.36242e+02	2.47983e+02	2.46854e+03	9.39180e+02	3.97938e+00	2.03344e+00	6.16896e+01
1.37989e+02	2.48044e+02	2.46720e+03	9.39114e+02	3.98027e+00	2.03414e+00	6.16186e+01
1.39735e+02	2.48105e+02	2.46586e+03	9.39041e+02	3.98116e+00	2.03485e+00	6.15470e+01
1.41482e+02	2.48167e+02	2.46451e+03	9.38963e+02	3.98206e+00	2.03556e+00	6.14749e+01
1.43229e+02	2.48230e+02	2.46317e+03	9.38877e+02	3.98295e+00	2.03626e+00	6.14021e+01
1.44975e+02	2.48293e+02	2.46183e+03	9.38786e+02	3.98384e+00	2.03697e+00	6.13288e+01
1.46722e+02	2.48357e+02	2.46049e+03	9.38688e+02	3.98472e+00	2.03767e+00	6.12548e+01
1.48469e+02	2.48421e+02	2.45915e+03	9.38583e+02	3.98561e+00	2.03837e+00	6.11803e+01
1.50215e+02	2.48486e+02	2.45781e+03	9.38472e+02	3.98649e+00	2.03907e+00	6.11051e+01
1.51962e+02	2.48552e+02	2.45647e+03	9.38354e+02	3.98738e+00	2.03978e+00	6.10294e+01
1.53709e+02	2.48618e+02	2.45514e+03	9.38229e+02	3.98826e+00	2.04048e+00	6.09530e+01
1.55455e+02	2.48685e+02	2.45380e+03	9.38098e+02	3.98914e+00	2.04117e+00	6.08760e+01
1.57202e+02	2.48753e+02	2.45246e+03	9.37960e+02	3.99002e+00	2.04187e+00	6.07984e+01
1.58949e+02	2.48821e+02	2.45112e+03	9.37816e+02	3.99090e+00	2.04257e+00	6.07202e+01
1.60696e+02	2.48890e+02	2.44978e+03	9.37664e+02	3.99177e+00	2.04327e+00	6.06414e+01
1.62442e+02	2.48960e+02	2.44845e+03	9.37507e+02	3.99265e+00	2.04396e+00	6.05619e+01
1.64189e+02	2.49030e+02	2.44711e+03	9.37342e+02	3.99352e+00	2.04466e+00	6.04818e+01
1.65936e+02	2.49101e+02	2.44577e+03	9.37171e+02	3.99440e+00	2.04535e+00	6.04010e+01
1.67682e+02	2.49173e+02	2.44443e+03	9.36994e+02	3.99527e+00	2.04605e+00	6.03196e+01
1.69429e+02	2.49246e+02	2.44310e+03	9.36810e+02	3.99614e+00	2.04674e+00	6.02376e+01
1.71176e+02	2.51972e+02	2.44176e+03	9.36619e+02	3.99774e+00	2.04781e+00	5.72644e+01
1.72922e+02	2.52000e+02	2.44042e+03	9.36423e+02	3.99860e+00	2.04849e+00	5.72350e+01
1.76538e+02	2.52018e+02	2.43799e+03	1.06340e+03	1.75837e+00	0.00000e+00	0.00000e+00
1.80154e+02	2.52037e+02	2.43556e+03	1.06457e+03	1.76555e+00	0.00000e+00	0.00000e+00
1.83770e+02	2.52056e+02	2.43313e+03	1.06572e+03	1.77268e+00	0.00000e+00	0.00000e+00
1.87385e+02	2.52076e+02	2.43070e+03	1.06687e+03	1.77977e+00	0.00000e+00	0.00000e+00
1.91001e+02	2.52096e+02	2.42828e+03	1.06801e+03	1.78682e+00	0.00000e+00	0.00000e+00
1.94617e+02	2.52117e+02	2.42586e+03	1.06913e+03	1.79382e+00	0.00000e+00	0.00000e+00
1.98232e+02	2.52138e+02	2.42345e+03	1.07025e+03	1.80078e+00	0.00000e+00	0.00000e+00
2.01848e+02	2.52160e+02	2.42104e+03	1.07136e+03	1.80770e+00	0.00000e+00	0.00000e+00
2.05464e+02	2.52182e+02	2.41863e+03	1.07247e+03	1.81458e+00	0.00000e+00	0.00000e+00
2.09080e+02	2.52205e+02	2.41623e+03	1.07356e+03	1.82142e+00	0.00000e+00	0.00000e+00
2.12695e+02	2.52228e+02	2.41383e+03	1.07465e+03	1.82822e+00	0.00000e+00	0.00000e+00
2.16311e+02	2.52252e+02	2.41143e+03	1.07572e+03	1.83497e+00	0.00000e+00	0.00000e+00
2.19927e+02	2.52276e+02	2.40904e+03	1.07679e+03	1.84169e+00	0.00000e+00	0.00000e+00
2.23543e+02	2.52300e+02	2.40665e+03	1.07786e+03	1.84836e+00	0.00000e+00	0.00000e+00
2.27158e+02	2.52325e+02	2.40427e+03	1.07891e+03	1.85500e+00	0.00000e+00	0.00000e+00
2.30774e+02	2.52350e+02	2.40188e+03	1.07996e+03	1.86159e+00	0.00000e+00	0.00000e+00
2.34390e+02	2.52376e+02	2.39950e+03	1.08100e+03	1.86815e+00	0.00000e+00	0.00000e+00
2.38005e+02	2.52402e+02	2.39713e+03	1.08203e+03	1.87467e+00	0.00000e+00	0.00000e+00
2.41621e+02	2.52429e+02	2.39476e+03	1.08306e+03	1.88114e+00	0.00000e+00	0.00000e+00
2.45237e+02	2.52456e+02	2.39239e+03	1.08407e+03	1.88759e+00	0.00000e+00	0.00000e+00
2.48853e+02	2.52483e+02	2.39002e+03	1.08508e+03	1.89399e+00	0.00000e+00	0.00000e+00
2.52468e+02	2.52511e+02	2.38766e+03	1.08609e+03	1.90035e+00	0.00000e+00	0.00000e+00
2.56084e+02	2.52539e+02	2.38530e+03	1.08709e+03	1.90668e+00	0.00000e+00	0.00000e+00
2.59700e+02	2.52567e+02	2.38294e+03	1.08808e+03	1.91298e+00	0.00000e+00	0.00000e+00
2.63316e+02	2.52596e+02	2.38059e+03	1.08906e+03	1.91923e+00	0.00000e+00	0.00000e+00
2.66931e+02	2.52625e+02	2.37824e+03	1.09004e+03	1.92545e+00	0.00000e+00	0.00000e+00
2.70547e+02	2.52654e+02	2.37589e+03	1.09101e+03	1.93164e+00	0.00000e+00	0.00000e+00
2.74163e+02	2.52684e+02	2.37355e+03	1.09198e+03	1.93779e+00	0.00000e+00	0.00000e+00
2.77778e+02	2.52714e+02	2.37121e+03	1.09294e+03	1.94391e+00	0.00000e+00	0.00000e+00
2.81394e+02	2.52745e+02	2.36887e+03	1.09389e+03	1.94999e+00	0.00000e+00	0.00000e+00
2.85010e+02	2.52776e+02	2.36654e+03	1.09484e+03	1.95604e+00	0.00000e+00	0.00000e+00
2.88626e+02	2.52807e+02	2.36420e+03	1.09578e+03	1.96206e+00	0.00000e+00	0.00000e+00
2.92241e+02	2.52838e+02	2.36188e+03	1.09672e+03	1.96804e+00	0.00000e+00	0.00000e+00
2.95857e+02	2.52870e+02	2.35955e+03	1.09765e+03	1.97399e+00	0.00000e+00	0.00000e+00
2.99473e+02	2.52902e+02	2.35723e+03	1.09858e+03	1.97991e+00	0.00000e+00	0.00000e+00
3.03089e+02	2.52934e+02	2.35491e+03	1.09950e+03	1.98580e+00	0.00000e+00	0.00000e+00
3.06704e+02	2.52967e+02	2.35259e+03	1.10041e+03	1.99165e+00	0.00000e+00	0.00000e+00
3.10320e+02	2.53000e+02	2.35028e+03	1.10132e+03	1.99748e+00	0.00000e+00	0.00000e+00
3.13936e+02	2.53033e+02	2.34797e+03	1.10222e+03	2.00327e+00	0.00000e+00	0.00000e+00
3.17552e+02	2.53067e+02	2.34566e+03	1.10312e+03	2.00904e+00	0.00000e+00	0.00000e+00
3.21167e+02	2.53100e+02	2.34336e+03	1.10401e+03	2.01477e+00	0.00000e+00	0.00000e+00
3.24783e+02	2.53135e+02	2.34106e+03	1.10490e+03	2.02048e+00	0.00000e+00	0.00000e+00
3.28399e+02	2.53169e+02	2.33876e+03	1.10579e+03	2.02616e+00	0.00000e+00	0.00000e+00
3.32014e+02	2.53204e+02	2.33646e+03	1.10666e+03	2.03181e+00	0.00000e+00	0.00000e+00
3.35630e+02	2.53239e+02	2.33417e+03	1.10754e+03	2.03743e+00	0.00000e+00	0.00000e+00
3.39246e+02	2.53274e+02	2.33188e+03	1.10841e+03	2.04303e+00	0.00000e+00	0.00000e+00
3.42862e+02	2.53309e+02	2.32959e+03	1.10927e+03	2.04859e+00	0.00000e+00	0.00000e+00
3.46477e+02	2.53345e+02	2.32731e+03	1.11013e+03	2.05414e+00	0.00000e+00	0.00000e+00
3.50093e+02	2.53381e+02	2.32503e+03	1.11098e+03	2.05965e+00	0.00000e+00	0.00000e+00
3.53709e+02	2.53418e+02	2.32275e+03	1.11183e+03	2.06514e+00	0.00000e+00	0.00000e+00
3.57325e+02	2.53455e+02	2.32048e+03	1.11268e+03	2.07060e+00	0.00000e+00	0.00000e+00
3.60940e+02	2.53491e+02	2.31820e+03	1.11352e+03	2.07604e+00	0.00000e+00	0.00000e+00
3.64556e+02	2.53529e+02	2.31593e+03	1.11436e+03	2.08145e+00	0.00000e+00	0.00000e+00
3.68172e+02	2.53566e+02	2.31366e+03	1.11519e+03	2.08684e+00	0.00000e+00	0.00000e+00
3.71787e+02	2.53604e+02	2.31140e+03	1.11602e+03	2.09221e+00	0.00000e+00	0.00000e+00
3.75403e+02	2.53642e+02	2.30914e+03	1.11684e+03	2.09755e+00	0.00000e+00	0.00000e+00
3.79019e+02	2.53740e+02	2.30710e+03	1.23873e+03	4.18295e+00	2.20837e+00	1.23988e+02
3.82635e+02	2.54005e+02	2.30506e+03	1.23930e+03	4.18408e+00	2.20845e+00	1.23988e+02
3.86250e+02	2.54268e+02	2.30303e+03	1.23987e+03	4.18521e+00	2.20854e+00	1.23988e+02
3.89866e+02	2.54531e+02	2.30099e+03	1.24043e+03	4.18635e+00	2.20863e+00	1.23988e+02
3.93482e+02	2.54793e+02	2.29896e+03	1.24099e+03	4.18749e+00	2.20872e+00	1.23988e+02
3.97098e+02	2.55056e+02	2.29693e+03	1.24155e+03	4.18863e+00	2.20882e+00	1.23988e+02
4.00713e+02	2.55319e+02	2.29490e+03	1.24211e+03	4.18978e+00	2.20892e+00	1.23988e+02
4.04329e+02	2.55582e+02	2.29288e+03	1.24266e+03	4.19093e+00	2.20902e+00	1.23988e+02
4.07945e+02	2.55836e+02	2.29085e+03	1.24321e+03	4.19209e+00	2.20912e+00	1.23988e+02
4.11560e+02	2.56087e+02	2.28882e+03	1.24376e+03	4.19325e+00	2.20923e+00	1.23988e+02
4.15176e+02	2.56339e+02	2.28680e+03	1.24430e+03	4.19441e+00	2.20934e+00	1.23988e+02
4.18792e+02	2.56591e+02	2.28478e+03	1.24484e+03	4.19558e+00	2.20945e+00	1.23988e+02
4.22408e+02	2.56842e+02	2.28276e+03	1.24538e+03	4.19675e+00	2.20957e+00	1.23988e+02
4.26023e+02	2.57094e+02	2.28074e+03	1.24591e+03	4.19793e+00	2.20969e+00	1.23988e+02
4.29639e+02	2.57345e+02	2.27872e+03	1.24644e+03	4.19911e+00	2.20981e+00	1.23988e+02
4.33255e+02	2.57589e+02	2.27671e+03	1.24697e+03	4.20029e+00	2.20993e+00	1.23988e+02
4.36871e+02	2.57829e+02	2.27469e+03	1.24749e+03	4.20148e+00	2.21006e+00	1.23988e+02
4.40486e+02	2.58070e+02	2.27268e+03	1.24801e+03	4.20267e+00	2.21019e+00	1.23988e+02
4.44102e+02	2.58311e+02	2.27067e+03	1.24853e+03	4.20386e+00	2.21032e+00	1.23988e+02
4.47718e+02	2.58552e+02	2.26866e+03	1.24904e+03	4.20506e+00	2.21045e+00	1.23988e+02
4.51333e+02	2.58793e+02	2.26665e+03	1.24955e+03	4.20627e+00	2.21059e+00	1.23988e+02
4.54949e+02	2.59034e+02	2.26464e+03	1.25006e+03	4.20748e+00	2.21073e+00	1.23988e+02
4.58565e+02	2.59267e+02	2.26264e+03	1.25057e+03	4.20869e+00	2.21087e+00	1.23988e+02
4.62181e+02	2.59498e+02	2.26063e+03	1.25107e+03	4.20991e+00	2.21102e+00	1.23988e+02
4.65796e+02	2.59729e+02	2.25863e+03	1.25157e+03	4.21113e+00	2.21116e+00	1.23988e+02
4.69412e+02	2.59960e+02	2.25663e+03	1.25206e+03	4.21235e+00	2.21131e+00	1.23988e+02
4.73028e+02	2.60191e+02	2.25463e+03	1.25255e+03	4.21358e+00	2.21147e+00	1.23988e+02
4.76644e+02	2.60422e+02	2.25263e+03	1.25304e+03	4.21482e+00	2.21162e+00	1.23988e+02
4.80259e+02	2.60652e+02	2.25063e+03	1.25353e+03	4.21605e+00	2.21178e+00	1.23988e+02
4.83875e+02	2.60876e+02	2.24864e+03	1.25401e+03	4.21729e+00	2.21195e+00	1.23988e+02
4.87491e+02	2.61097e+02	2.24664e+03	1.25449e+03	4.21854e+00	2.21211e+00	1.23988e+02
4.91106e+02	2.61318e+02	2.24465e+03	1.25496e+03	4.21979e+00	2.21228e+00	1.23988e+02
4.94722e+02	2.61539e+02	2.24266e+03	1.25543e+03	4.22104e+00	2.21245e+00	1.23988e+02
4.98338e+02	2.61760e+02	2.24067e+03	1.25590e+03	4.22230e+00	2.21262e+00	1.23988e+02
5.01954e+02	2.61982e+02	2.23868e+03	1.25637e+03	4.22356e+00	2.21280e+00	1.23988e+02
5.05569e+02	2.62203e+02	2.23669e+03	1.25683e+03	4.22483e+00	2.21297e+00	1.23988e+02
5.09185e+02	2.62417e+02	2.23471e+03	1.25729e+03	4.22610e+00	2.21315e+00	1.23988e+02
5.12801e+02	2.62629e+02	2.23272e+03	1.25775e+03	4.22738e+00	2.21334e+00	1.23988e+02
5.16417e+02	2.62841e+02	2.23074e+03	1.25820e+03	4.22866e+00	2.21352e+00	1.23988e+02
5.20032e+02	2.63053e+02	2.22876e+03	1.25865e+03	4.22994e+00	2.21371e+00	1.23988e+02
5.23648e+02	2.63265e+02	2.22678e+03	1.25909e+03	4.23123e+00	2.21390e+00	1.23988e+02
5.27264e+02	2.63477e+02	2.22480e+03	1.25954e+03	4.23252e+00	2.21410e+00	1.23988e+02
5.30879e+02	2.63689e+02	2.22282e+03	1.25998e+03	4.23381e+00	2.21430e+00	1.23988e+02
5.34495e+02	2.63894e+02	2.22084e+03	1.26041e+03	4.23511e+00	2.21450e+00	1.23988e+02
5.38111e+02	2.64097e+02	2.21887e+03	1.26085e+03	4.23642e+00	2.21470e+00	1.23988e+02
5.41727e+02	2.64301e+02	2.21689e+03	1.26128e+03	4.23772e+00	2.21490e+00	1.23988e+02
5.45342e+02	2.64504e+02	2.21492e+03	1.26170e+03	4.23904e+00	2.21511e+00	1.23988e+02
5.48958e+02	2.64707e+02	2.21295e+03	1.26213e+03	4.24035e+00	2.21532e+00	1.23988e+02
5.52574e+02	2.64911e+02	2.21098e+03	1.26255e+03	4.24167e+00	2.21553e+00	1.23988e+02
5.56190e+02	2.65114e+02	2.20901e+03	1.26296e+03	4.24300e+00	2.21575e+00	1.23988e+02
5.59805e+02	2.65311e+02	2.20705e+03	1.26338e+03	4.24432e+00	2.21597e+00	1.23988e+02
5.63421e+02	2.65505e+02	2.20508e+03	1.26379e+03	4.24566e+00	2.21619e+00	1.23988e+02
5.67037e+02	2.65700e+02	2.20312e+03	1.26420e+03	4.24699e+00	2.21641e+00	1.23988e+02
5.70652e+02	2.65895e+02	2.20115e+03	1.26460e+03	4.24833e+00	2.21664e+00	1.23988e+02
5.74268e+02	2.66090e+02	2.19919e+03	1.26500e+03	4.24968e+00	2.21687e+00	1.23988e+02
5.77884e+02	2.66285e+02	2.19723e+03	1.26540e+03	4.25102e+00	2.21710e+00	1.23988e+02
5.81500e+02	2.66480e+02	2.19527e+03	1.26579e+03	4.25238e+00	2.21733e+00	1.23988e+02
5.85115e+02	2.66669e+02	2.19331e+03	1.26619e+03	4.25373e+00	2.21757e+00	1.23988e+02
5.88731e+02	2.66856e+02	2.19136e+03	1.26658e+03	4.25509e+00	2.21781e+00	1.23988e+02
5.92347e+02	2.67043e+02	2.18940e+03	1.26696e+03	4.25646e+00	2.21805e+00	1.23988e+02
5.95963e+02	2.67229e+02	2.18745e+03	1.26735e+03	4.25782e+00	2.21829e+00	1.23988e+02
5.99578e+02	2.67416e+02	2.18549e+03	1.26772e+03	4.25920e+00	2.21854e+00	1.23988e+02
6.03194e+02	2.67603e+02	2.18354e+03	1.26810e+03	4.26057e+00	2.21879e+00	1.23988e+02
6.06810e+02	2.67790e+02	2.18159e+03	1.26847e+03	4.26195e+00	2.21904e+00	1.23988e+02
6.10425e+02	2.67971e+02	2.17964e+03	1.26885e+03	4.26333e+00	2.21929e+00	1.23988e+02
6.14041e+02	2.68151e+02	2.17770e+03	1.26921e+03	4.26472e+00	2.21955e+00	1.23988e+02
6.17657e+02	2.68330e+02	2.17575e+03	1.26958e+03	4.26611e+00	2.21981e+00	1.23988e+02
6.21273e+02	2.68509e+02	2.17381e+03	1.26994e+03	4.26751e+00	2.22007e+00	1.23988e+02
6.24888e+02	2.68689e+02	2.17186e+03	1.27030e+03	4.26890e+00	2.22033e+00	1.23988e+02
6.28504e+02	2.68868e+02	2.16992e+03	1.27065e+03	4.27031e+00	2.22060e+00	1.23988e+02
6.32120e+02	2.69047e+02	2.16798e+03	1.27101e+03	4.27171e+00	2.22086e+00	1.23988e+02
6.35736e+02	2.69372e+02	2.16604e+03	1.27135e+03	4.27314e+00	2.22114e+00	1.23988e+02
6.39351e+02	2.69737e+02	2.16427e+03	1.39468e+03	4.35450e+00	2.22718e+00	1.37253e+02
6.42967e+02	2.70103e+02	2.16250e+03	1.39466e+03	4.35694e+00	2.22894e+00	1.36235e+02
6.46583e+02	2.70468e+02	2.16074e+03	1.39463e+03	4.35939e+00	2.23070e+00	1.35228e+02
6.50198e+02	2.70834e+02	2.15897e+03	1.39461e+03	4.36184e+00	2.23247e+00	1.34230e+02
6.53814e+02	2.71199e+02	2.15720e+03	1.39458e+03	4.36428e+00	2.23423e+00	1.33243e+02
6.57430e+02	2.71565e+02	2.15544e+03	1.39456e+03	4.36672e+00	2.23599e+00	1.32265e+02
6.61046e+02	2.71951e+02	2.15367e+03	1.39454e+03	4.36917e+00	2.23774e+00	1.31242e+02
6.64661e+02	2.72344e+02	2.15191e+03	1.39451e+03	4.37161e+00	2.23950e+00	1.30214e+02
6.68277e+02	2.72736e+02	2.15014e+03	1.39448e+03	4.37405e+00	2.24126e+00	1.29197e+02
6.71893e+02	2.73129e+02	2.14838e+03	1.39446e+03	4.37649e+00	2.24301e+00	1.28191e+02
6.75509e+02	2.73521e+02	2.14662e+03	1.39443e+03	4.37893e+00	2.24477e+00	1.27195e+02
6.79124e+02	2.73914e+02	2.14485e+03	1.39441e+03	4.38137e+00	2.24652e+00	1.26210e+02
6.82740e+02	2.74306e+02	2.14309e+03	1.39438e+03	4.38380e+00	2.24827e+00	1.25236e+02
6.86356e+02	2.74688e+02	2.14133e+03	1.39436e+03	4.38624e+00	2.25002e+00	1.24297e+02
6.89971e+02	2.75067e+02	2.13956e+03	1.39433e+03	4.38867e+00	2.25177e+00	1.23375e+02
6.93587e+02	2.75446e+02	2.13780e+03	1.39431e+03	4.39110e+00	2.25352e+00	1.22462e+02
6.97203e+02	2.75825e+02	2.13604e+03	1.39428e+03	4.39353e+00	2.25526e+00	1.21559e+02
7.00819e+02	2.76204e+02	2.13428e+03	1.39426e+03	4.39596e+00	2.25701e+00	1.20665e+02
7.04434e+02	2.76583e+02	2.13252e+03	1.39423e+03	4.39839e+00	2.25875e+00	1.19780e+02
7.08050e+02	2.76962e+02	2.13076e+03	1.39421e+03	4.40082e+00	2.26049e+00	1.18903e+02
7.11666e+02	2.77332e+02	2.12900e+03	1.39418e+03	4.40324e+00	2.26223e+00	1.18057e+02
7.15282e+02	2.77699e+02	2.12724e+03	1.39416e+03	4.40566e+00	2.26397e+00	1.17226e+02
7.18897e+02	2.78065e+02	2.12548e+03	1.39414e+03	4.40808e+00	2.26571e+00	1.16403e+02
7.22513e+02	2.78432e+02	2.12372e+03	1.39411e+03	4.41050e+00	2.26744e+00	1.15587e+02
7.26129e+02	2.78799e+02	2.12196e+03	1.39409e+03	4.41292e+00	2.26918e+00	1.14780e+02
7.29744e+02	2.79166e+02	2.12021e+03	1.39406e+03	4.41534e+00	2.27091e+00	1.13980e+02
7.33360e+02	2.79533e+02	2.11845e+03	1.39404e+03	4.41776e+00	2.27264e+00	1.13187e+02
7.36976e+02	2.79891e+02	2.11669e+03	1.39402e+03	4.42017e+00	2.27437e+00	1.12421e+02
7.40592e+02	2.80246e+02	2.11494e+03	1.39399e+03	4.42258e+00	2.27610e+00	1.11668e+02
7.44207e+02	2.80602e+02	2.11318e+03	1.39397e+03	4.42500e+00	2.27783e+00	1.10921e+02
7.47823e+02	2.80957e+02	2.11142e+03	1.39395e+03	4.42741e+00	2.27956e+00	1.10181e+02
7.51439e+02	2.81313e+02	2.10967e+03	1.39392e+03	4.42982e+00	2.28128e+00	1.09448e+02
7.55055e+02	2.81668e+02	2.10791e+03	1.39390e+03	4.43222e+00	2.28301e+00	1.08721e+02
7.58670e+02	2.82024e+02	2.10616e+03	1.39388e+03	4.43463e+00	2.28473e+00	1.08001e+02
7.62286e+02	2.82372e+02	2.10441e+03	1.39385e+03	4.43704e+00	2.28645e+00	1.07304e+02
7.65902e+02	2.82717e+02	2.10265e+03	1.39383e+03	4.43944e+00	2.28817e+00	1.06617e+02
7.69518e+02	2.83062e+02	2.10090e+03	1.39381e+03	4.44184e+00	2.28989e+00	1.05937e+02
7.73133e+02	2.83408e+02	2.09915e+03	3.52724e+03	4.57571e+00	2.60333e+00	3.01946e+13
8.83890e+02	3.21507e+02	2.07795e+03	3.52724e+03	4.57271e+00	2.59955e+00	9.21201e+11
9.92180e+02	3.59219e+02	2.05674e+03	3.52750e+03	7.99592e+00	4.54202e+00	6.00726e+10
1.09798e+03	3.96544e+02	2.03554e+03	3.52754e+03	7.98876e+00	4.53440e+00	6.68871e+09
1.20126e+03	4.33483e+02	2.01433e+03	3.52741e+03	7.98094e+00	4.52645e+00	1.10104e+09
1.30198e+03	4.70034e+02	1.99313e+03	3.52713e+03	7.97258e+00	4.51824e+00	2.43287e+08
1.40011e+03	5.06199e+02	1.97193e+03	3.52673e+03	7.96378e+00	4.50985e+00	6.74690e+07
1.49561e+03	5.41977e+02	1.95072e+03	3.52623e+03	7.95463e+00	4.50131e+00	2.23787e+07
1.58844e+03	5.77369e+02	1.92952e+03	3.52564e+03	7.94514e+00	4.49265e+00	8.56858e+06
1.67856e+03	6.12373e+02	1.90832e+03	3.52497e+03	7.93538e+00	4.48390e+00	3.68759e+06
1.76595e+03	6.46991e+02	1.88711e+03	3.52421e+03	7.92536e+00	4.47508e+00	1.74764e+06
1.85055e+03	6.81222e+02	1.86591e+03	3.52339e+03	7.91512e+00	4.46620e+00	8.97663e+05
1.93234e+03	7.15067e+02	1.84471e+03	3.52249e+03	7.90466e+00	4.45728e+00	4.93453e+05
2.01126e+03	7.48524e+02	1.82350e+03	3.52153e+03	7.89399e+00	4.44832e+00	2.87381e+05
2.08727e+03	7.81595e+02	1.80230e+03	3.52050e+03	7.88314e+00	4.43934e+00	1.75868e+05
2.16033e+03	8.14278e+02	1.78110e+03	3.51940e+03	7.87209e+00	4.43033e+00	1.12335e+05
2.23039e+03	8.46576e+02	1.75989e+03	3.51825e+03	7.86085e+00	4.42130e+00	7.44768e+04
2.29740e+03	8.78486e+02	1.73869e+03	3.51702e+03	7.84943e+00	4.41226e+00	5.10143e+04
2.36131e+03	9.10009e+02	1.71749e+03	3.51574e+03	7.83783e+00	4.40320e+00	3.59608e+04
2.42207e+03	9.41146e+02	1.69628e+03	3.51438e+03	7.82604e+00	4.39414e+00	2.60012e+04
2.47961e+03	9.71896e+02	1.67508e+03	3.51296e+03	7.81407e+00	4.38507e+00	1.92290e+04
2.53388e+03	1.00226e+03	1.65387e+03	3.51148e+03	7.80190e+00	4.37599e+00	1.45098e+04
2.58481e+03	1.03224e+03	1.63267e+03	3.50992e+03	7.78953e+00	4.36691e+00	1.11481e+04
2.63235e+03	1.06182e+03	1.61147e+03	3.50830e+03	7.77696e+00	4.35781e+00	8.70513e+03
2.67642e+03	1.09103e+03	1.59026e+03	3.50660e+03	7.76417e+00	4.34871e+00	6.89761e+03
2.71695e+03	1.11984e+03	1.56906e+03	3.50483e+03	7.75116e+00	4.33959e+00	5.53809e+03
2.75387e+03	1.14827e+03	1.54786e+03	3.50297e+03	7.73794e+00	4.33047e+00	4.50013e+03
2.78709e+03	1.17631e+03	1.52665e+03	3.50105e+03	7.72446e+00	4.32133e+00	3.69672e+03
2.81654e+03	1.20397e+03	1.50545e+03	3.49903e+03	7.71073e+00	4.31218e+00	3.06699e+03
2.84211e+03	1.23124e+03	1.48425e+03	3.49693e+03	7.69674e+00	4.30301e+00	2.56764e+03
2.86373e+03	1.25812e+03	1.46304e+03	3.49474e+03	7.68247e+00	4.29382e+00	2.16741e+03
2.88130e+03	1.28462e+03	1.44184e+03	3.49246e+03	7.66791e+00	4.28460e+00	1.84343e+03
2.89470e+03	1.31072e+03	1.42064e+03	3.49009e+03	7.65303e+00	4.27535e+00	1.57874e+03
2.90383e+03	1.33645e+03	1.39943e+03	3.48761e+03	7.63783e+00	4.26608e+00	1.36065e+03
2.90858e+03	1.36178e+03	1.37823e+03	3.48502e+03	7.62228e+00	4.25676e+00	1.17949e+03
2.90881e+03	1.38673e+03	1.35703e+03	3.48233e+03	7.60637e+00	4.24740e+00	1.02789e+03
2.90441e+03	1.41129e+03	1.33582e+03	3.47952e+03	7.59006e+00	4.23800e+00	9.00140e+02
2.89522e+03	1.43547e+03	1.31462e+03	3.47659e+03	7.57334e+00	4.22854e+00	7.91768e+02
2.88111e+03	1.45925e+03	1.29341e+03	3.47353e+03	7.55619e+00	4.21902e+00	6.99266e+02
2.86192e+03	1.48265e+03	1.27221e+03	3.47034e+03	7.53855e+00	4.20943e+00	6.19846e+02
2.83749e+03	1.50567e+03	1.25101e+03	3.46700e+03	7.52041e+00	4.19977e+00	5.51282e+02
2.80763e+03	1.52829e+03	1.22980e+03	3.46352e+03	7.47773e+00	4.17448e+00	4.91777e+02
2.77215e+03	1.55054e+03	1.20860e+03	3.45011e+03	7.27819e+00	4.04763e+00	4.39879e+02
2.73098e+03	1.57239e+03	1.18740e+03	3.37248e+03	7.25996e+00	4.03812e+00	3.94419e+02
2.68482e+03	1.59386e+03	1.16619e+03	3.36848e+03	7.24123e+00	4.02852e+00	3.54547e+02
2.63266e+03	1.61494e+03	1.14499e+03	3.36433e+03	7.22186e+00	4.01878e+00	3.19316e+02
2.57426e+03	1.63563e+03	1.12379e+03	3.35998e+03	7.20178e+00	4.00889e+00	2.88057e+02
2.50938e+03	1.65594e+03	1.10258e+03	3.35541e+03	7.18094e+00	3.99883e+00	2.60213e+02
2.43773e+03	1.67586e+03	1.08138e+03	3.35062e+03	7.15929e+00	3.98859e+00	2.35317e+02
2.35904e+03	1.69539e+03	1.06018e+03	3.34559e+03	7.13677e+00	3.97815e+00	2.12979e+02
2.27297e+03	1.71453e+03	1.03897e+03	3.34029e+03	7.11331e+00	3.96750e+00	1.92865e+02
2.17920e+03	1.73329e+03	1.01777e+03	3.33473e+03	7.08880e+00	3.95659e+00	1.74697e+02
2.07736e+03	1.75167e+03	9.96566e+02	3.32887e+03	7.06319e+00	3.94542e+00	1.58237e+02
1.96704e+03	1.76965e+03	9.75362e+02	3.32269e+03	7.03634e+00	3.93395e+00	1.43280e+02
1.84784e+03	1.78725e+03	9.54159e+02	3.31616e+03	7.00510e+00	3.92085e+00	1.29653e+02
1.71927e+03	1.80446e+03	9.32955e+02	3.30865e+03	6.94274e+00	3.89493e+00	1.17208e+02
1.58086e+03	1.82129e+03	9.11751e+02	3.29482e+03	6.91070e+00	3.88237e+00	1.05818e+02
1.43235e+03	1.83773e+03	8.90548e+02	3.28700e+03	6.87685e+00	3.86938e+00	9.53835e+01
1.27286e+03	1.85378e+03	8.69344e+02	3.27870e+03	6.83515e+00	3.84392e+00	8.57979e+01
1.10176e+03	1.86944e+03	8.48141e+02	3.26245e+03	6.77560e+00	3.81652e+00	7.69804e+01
9.18756e+02	1.88472e+03	8.26937e+02	3.24617e+03	6.71586e+00	3.79494e+00	6.88731e+01
7.23111e+02	1.89961e+03	8.05734e+02	3.23320e+03	6.67072e+00	3.77944e+00	6.14136e+01
5.13794e+02	1.91412e+03	7.84530e+02	3.22237e+03	6.62191e+00	3.76311e+00	5.45441e+01
2.89714e+02	1.92824e+03	7.63327e+02	3.21069e+03	6.56877e+00	3.74581e+00	4.82164e+01
4.98610e+01	1.94197e+03	7.42123e+02	3.19805e+03	6.51051e+00	3.72743e+00	4.23938e+01
-2.06878e+02	1.95531e+03	7.20920e+02	3.18431e+03	6.61873e+00	3.74270e+00	3.70451e+01
-4.81725e+02	1.96827e+03	6.99716e+02	3.19567e+03	6.77445e+00	3.76102e+00	3.21441e+01
-7.78477e+02	1.98084e+03	6.78513e+02	3.20940e+03	6.82195e+00	3.78601e+00	2.76395e+01
-1.09941e+03	1.99302e+03	6.57309e+02	3.22635e+03	6.50665e+00	3.70998e+00	2.35160e+01
-1.44722e+03	2.00482e+03	6.36106e+02	3.16827e+03	6.14448e+00	3.61847e+00	1.97613e+01
-1.81590e+03	2.01623e+03	6.14902e+02	3.09851e+03	6.05824e+00	3.59343e+00	1.64339e+01
-2.20559e+03	2.02726e+03	5.93699e+02	3.07808e+03	5.96812e+00	3.56743e+00	1.35157e+01
-2.62458e+03	2.03789e+03	5.72495e+02	3.05667e+03	5.87246e+00	3.54002e+00	1.09426e+01
-3.07573e+03	2.04814e+03	5.51292e+02	3.03387e+03	5.77068e+00	3.51105e+00	8.70087e+00
-3.56225e+03	2.05801e+03	5.30088e+02	3.00955e+03	5.66211e+00	3.48035e+00	6.77590e+00
-4.08784e+03	2.06748e+03	5.08885e+02	2.98353e+03	5.54602e+00	3.44771e+00	5.15135e+00
-4.65673e+03	2.07657e+03	4.87681e+02	2.95563e+03	5.42155e+00	3.41291e+00	3.80841e+00
-5.27385e+03	2.08527e+03	4.66477e+02	2.92564e+03	5.28769e+00	3.37568e+00	2.72534e+00
-5.94491e+03	2.09359e+03	4.45274e+02	2.89333e+03	5.14330e+00	3.33572e+00	1.87727e+00
-6.67661e+03	2.10152e+03	4.24070e+02	2.85839e+03	4.98700e+00	3.29266e+00	1.23626e+00
-7.47685e+03	2.10906e+03	4.02867e+02	2.82051e+03	4.81721e+00	3.24608e+00	7.71890e-01
-8.35500e+03	2.11622e+03	3.81663e+02	2.77928e+03	4.63202e+00	3.19547e+00	4.52264e-01
-9.32224e+03	2.12299e+03	3.60460e+02	2.73424e+03	4.42917e+00	3.14022e+00	2.45493e-01
-1.03921e+04	2.12937e+03	3.39256e+02	2.68483e+03	4.20592e+00	3.07961e+00	1.21466e-01
-1.15810e+04	2.13536e+03	3.18053e+02	2.63038e+03	3.95894e+00	3.01276e+00	5.36611e-02
-1.29091e+04	2.14097e+03	2.96849e+02	2.57008e+03	3.68413e+00	2.93857e+00	2.06080e-02
-1.44014e+04	2.14619e+03	2.75646e+02	2.50290e+03	3.37643e+00	2.85569e+00	6.64302e-03
-1.60896e+04	2.15103e+03	2.54442e+02	2.42761e+03	3.02944e+00	2.76241e+00	1.71552e-03
-1.80138e+04	2.15548e+03	2.33239e+02	2.34264e+03	2.63502e+00	2.65658e+00	3.33191e-04
-2.02259e+04	2.15954e+03	2.12035e+02	2.24598e+03	2.18264e+00	2.53539e+00	4.46060e-05
-2.27943e+04	2.16321e+03	1.90832e+02	2.13505e+03	1.65845e+00	2.39515e+00	3.63972e-06
-2.58105e+04	2.16650e+03	1.69628e+02	2.00644e+03	1.04389e+00	2.23092e+00	1.51522e-07
-2.93998e+04	2.16940e+03	1.48425e+02	1.85559e+03	3.13591e-01	2.03594e+00	2.47072e-09
-3.37371e+04	2.17192e+03	1.27221e+02	1.67626e+03	-5.67877e-01	1.80078e+00	1.05254e-11
-3.90714e+04	2.17404e+03	1.06018e+02	1.45975e+03	-1.65101e+00	1.51199e+00	6.17030e-15
-4.57618e+04	2.17578e+03	8.48141e+01	1.19363e+03	-3.00855e+00	1.15021e+00	1.74908e-19
-5.43106e+04	2.17714e+03	6.36106e+01	8.60033e+02	-4.74230e+00	6.88332e-01	4.28089e-26
-6.52614e+04	2.17810e+03	4.24070e+01	4.33926e+02	-6.96243e+00	9.70166e-02	7.07432e-36
-7.76934e+04	2.17868e+03	2.12035e+01	-1.11770e+02	-9.48231e+00	-5.74040e-01	9.06511e-49
-6.48845e+04	NaN	0.00000e+00	-7.31178e+02	NaN	NaN	NaN
-6.48845e+04	NaN	0.00000e+00	NaN	NaN	NaN	1.00000e+04
NaN	NaN	0.00000e+00	NaN	NaN	NaN	1.00000e+04
NaN	NaN	0.00000e+00	NaN	NaN	NaN	1.00000e+04
NaN	NaN	0.00000e+00	NaN	NaN	NaN	1.00000e+04
NaN	NaN	0.00000e+00	NaN	NaN	NaN	1.00000e+04
NaN	NaN	0.00000e+00	NaN	NaN	NaN	1.00000e+04
NaN	NaN	0.00000e+00	NaN	NaN	NaN	1.00000e+04
NaN	NaN	0.00000e+00	NaN	NaN	NaN	1.00000e+04
NaN	NaN	0.00000e+00	NaN	NaN	NaN	1.00000e+04
NaN	NaN	0.00000e+00	NaN	NaN	NaN	1.00000e+04
