P (MPa)		T (K)		r (km)		rho (kg m-3)	VP (km s-1)	VS (km s-1)	QS/gamma	
0.00000e+00	9.40000e+01	2.57470e+03	9.32490e+02	3.87821e+00	1.96165e+00	1.72556e+05
9.50508e-01	1.05116e+02	2.57395e+03	9.32490e+02	3.87960e+00	1.96250e+00	4.53415e+04
1.90102e+00	1.17547e+02	2.57319e+03	9.32563e+02	3.88123e+00	1.96347e+00	1.37227e+04
2.85152e+00	1.31447e+02	2.57244e+03	9.32635e+02	3.88319e+00	1.96461e+00	4.71278e+03
3.80203e+00	1.46992e+02	2.57169e+03	9.32705e+02	3.88560e+00	1.96598e+00	1.81217e+03
4.75254e+00	1.64374e+02	2.57094e+03	9.32775e+02	3.88863e+00	1.96766e+00	7.70928e+02
5.70305e+00	1.83812e+02	2.57019e+03	9.32845e+02	3.89250e+00	1.96977e+00	3.58990e+02
6.65356e+00	2.05549e+02	2.56943e+03	9.32913e+02	3.89747e+00	1.97243e+00	1.81239e+02
7.60407e+00	2.29857e+02	2.56868e+03	9.32980e+02	3.90380e+00	1.97578e+00	9.83588e+01
8.55457e+00	2.57038e+02	2.56793e+03	9.33047e+02	3.91159e+00	1.97988e+00	5.69434e+01
9.50508e+00	2.57070e+02	2.56718e+03	9.33112e+02	3.91219e+00	1.98033e+00	5.69113e+01
1.04556e+01	2.57102e+02	2.56643e+03	9.33177e+02	3.91278e+00	1.98077e+00	5.68788e+01
1.14061e+01	2.57134e+02	2.56568e+03	9.33240e+02	3.91337e+00	1.98122e+00	5.68460e+01
1.23566e+01	2.57166e+02	2.56493e+03	9.33303e+02	3.91396e+00	1.98167e+00	5.68129e+01
1.33071e+01	2.57199e+02	2.56418e+03	9.33364e+02	3.91455e+00	1.98211e+00	5.67795e+01
1.42576e+01	2.57232e+02	2.56343e+03	9.33424e+02	3.91513e+00	1.98256e+00	5.67458e+01
1.52081e+01	2.57265e+02	2.56268e+03	9.33483e+02	3.91572e+00	1.98300e+00	5.67117e+01
1.61586e+01	2.57299e+02	2.56193e+03	9.33541e+02	3.91630e+00	1.98345e+00	5.66773e+01
1.71091e+01	2.57333e+02	2.56118e+03	9.33598e+02	3.91689e+00	1.98389e+00	5.66426e+01
1.80597e+01	2.57368e+02	2.56043e+03	9.33653e+02	3.91747e+00	1.98433e+00	5.66076e+01
1.90102e+01	2.57403e+02	2.55968e+03	9.33707e+02	3.91805e+00	1.98477e+00	5.65722e+01
1.99607e+01	2.57438e+02	2.55893e+03	9.33760e+02	3.91863e+00	1.98522e+00	5.65365e+01
2.09112e+01	2.57474e+02	2.55818e+03	9.33811e+02	3.91921e+00	1.98566e+00	5.65004e+01
2.18617e+01	2.57509e+02	2.55743e+03	9.33861e+02	3.91979e+00	1.98610e+00	5.64640e+01
2.28122e+01	2.57546e+02	2.55668e+03	9.33909e+02	3.92037e+00	1.98654e+00	5.64273e+01
2.37627e+01	2.57583e+02	2.55593e+03	9.33956e+02	3.92095e+00	1.98698e+00	5.63902e+01
2.47132e+01	2.57620e+02	2.55518e+03	9.34001e+02	3.92152e+00	1.98741e+00	5.63528e+01
2.56637e+01	2.57657e+02	2.55443e+03	9.34044e+02	3.92210e+00	1.98785e+00	5.63150e+01
2.66142e+01	2.57695e+02	2.55369e+03	9.34086e+02	3.92267e+00	1.98829e+00	5.62769e+01
2.75647e+01	2.57733e+02	2.55294e+03	9.34126e+02	3.92324e+00	1.98873e+00	5.62384e+01
2.85152e+01	2.57772e+02	2.55219e+03	9.34165e+02	3.92381e+00	1.98916e+00	5.61995e+01
2.94658e+01	2.57811e+02	2.55144e+03	9.34201e+02	3.92439e+00	1.98960e+00	5.61603e+01
3.04163e+01	2.57850e+02	2.55069e+03	9.34235e+02	3.92496e+00	1.99003e+00	5.61207e+01
3.13668e+01	2.57890e+02	2.54995e+03	9.34268e+02	3.92552e+00	1.99047e+00	5.60807e+01
3.23173e+01	2.57931e+02	2.54920e+03	9.34299e+02	3.92609e+00	1.99090e+00	5.60403e+01
3.32678e+01	2.57971e+02	2.54845e+03	9.34327e+02	3.92666e+00	1.99134e+00	5.59996e+01
3.42183e+01	2.58012e+02	2.54770e+03	9.34353e+02	3.92723e+00	1.99177e+00	5.59585e+01
3.51688e+01	2.58054e+02	2.54696e+03	9.34377e+02	3.92779e+00	1.99220e+00	5.59170e+01
3.61193e+01	2.58096e+02	2.54621e+03	9.34399e+02	3.92836e+00	1.99263e+00	5.58751e+01
3.70698e+01	2.58138e+02	2.54546e+03	9.34419e+02	3.92892e+00	1.99306e+00	5.58329e+01
3.80203e+01	2.58181e+02	2.54472e+03	9.34436e+02	3.92948e+00	1.99350e+00	5.57902e+01
3.89708e+01	2.58225e+02	2.54397e+03	9.34450e+02	3.93005e+00	1.99393e+00	5.57471e+01
3.99213e+01	2.58268e+02	2.54322e+03	9.34462e+02	3.93061e+00	1.99436e+00	5.57037e+01
4.08719e+01	2.58313e+02	2.54248e+03	9.34471e+02	3.93117e+00	1.99478e+00	5.56598e+01
4.18224e+01	2.58357e+02	2.54173e+03	9.34478e+02	3.93173e+00	1.99521e+00	5.56156e+01
4.27729e+01	2.58403e+02	2.54099e+03	9.34482e+02	3.93229e+00	1.99564e+00	5.55709e+01
4.37234e+01	2.58448e+02	2.54024e+03	9.34482e+02	3.93284e+00	1.99607e+00	5.55258e+01
4.46739e+01	2.58494e+02	2.53949e+03	9.34480e+02	3.93340e+00	1.99650e+00	5.54803e+01
4.56244e+01	2.58541e+02	2.53875e+03	9.34475e+02	3.93396e+00	1.99692e+00	5.54343e+01
4.65749e+01	2.58588e+02	2.53800e+03	9.34467e+02	3.93451e+00	1.99735e+00	5.53880e+01
4.75254e+01	2.58636e+02	2.53726e+03	9.34455e+02	3.93507e+00	1.99778e+00	5.53412e+01
4.84759e+01	2.58684e+02	2.53651e+03	9.34440e+02	3.93562e+00	1.99820e+00	5.52940e+01
4.94264e+01	2.58732e+02	2.53577e+03	9.34422e+02	3.93617e+00	1.99863e+00	5.52464e+01
5.03769e+01	2.58781e+02	2.53502e+03	9.34400e+02	3.93673e+00	1.99905e+00	5.51983e+01
5.13274e+01	2.58831e+02	2.53428e+03	9.34375e+02	3.93728e+00	1.99948e+00	5.51498e+01
5.22780e+01	2.58881e+02	2.53353e+03	9.34345e+02	3.93783e+00	1.99990e+00	5.51008e+01
5.32285e+01	2.58932e+02	2.53279e+03	9.34312e+02	3.93838e+00	2.00032e+00	5.50514e+01
5.41790e+01	2.58983e+02	2.53204e+03	9.34275e+02	3.93893e+00	2.00075e+00	5.50015e+01
5.51295e+01	2.59034e+02	2.53130e+03	9.34234e+02	3.93948e+00	2.00117e+00	5.49512e+01
5.60800e+01	2.59087e+02	2.53055e+03	9.34189e+02	3.94003e+00	2.00159e+00	5.49004e+01
5.70305e+01	2.59139e+02	2.52981e+03	9.34140e+02	3.94057e+00	2.00201e+00	5.48492e+01
5.79810e+01	2.59193e+02	2.52906e+03	9.34086e+02	3.94112e+00	2.00243e+00	5.47975e+01
5.89315e+01	2.59247e+02	2.52832e+03	9.34028e+02	3.94167e+00	2.00285e+00	5.47454e+01
5.98820e+01	2.59301e+02	2.52757e+03	9.33965e+02	3.94221e+00	2.00327e+00	5.46927e+01
6.08325e+01	2.59356e+02	2.52683e+03	9.33898e+02	3.94276e+00	2.00369e+00	5.46396e+01
6.17830e+01	2.59412e+02	2.52609e+03	9.33826e+02	3.94330e+00	2.00411e+00	5.45860e+01
6.27335e+01	2.59468e+02	2.52534e+03	9.33749e+02	3.94384e+00	2.00453e+00	5.45319e+01
6.36840e+01	2.59524e+02	2.52460e+03	9.33667e+02	3.94439e+00	2.00495e+00	5.44774e+01
6.46346e+01	2.59582e+02	2.52385e+03	9.33579e+02	3.94493e+00	2.00537e+00	5.44223e+01
6.55851e+01	2.59640e+02	2.52311e+03	9.33487e+02	3.94547e+00	2.00579e+00	5.43668e+01
6.65356e+01	2.59698e+02	2.52237e+03	9.33389e+02	3.94601e+00	2.00620e+00	5.43108e+01
6.74861e+01	2.59757e+02	2.52162e+03	9.33286e+02	3.94655e+00	2.00662e+00	5.42542e+01
6.84366e+01	2.59817e+02	2.52088e+03	9.33178e+02	3.94709e+00	2.00704e+00	5.41972e+01
6.93871e+01	2.59877e+02	2.52014e+03	9.33063e+02	3.94763e+00	2.00745e+00	5.41397e+01
7.03376e+01	2.59938e+02	2.51939e+03	9.32943e+02	3.94817e+00	2.00787e+00	5.40816e+01
7.12881e+01	2.60000e+02	2.51865e+03	9.32817e+02	3.94871e+00	2.00829e+00	5.40230e+01
7.22386e+01	2.60062e+02	2.51790e+03	9.32686e+02	3.94924e+00	2.00870e+00	5.39640e+01
7.31891e+01	2.60125e+02	2.51716e+03	9.32548e+02	3.94978e+00	2.00912e+00	5.39043e+01
7.41396e+01	2.60189e+02	2.51642e+03	9.32404e+02	3.95032e+00	2.00953e+00	5.38442e+01
7.50901e+01	2.60253e+02	2.51567e+03	9.32254e+02	3.95085e+00	2.00994e+00	5.37835e+01
7.60407e+01	2.60318e+02	2.51493e+03	9.32098e+02	3.95139e+00	2.01036e+00	5.37223e+01
7.69912e+01	2.60384e+02	2.51419e+03	9.31935e+02	3.95192e+00	2.01077e+00	5.36606e+01
7.79417e+01	2.60450e+02	2.51344e+03	9.31767e+02	3.95245e+00	2.01119e+00	5.35983e+01
7.88922e+01	2.60517e+02	2.51270e+03	9.31592e+02	3.95299e+00	2.01160e+00	5.35355e+01
7.98427e+01	2.60585e+02	2.51196e+03	9.31410e+02	3.95352e+00	2.01201e+00	5.34722e+01
8.07932e+01	2.60653e+02	2.51121e+03	9.31222e+02	3.95405e+00	2.01242e+00	5.34082e+01
8.17437e+01	2.60722e+02	2.51047e+03	9.31028e+02	3.95458e+00	2.01283e+00	5.33438e+01
8.26942e+01	2.60792e+02	2.50973e+03	9.30827e+02	3.95512e+00	2.01325e+00	5.32787e+01
8.36447e+01	2.60862e+02	2.50898e+03	9.30620e+02	3.95565e+00	2.01366e+00	5.32132e+01
8.45952e+01	2.60934e+02	2.50824e+03	9.30407e+02	3.95618e+00	2.01407e+00	5.31470e+01
8.55457e+01	2.61006e+02	2.50749e+03	9.30188e+02	3.95671e+00	2.01448e+00	5.30803e+01
8.64962e+01	2.61079e+02	2.50675e+03	9.29962e+02	3.95724e+00	2.01489e+00	5.30130e+01
8.74468e+01	2.61152e+02	2.50601e+03	9.29730e+02	3.95776e+00	2.01530e+00	5.29451e+01
8.83973e+01	2.61226e+02	2.50526e+03	9.29492e+02	3.95829e+00	2.01571e+00	5.28766e+01
8.93478e+01	2.61301e+02	2.50452e+03	9.29248e+02	3.95882e+00	2.01612e+00	5.28076e+01
9.02983e+01	2.61377e+02	2.50377e+03	9.28998e+02	3.95935e+00	2.01653e+00	5.27379e+01
9.12488e+01	2.61454e+02	2.50303e+03	9.28743e+02	3.95988e+00	2.01694e+00	5.26677e+01
9.21993e+01	2.61531e+02	2.50229e+03	9.28482e+02	3.96040e+00	2.01734e+00	5.25969e+01
9.31498e+01	2.64965e+02	2.50154e+03	9.28216e+02	3.96187e+00	2.01823e+00	4.95904e+01
9.41003e+01	2.65000e+02	2.50080e+03	9.27945e+02	3.96239e+00	2.01863e+00	4.95608e+01
9.78912e+01	2.65032e+02	2.49816e+03	1.04597e+03	1.53395e+00	0.00000e+00	0.00000e+00
1.01682e+02	2.65066e+02	2.49553e+03	1.04757e+03	1.54139e+00	0.00000e+00	0.00000e+00
1.05473e+02	2.65103e+02	2.49291e+03	1.04916e+03	1.54885e+00	0.00000e+00	0.00000e+00
1.09264e+02	2.65142e+02	2.49029e+03	1.05073e+03	1.55632e+00	0.00000e+00	0.00000e+00
1.13055e+02	2.65183e+02	2.48768e+03	1.05229e+03	1.56382e+00	0.00000e+00	0.00000e+00
1.16846e+02	2.65226e+02	2.48507e+03	1.05383e+03	1.57133e+00	0.00000e+00	0.00000e+00
1.20637e+02	2.65272e+02	2.48246e+03	1.05536e+03	1.57886e+00	0.00000e+00	0.00000e+00
1.24427e+02	2.65319e+02	2.47987e+03	1.05687e+03	1.58641e+00	0.00000e+00	0.00000e+00
1.28218e+02	2.65368e+02	2.47727e+03	1.05837e+03	1.59398e+00	0.00000e+00	0.00000e+00
1.32009e+02	2.65419e+02	2.47468e+03	1.05986e+03	1.60155e+00	0.00000e+00	0.00000e+00
1.35800e+02	2.65472e+02	2.47210e+03	1.06133e+03	1.60914e+00	0.00000e+00	0.00000e+00
1.39591e+02	2.65526e+02	2.46952e+03	1.06279e+03	1.61672e+00	0.00000e+00	0.00000e+00
1.43382e+02	2.65582e+02	2.46694e+03	1.06423e+03	1.62429e+00	0.00000e+00	0.00000e+00
1.47173e+02	2.65640e+02	2.46437e+03	1.06566e+03	1.63186e+00	0.00000e+00	0.00000e+00
1.50964e+02	2.65699e+02	2.46180e+03	1.06708e+03	1.63942e+00	0.00000e+00	0.00000e+00
1.54755e+02	2.65760e+02	2.45924e+03	1.06848e+03	1.64696e+00	0.00000e+00	0.00000e+00
1.58545e+02	2.65823e+02	2.45668e+03	1.06987e+03	1.65448e+00	0.00000e+00	0.00000e+00
1.62336e+02	2.65886e+02	2.45413e+03	1.07125e+03	1.66199e+00	0.00000e+00	0.00000e+00
1.66127e+02	2.65951e+02	2.45158e+03	1.07262e+03	1.66948e+00	0.00000e+00	0.00000e+00
1.69918e+02	2.66018e+02	2.44904e+03	1.07397e+03	1.67695e+00	0.00000e+00	0.00000e+00
1.73709e+02	2.66086e+02	2.44649e+03	1.07531e+03	1.68440e+00	0.00000e+00	0.00000e+00
1.77500e+02	2.66155e+02	2.44396e+03	1.07664e+03	1.69183e+00	0.00000e+00	0.00000e+00
1.81291e+02	2.66225e+02	2.44143e+03	1.07796e+03	1.69923e+00	0.00000e+00	0.00000e+00
1.85082e+02	2.66297e+02	2.43890e+03	1.07927e+03	1.70660e+00	0.00000e+00	0.00000e+00
1.88873e+02	2.66369e+02	2.43637e+03	1.08056e+03	1.71395e+00	0.00000e+00	0.00000e+00
1.92663e+02	2.66443e+02	2.43385e+03	1.08185e+03	1.72127e+00	0.00000e+00	0.00000e+00
1.96454e+02	2.66518e+02	2.43134e+03	1.08312e+03	1.72856e+00	0.00000e+00	0.00000e+00
2.00245e+02	2.66594e+02	2.42883e+03	1.08439e+03	1.73583e+00	0.00000e+00	0.00000e+00
2.04036e+02	2.66671e+02	2.42632e+03	1.08564e+03	1.74306e+00	0.00000e+00	0.00000e+00
2.07827e+02	2.66749e+02	2.42382e+03	1.08688e+03	1.75027e+00	0.00000e+00	0.00000e+00
2.11618e+02	2.66828e+02	2.42132e+03	1.08811e+03	1.75744e+00	0.00000e+00	0.00000e+00
2.15409e+02	2.66908e+02	2.41882e+03	1.08934e+03	1.76457e+00	0.00000e+00	0.00000e+00
2.19200e+02	2.66989e+02	2.41633e+03	1.09055e+03	1.77165e+00	0.00000e+00	0.00000e+00
2.22991e+02	2.67071e+02	2.41384e+03	1.09175e+03	1.77870e+00	0.00000e+00	0.00000e+00
2.26781e+02	2.67153e+02	2.41135e+03	1.09294e+03	1.78570e+00	0.00000e+00	0.00000e+00
2.30572e+02	2.67236e+02	2.40887e+03	1.09413e+03	1.79265e+00	0.00000e+00	0.00000e+00
2.34363e+02	2.67320e+02	2.40640e+03	1.09530e+03	1.79955e+00	0.00000e+00	0.00000e+00
2.38154e+02	2.67405e+02	2.40392e+03	1.09647e+03	1.80641e+00	0.00000e+00	0.00000e+00
2.41945e+02	2.67491e+02	2.40145e+03	1.09763e+03	1.81322e+00	0.00000e+00	0.00000e+00
2.45736e+02	2.67577e+02	2.39899e+03	1.09878e+03	1.81998e+00	0.00000e+00	0.00000e+00
2.49527e+02	2.67664e+02	2.39652e+03	1.09992e+03	1.82671e+00	0.00000e+00	0.00000e+00
2.53318e+02	2.67752e+02	2.39407e+03	1.10105e+03	1.83339e+00	0.00000e+00	0.00000e+00
2.57109e+02	2.67840e+02	2.39161e+03	1.10217e+03	1.84004e+00	0.00000e+00	0.00000e+00
2.60899e+02	2.67929e+02	2.38916e+03	1.10329e+03	1.84664e+00	0.00000e+00	0.00000e+00
2.64690e+02	2.68019e+02	2.38671e+03	1.10440e+03	1.85321e+00	0.00000e+00	0.00000e+00
2.68481e+02	2.68109e+02	2.38426e+03	1.10550e+03	1.85975e+00	0.00000e+00	0.00000e+00
2.72272e+02	2.68200e+02	2.38182e+03	1.10659e+03	1.86625e+00	0.00000e+00	0.00000e+00
2.76063e+02	2.68291e+02	2.37939e+03	1.10767e+03	1.87271e+00	0.00000e+00	0.00000e+00
2.79854e+02	2.68383e+02	2.37695e+03	1.10875e+03	1.87915e+00	0.00000e+00	0.00000e+00
2.83645e+02	2.68476e+02	2.37452e+03	1.10982e+03	1.88555e+00	0.00000e+00	0.00000e+00
2.87436e+02	2.68569e+02	2.37209e+03	1.11088e+03	1.89192e+00	0.00000e+00	0.00000e+00
2.91226e+02	2.68662e+02	2.36967e+03	1.11194e+03	1.89826e+00	0.00000e+00	0.00000e+00
2.95017e+02	2.68756e+02	2.36725e+03	1.11299e+03	1.90457e+00	0.00000e+00	0.00000e+00
2.98808e+02	2.68851e+02	2.36483e+03	1.11403e+03	1.91086e+00	0.00000e+00	0.00000e+00
3.02599e+02	2.68946e+02	2.36242e+03	1.11507e+03	1.91711e+00	0.00000e+00	0.00000e+00
3.06390e+02	2.69041e+02	2.36000e+03	1.11609e+03	1.92333e+00	0.00000e+00	0.00000e+00
3.10181e+02	2.69137e+02	2.35760e+03	1.11712e+03	1.92952e+00	0.00000e+00	0.00000e+00
3.13972e+02	2.69234e+02	2.35519e+03	1.11813e+03	1.93568e+00	0.00000e+00	0.00000e+00
3.17763e+02	2.69331e+02	2.35279e+03	1.11914e+03	1.94180e+00	0.00000e+00	0.00000e+00
3.21554e+02	2.69428e+02	2.35039e+03	1.12014e+03	1.94788e+00	0.00000e+00	0.00000e+00
3.25344e+02	2.69525e+02	2.34800e+03	1.12114e+03	1.95393e+00	0.00000e+00	0.00000e+00
3.29135e+02	2.69623e+02	2.34561e+03	1.12213e+03	1.95994e+00	0.00000e+00	0.00000e+00
3.32926e+02	2.69722e+02	2.34322e+03	1.12311e+03	1.96592e+00	0.00000e+00	0.00000e+00
3.36717e+02	2.69820e+02	2.34083e+03	1.12409e+03	1.97185e+00	0.00000e+00	0.00000e+00
3.40508e+02	2.69920e+02	2.33845e+03	1.12506e+03	1.97775e+00	0.00000e+00	0.00000e+00
3.44299e+02	2.70019e+02	2.33607e+03	1.12603e+03	1.98360e+00	0.00000e+00	0.00000e+00
3.48090e+02	2.70119e+02	2.33369e+03	1.12699e+03	1.98942e+00	0.00000e+00	0.00000e+00
3.51881e+02	2.70219e+02	2.33132e+03	1.12794e+03	1.99520e+00	0.00000e+00	0.00000e+00
3.55672e+02	2.70319e+02	2.32895e+03	1.12889e+03	2.00094e+00	0.00000e+00	0.00000e+00
3.59462e+02	2.70420e+02	2.32658e+03	1.12984e+03	2.00664e+00	0.00000e+00	0.00000e+00
3.63253e+02	2.70521e+02	2.32422e+03	1.13078e+03	2.01230e+00	0.00000e+00	0.00000e+00
3.67044e+02	2.70622e+02	2.32186e+03	1.13171e+03	2.01792e+00	0.00000e+00	0.00000e+00
3.70835e+02	2.70724e+02	2.31950e+03	1.13264e+03	2.02351e+00	0.00000e+00	0.00000e+00
3.74626e+02	2.70825e+02	2.31715e+03	1.13356e+03	2.02906e+00	0.00000e+00	0.00000e+00
3.78417e+02	2.70928e+02	2.31480e+03	1.13448e+03	2.03457e+00	0.00000e+00	0.00000e+00
3.82208e+02	2.71030e+02	2.31245e+03	1.13539e+03	2.04005e+00	0.00000e+00	0.00000e+00
3.85999e+02	2.71132e+02	2.31010e+03	1.13630e+03	2.04549e+00	0.00000e+00	0.00000e+00
3.89790e+02	2.71235e+02	2.30776e+03	1.13721e+03	2.05090e+00	0.00000e+00	0.00000e+00
3.93580e+02	2.71338e+02	2.30542e+03	1.13811e+03	2.05629e+00	0.00000e+00	0.00000e+00
3.97371e+02	2.71442e+02	2.30308e+03	1.13900e+03	2.06165e+00	0.00000e+00	0.00000e+00
4.01162e+02	2.71545e+02	2.30075e+03	1.13989e+03	2.06699e+00	0.00000e+00	0.00000e+00
4.04953e+02	2.71649e+02	2.29841e+03	1.14077e+03	2.07232e+00	0.00000e+00	0.00000e+00
4.08744e+02	2.71753e+02	2.29609e+03	1.14165e+03	2.07763e+00	0.00000e+00	0.00000e+00
4.12535e+02	2.71857e+02	2.29376e+03	1.14253e+03	2.08292e+00	0.00000e+00	0.00000e+00
4.16326e+02	2.71962e+02	2.29144e+03	1.14340e+03	2.08820e+00	0.00000e+00	0.00000e+00
4.20117e+02	2.72066e+02	2.28912e+03	1.14427e+03	2.09347e+00	0.00000e+00	0.00000e+00
4.23908e+02	2.72171e+02	2.28680e+03	1.14513e+03	2.09872e+00	0.00000e+00	0.00000e+00
4.27698e+02	2.72276e+02	2.28449e+03	1.14599e+03	2.10395e+00	0.00000e+00	0.00000e+00
4.31489e+02	2.72381e+02	2.28218e+03	1.14684e+03	2.10916e+00	0.00000e+00	0.00000e+00
4.35280e+02	2.72487e+02	2.27987e+03	1.14769e+03	2.11436e+00	0.00000e+00	0.00000e+00
4.39071e+02	2.72592e+02	2.27756e+03	1.14854e+03	2.11954e+00	0.00000e+00	0.00000e+00
4.42862e+02	2.72698e+02	2.27526e+03	1.14938e+03	2.12471e+00	0.00000e+00	0.00000e+00
4.46653e+02	2.72804e+02	2.27296e+03	1.15022e+03	2.12986e+00	0.00000e+00	0.00000e+00
4.50444e+02	2.72910e+02	2.27066e+03	1.15105e+03	2.13499e+00	0.00000e+00	0.00000e+00
4.54235e+02	2.73017e+02	2.26836e+03	1.15188e+03	2.14011e+00	0.00000e+00	0.00000e+00
4.58026e+02	2.73123e+02	2.26607e+03	1.15271e+03	2.14521e+00	0.00000e+00	0.00000e+00
4.61816e+02	2.73230e+02	2.26378e+03	1.15353e+03	2.15030e+00	0.00000e+00	0.00000e+00
4.65607e+02	2.73337e+02	2.26150e+03	1.15435e+03	2.15537e+00	0.00000e+00	0.00000e+00
4.69398e+02	2.73444e+02	2.25921e+03	1.15516e+03	2.16043e+00	0.00000e+00	0.00000e+00
4.73189e+02	2.73551e+02	2.25693e+03	1.15597e+03	2.16548e+00	0.00000e+00	0.00000e+00
4.76980e+02	2.73659e+02	2.25465e+03	1.15678e+03	2.17051e+00	0.00000e+00	0.00000e+00
4.80771e+02	2.73766e+02	2.25238e+03	1.15758e+03	2.17553e+00	0.00000e+00	0.00000e+00
4.84562e+02	2.73874e+02	2.25010e+03	1.15838e+03	2.18053e+00	0.00000e+00	0.00000e+00
4.88353e+02	2.73982e+02	2.24783e+03	1.15917e+03	2.18552e+00	0.00000e+00	0.00000e+00
4.92144e+02	2.74090e+02	2.24557e+03	1.15996e+03	2.19050e+00	0.00000e+00	0.00000e+00
4.95934e+02	2.74198e+02	2.24330e+03	1.16075e+03	2.19546e+00	0.00000e+00	0.00000e+00
4.99725e+02	2.74307e+02	2.24104e+03	1.16154e+03	2.20040e+00	0.00000e+00	0.00000e+00
5.03516e+02	2.74415e+02	2.23878e+03	1.16232e+03	2.20532e+00	0.00000e+00	0.00000e+00
5.07307e+02	2.74524e+02	2.23652e+03	1.16309e+03	2.21022e+00	0.00000e+00	0.00000e+00
5.11098e+02	2.74633e+02	2.23427e+03	1.16387e+03	2.21511e+00	0.00000e+00	0.00000e+00
5.14889e+02	2.74742e+02	2.23201e+03	1.16464e+03	2.21999e+00	0.00000e+00	0.00000e+00
5.18680e+02	2.74851e+02	2.22976e+03	1.16541e+03	2.22485e+00	0.00000e+00	0.00000e+00
5.22471e+02	2.74960e+02	2.22752e+03	1.16617e+03	2.22969e+00	0.00000e+00	0.00000e+00
5.26262e+02	2.75069e+02	2.22527e+03	1.16693e+03	2.23452e+00	0.00000e+00	0.00000e+00
5.30052e+02	2.75179e+02	2.22303e+03	1.16769e+03	2.23935e+00	0.00000e+00	0.00000e+00
5.33843e+02	2.75288e+02	2.22079e+03	1.16844e+03	2.24415e+00	0.00000e+00	0.00000e+00
5.37634e+02	2.75398e+02	2.21855e+03	1.16919e+03	2.24895e+00	0.00000e+00	0.00000e+00
5.41425e+02	2.75508e+02	2.21632e+03	1.16994e+03	2.25374e+00	0.00000e+00	0.00000e+00
5.45216e+02	2.75618e+02	2.21409e+03	1.17068e+03	2.25851e+00	0.00000e+00	0.00000e+00
5.49007e+02	2.75728e+02	2.21186e+03	1.17142e+03	2.26327e+00	0.00000e+00	0.00000e+00
5.52798e+02	2.75838e+02	2.20963e+03	1.17216e+03	2.26803e+00	0.00000e+00	0.00000e+00
5.56589e+02	2.75948e+02	2.20741e+03	1.17290e+03	2.27277e+00	0.00000e+00	0.00000e+00
5.60380e+02	2.76059e+02	2.20519e+03	1.17363e+03	2.27750e+00	0.00000e+00	0.00000e+00
5.64170e+02	2.76169e+02	2.20297e+03	1.17436e+03	2.28222e+00	0.00000e+00	0.00000e+00
5.67961e+02	2.76280e+02	2.20075e+03	1.17508e+03	2.28692e+00	0.00000e+00	0.00000e+00
5.71752e+02	2.76390e+02	2.19854e+03	1.17581e+03	2.29162e+00	0.00000e+00	0.00000e+00
5.75543e+02	2.76501e+02	2.19633e+03	1.17653e+03	2.29629e+00	0.00000e+00	0.00000e+00
5.79334e+02	2.76612e+02	2.19412e+03	1.17724e+03	2.30095e+00	0.00000e+00	0.00000e+00
5.83125e+02	2.76723e+02	2.19191e+03	1.17796e+03	2.30560e+00	0.00000e+00	0.00000e+00
5.86916e+02	2.76834e+02	2.18971e+03	1.17867e+03	2.31022e+00	0.00000e+00	0.00000e+00
5.90707e+02	2.76945e+02	2.18751e+03	1.17938e+03	2.31482e+00	0.00000e+00	0.00000e+00
5.94498e+02	2.77056e+02	2.18531e+03	1.18008e+03	2.31939e+00	0.00000e+00	0.00000e+00
5.98288e+02	2.77167e+02	2.18311e+03	1.18078e+03	2.32393e+00	0.00000e+00	0.00000e+00
6.02079e+02	2.77278e+02	2.18092e+03	1.18148e+03	2.32845e+00	0.00000e+00	0.00000e+00
6.05870e+02	2.77390e+02	2.17872e+03	1.18218e+03	2.33294e+00	0.00000e+00	0.00000e+00
6.09661e+02	2.77501e+02	2.17654e+03	1.18288e+03	2.33741e+00	0.00000e+00	0.00000e+00
6.13452e+02	2.77613e+02	2.17435e+03	1.18357e+03	2.34186e+00	0.00000e+00	0.00000e+00
6.17243e+02	2.77724e+02	2.17216e+03	1.18426e+03	2.34628e+00	0.00000e+00	0.00000e+00
6.21034e+02	2.77836e+02	2.16998e+03	1.18494e+03	2.35069e+00	0.00000e+00	0.00000e+00
6.24825e+02	2.77947e+02	2.16780e+03	1.18563e+03	2.35507e+00	0.00000e+00	0.00000e+00
6.28616e+02	2.78059e+02	2.16563e+03	1.18631e+03	2.35944e+00	0.00000e+00	0.00000e+00
6.32406e+02	2.78170e+02	2.16345e+03	1.18699e+03	2.36379e+00	0.00000e+00	0.00000e+00
6.36197e+02	2.78282e+02	2.16128e+03	1.18767e+03	2.36813e+00	0.00000e+00	0.00000e+00
6.39988e+02	2.78394e+02	2.15911e+03	1.18834e+03	2.37245e+00	0.00000e+00	0.00000e+00
6.43779e+02	2.78506e+02	2.15694e+03	1.18901e+03	2.37676e+00	0.00000e+00	0.00000e+00
6.47570e+02	2.78618e+02	2.15478e+03	1.18968e+03	2.38106e+00	0.00000e+00	0.00000e+00
6.51361e+02	2.78730e+02	2.15261e+03	1.19035e+03	2.38534e+00	0.00000e+00	0.00000e+00
6.55152e+02	2.78841e+02	2.15045e+03	1.19101e+03	2.38961e+00	0.00000e+00	0.00000e+00
6.58943e+02	2.78953e+02	2.14829e+03	1.19168e+03	2.39387e+00	0.00000e+00	0.00000e+00
6.62734e+02	2.79066e+02	2.14614e+03	1.19234e+03	2.39811e+00	0.00000e+00	0.00000e+00
6.66524e+02	2.79178e+02	2.14399e+03	1.19299e+03	2.40235e+00	0.00000e+00	0.00000e+00
6.70315e+02	2.79290e+02	2.14183e+03	1.19365e+03	2.40657e+00	0.00000e+00	0.00000e+00
6.74106e+02	2.79402e+02	2.13969e+03	1.19430e+03	2.41079e+00	0.00000e+00	0.00000e+00
6.77897e+02	2.79514e+02	2.13754e+03	1.19495e+03	2.41499e+00	0.00000e+00	0.00000e+00
6.81688e+02	2.79626e+02	2.13540e+03	1.19560e+03	2.41919e+00	0.00000e+00	0.00000e+00
6.85479e+02	2.79739e+02	2.13325e+03	1.19625e+03	2.42338e+00	0.00000e+00	0.00000e+00
6.89270e+02	2.79851e+02	2.13112e+03	1.19689e+03	2.42757e+00	0.00000e+00	0.00000e+00
6.93061e+02	2.78111e+02	2.12928e+03	1.39413e+03	4.39103e+00	2.25341e+00	1.28620e+02
6.96852e+02	2.78396e+02	2.12744e+03	1.39411e+03	4.39357e+00	2.25523e+00	1.27906e+02
7.00642e+02	2.78681e+02	2.12561e+03	1.39410e+03	4.39610e+00	2.25705e+00	1.27198e+02
7.04433e+02	2.78966e+02	2.12378e+03	1.39408e+03	4.39863e+00	2.25888e+00	1.26495e+02
7.08224e+02	2.79251e+02	2.12194e+03	1.39406e+03	4.40117e+00	2.26070e+00	1.25797e+02
7.12015e+02	2.79527e+02	2.12011e+03	1.39404e+03	4.40370e+00	2.26251e+00	1.25127e+02
7.15806e+02	2.79801e+02	2.11828e+03	1.39402e+03	4.40623e+00	2.26433e+00	1.24465e+02
7.19597e+02	2.80075e+02	2.11644e+03	1.39400e+03	4.40875e+00	2.26615e+00	1.23809e+02
7.23388e+02	2.80349e+02	2.11461e+03	1.39399e+03	4.41128e+00	2.26796e+00	1.23157e+02
7.27179e+02	2.80623e+02	2.11278e+03	1.39397e+03	4.41380e+00	2.26977e+00	1.22509e+02
7.30970e+02	2.80898e+02	2.11095e+03	1.39395e+03	4.41633e+00	2.27158e+00	1.21867e+02
7.34760e+02	2.81170e+02	2.10912e+03	1.39393e+03	4.41885e+00	2.27339e+00	1.21232e+02
7.38551e+02	2.81435e+02	2.10729e+03	1.39391e+03	4.42137e+00	2.27520e+00	1.20621e+02
7.42342e+02	2.81699e+02	2.10546e+03	1.39390e+03	4.42389e+00	2.27701e+00	1.20015e+02
7.46133e+02	2.81963e+02	2.10363e+03	3.52659e+03	4.57455e+00	2.60310e+00	3.30419e+13
8.63556e+02	3.21992e+02	2.08126e+03	3.52659e+03	4.57146e+00	2.59915e+00	8.42436e+11
9.78238e+02	3.61593e+02	2.05888e+03	3.52689e+03	7.99349e+00	4.54098e+00	4.94205e+10
1.09016e+03	4.00766e+02	2.03650e+03	3.52696e+03	7.98597e+00	4.53295e+00	5.16405e+09
1.19927e+03	4.39511e+02	2.01412e+03	3.52683e+03	7.97776e+00	4.52458e+00	8.18297e+08
1.30553e+03	4.77827e+02	1.99174e+03	3.52655e+03	7.96899e+00	4.51595e+00	1.76829e+08
1.40891e+03	5.15716e+02	1.96936e+03	3.52614e+03	7.95975e+00	4.50712e+00	4.84453e+07
1.50935e+03	5.53176e+02	1.94698e+03	3.52562e+03	7.95012e+00	4.49814e+00	1.59789e+07
1.60682e+03	5.90209e+02	1.92460e+03	3.52500e+03	7.94014e+00	4.48904e+00	6.11029e+06
1.70127e+03	6.26813e+02	1.90222e+03	3.52428e+03	7.92986e+00	4.47984e+00	2.63376e+06
1.79266e+03	6.62989e+02	1.87984e+03	3.52348e+03	7.91932e+00	4.47057e+00	1.25251e+06
1.88094e+03	6.98737e+02	1.85746e+03	3.52261e+03	7.90852e+00	4.46125e+00	6.46348e+05
1.96606e+03	7.34056e+02	1.83509e+03	3.52165e+03	7.89750e+00	4.45188e+00	3.57237e+05
2.04797e+03	7.68948e+02	1.81271e+03	3.52063e+03	7.88626e+00	4.44248e+00	2.09278e+05
2.12662e+03	8.03412e+02	1.79033e+03	3.51953e+03	7.87481e+00	4.43305e+00	1.28857e+05
2.20195e+03	8.37447e+02	1.76795e+03	3.51836e+03	7.86315e+00	4.42360e+00	8.28185e+04
2.27391e+03	8.71054e+02	1.74557e+03	3.51712e+03	7.85130e+00	4.41414e+00	5.52480e+04
2.34244e+03	9.04234e+02	1.72319e+03	3.51581e+03	7.83923e+00	4.40466e+00	3.80737e+04
2.40748e+03	9.36985e+02	1.70081e+03	3.51443e+03	7.82696e+00	4.39517e+00	2.69982e+04
2.46895e+03	9.69308e+02	1.67843e+03	3.51297e+03	7.81448e+00	4.38566e+00	1.96331e+04
2.52679e+03	1.00120e+03	1.65605e+03	3.51144e+03	7.80178e+00	4.37615e+00	1.45998e+04
2.58093e+03	1.03267e+03	1.63367e+03	3.50983e+03	7.78887e+00	4.36663e+00	1.10752e+04
2.63129e+03	1.06371e+03	1.61129e+03	3.50814e+03	7.77573e+00	4.35711e+00	8.55225e+03
2.67779e+03	1.09432e+03	1.58892e+03	3.50637e+03	7.76235e+00	4.34757e+00	6.71029e+03
2.72035e+03	1.12450e+03	1.56654e+03	3.50452e+03	7.74872e+00	4.33802e+00	5.34121e+03
2.75887e+03	1.15425e+03	1.54416e+03	3.50258e+03	7.73484e+00	4.32846e+00	4.30692e+03
2.79327e+03	1.18358e+03	1.52178e+03	3.50055e+03	7.72069e+00	4.31888e+00	3.51386e+03
2.82343e+03	1.21248e+03	1.49940e+03	3.49843e+03	7.70626e+00	4.30929e+00	2.89747e+03
2.84927e+03	1.24095e+03	1.47702e+03	3.49622e+03	7.69151e+00	4.29967e+00	2.41237e+03
2.87067e+03	1.26899e+03	1.45464e+03	3.49390e+03	7.67648e+00	4.29003e+00	2.02620e+03
2.88750e+03	1.29660e+03	1.43226e+03	3.49148e+03	7.66109e+00	4.28036e+00	1.71550e+03
2.89965e+03	1.32379e+03	1.40988e+03	3.48895e+03	7.64536e+00	4.27066e+00	1.46307e+03
2.90698e+03	1.35055e+03	1.38750e+03	3.48631e+03	7.62924e+00	4.26091e+00	1.25610e+03
2.90935e+03	1.37688e+03	1.36512e+03	3.48354e+03	7.61274e+00	4.25112e+00	1.08495e+03
2.90661e+03	1.40278e+03	1.34275e+03	3.48065e+03	7.59580e+00	4.24128e+00	9.42300e+02
2.89861e+03	1.42825e+03	1.32037e+03	3.47763e+03	7.57842e+00	4.23139e+00	8.22523e+02
2.88517e+03	1.45330e+03	1.29799e+03	3.47446e+03	7.56055e+00	4.22142e+00	7.21249e+02
2.86611e+03	1.47791e+03	1.27561e+03	3.47115e+03	7.54218e+00	4.21139e+00	6.35057e+02
2.84125e+03	1.50210e+03	1.25323e+03	3.46769e+03	7.52323e+00	4.20127e+00	5.61249e+02
2.81036e+03	1.52586e+03	1.23085e+03	3.46406e+03	7.48905e+00	4.18157e+00	4.97677e+02
2.77324e+03	1.54919e+03	1.20847e+03	3.45429e+03	7.27914e+00	4.04816e+00	4.42620e+02
2.72972e+03	1.57210e+03	1.18609e+03	3.37267e+03	7.25999e+00	4.03818e+00	3.94698e+02
2.68063e+03	1.59458e+03	1.16371e+03	3.36847e+03	7.24029e+00	4.02810e+00	3.52931e+02
2.62483e+03	1.61662e+03	1.14133e+03	3.36410e+03	7.21986e+00	4.01786e+00	3.16234e+02
2.56204e+03	1.63824e+03	1.11895e+03	3.35950e+03	7.19862e+00	4.00745e+00	2.83846e+02
2.49196e+03	1.65944e+03	1.09658e+03	3.35466e+03	7.17655e+00	3.99685e+00	2.55137e+02
2.41427e+03	1.68020e+03	1.07420e+03	3.34956e+03	7.15356e+00	3.98605e+00	2.29586e+02
2.32862e+03	1.70053e+03	1.05182e+03	3.34420e+03	7.12959e+00	3.97502e+00	2.06755e+02
2.23461e+03	1.72044e+03	1.02944e+03	3.33854e+03	7.10451e+00	3.96373e+00	1.86281e+02
2.13185e+03	1.73992e+03	1.00706e+03	3.33257e+03	7.07824e+00	3.95215e+00	1.67855e+02
2.01989e+03	1.75897e+03	9.84680e+02	3.32625e+03	7.05066e+00	3.94027e+00	1.51219e+02
1.89824e+03	1.77760e+03	9.62301e+02	3.31957e+03	7.02165e+00	3.92802e+00	1.36152e+02
1.76637e+03	1.79579e+03	9.39922e+02	3.31248e+03	6.95562e+00	3.90033e+00	1.22469e+02
1.62372e+03	1.81356e+03	9.17543e+02	3.29785e+03	6.92255e+00	3.88729e+00	1.10011e+02
1.46999e+03	1.83090e+03	8.95164e+02	3.28979e+03	6.88749e+00	3.87376e+00	9.86550e+01
1.30419e+03	1.84781e+03	8.72784e+02	3.28120e+03	6.84902e+00	3.85727e+00	8.82727e+01
1.12559e+03	1.86429e+03	8.50405e+02	3.27053e+03	6.79417e+00	3.82381e+00	7.87659e+01
9.33456e+02	1.88034e+03	8.28026e+02	3.24966e+03	6.72190e+00	3.79745e+00	7.00534e+01
7.27499e+02	1.89597e+03	8.05647e+02	3.23450e+03	6.67459e+00	3.78119e+00	6.20786e+01
5.06419e+02	1.91117e+03	7.83268e+02	3.22313e+03	6.62322e+00	3.76400e+00	5.47688e+01
2.68842e+02	1.92594e+03	7.60889e+02	3.21083e+03	6.56701e+00	3.74575e+00	4.80653e+01
1.35700e+01	1.94028e+03	7.38510e+02	3.19746e+03	6.52854e+00	3.73104e+00	4.19252e+01
-2.60722e+02	1.95419e+03	7.16131e+02	3.18638e+03	6.64161e+00	3.74760e+00	3.63127e+01
-5.55829e+02	1.96768e+03	6.93752e+02	3.19868e+03	6.81891e+00	3.76742e+00	3.11934e+01
-8.75916e+02	1.98074e+03	6.71373e+02	3.21356e+03	6.86412e+00	3.79494e+00	2.65150e+01
-1.22375e+03	1.99337e+03	6.48994e+02	3.23210e+03	6.49612e+00	3.70673e+00	2.22608e+01
-1.60265e+03	2.00557e+03	6.26614e+02	3.16471e+03	6.11223e+00	3.60975e+00	1.84177e+01
-2.00507e+03	2.01734e+03	6.04235e+02	3.09063e+03	6.01878e+00	3.58272e+00	1.50543e+01
-2.43198e+03	2.02869e+03	5.81856e+02	3.06845e+03	5.92080e+00	3.55457e+00	1.21419e+01
-2.89320e+03	2.03960e+03	5.59477e+02	3.04513e+03	5.81630e+00	3.52475e+00	9.60938e+00
-3.39235e+03	2.05009e+03	5.37098e+02	3.02018e+03	5.70454e+00	3.49309e+00	7.43987e+00
-3.93355e+03	2.06015e+03	5.14719e+02	2.99342e+03	5.58470e+00	3.45934e+00	5.61475e+00
-4.52157e+03	2.06979e+03	4.92340e+02	2.96464e+03	5.45580e+00	3.42327e+00	4.11258e+00
-5.16198e+03	2.07899e+03	4.69961e+02	2.93361e+03	5.31671e+00	3.38456e+00	2.90839e+00
-5.86131e+03	2.08777e+03	4.47582e+02	2.90004e+03	5.16612e+00	3.34286e+00	1.97329e+00
-6.62725e+03	2.09612e+03	4.25203e+02	2.86361e+03	5.00247e+00	3.29776e+00	1.27452e+00
-7.46896e+03	2.10404e+03	4.02824e+02	2.82395e+03	4.82389e+00	3.24877e+00	7.76137e-01
-8.39738e+03	2.11153e+03	3.80444e+02	2.78058e+03	4.62818e+00	3.19530e+00	4.40281e-01
-9.42576e+03	2.11859e+03	3.58065e+02	2.73298e+03	4.41264e+00	3.13662e+00	2.29143e-01
-1.05702e+04	2.12523e+03	3.35686e+02	2.68047e+03	4.17401e+00	3.07187e+00	1.07302e-01
-1.18506e+04	2.13144e+03	3.13307e+02	2.62226e+03	3.90826e+00	2.99998e+00	4.40826e-02
-1.32917e+04	2.13722e+03	2.90928e+02	2.55735e+03	3.61038e+00	2.91962e+00	1.53701e-02
-1.49247e+04	2.14257e+03	2.68549e+02	2.48452e+03	3.27405e+00	2.82909e+00	4.35104e-03
-1.67896e+04	2.14749e+03	2.46170e+02	2.40220e+03	2.89117e+00	2.72624e+00	9.41559e-04
-1.89381e+04	2.15199e+03	2.23791e+02	2.30841e+03	2.45124e+00	2.60829e+00	1.43267e-04
-2.14388e+04	2.15605e+03	2.01412e+02	2.20057e+03	1.94035e+00	2.47152e+00	1.36142e-05
-2.43844e+04	2.15969e+03	1.79033e+02	2.07526e+03	1.33978e+00	2.31094e+00	6.79833e-07
-2.79022e+04	2.16290e+03	1.56654e+02	1.92787e+03	6.23661e-01	2.11968e+00	1.37705e-08
-3.21724e+04	2.16569e+03	1.34275e+02	1.75205e+03	-2.44510e-01	1.88801e+00	7.57440e-11
-3.74564e+04	2.16804e+03	1.11895e+02	1.53882e+03	-1.31766e+00	1.60184e+00	5.93175e-14
-4.41406e+04	2.16997e+03	8.95164e+01	1.27517e+03	-2.67413e+00	1.24031e+00	2.24676e-18
-5.27963e+04	2.17146e+03	6.71373e+01	9.41847e+02	-4.42970e+00	7.72599e-01	6.42437e-25
-6.41626e+04	2.17254e+03	4.47582e+01	5.10388e+02	-6.73412e+00	1.58823e-01	6.48903e-35
-7.80215e+04	2.17318e+03	2.23791e+01	-5.60217e+01	-9.54324e+00	-5.89260e-01	2.94481e-49
-7.19367e+04	NaN	0.00000e+00	-7.46529e+02	NaN	NaN	NaN
-7.19367e+04	NaN	0.00000e+00	NaN	NaN	NaN	1.00000e+04
NaN	NaN	0.00000e+00	NaN	NaN	NaN	1.00000e+04
NaN	NaN	0.00000e+00	NaN	NaN	NaN	1.00000e+04
NaN	NaN	0.00000e+00	NaN	NaN	NaN	1.00000e+04
NaN	NaN	0.00000e+00	NaN	NaN	NaN	1.00000e+04
NaN	NaN	0.00000e+00	NaN	NaN	NaN	1.00000e+04
NaN	NaN	0.00000e+00	NaN	NaN	NaN	1.00000e+04
NaN	NaN	0.00000e+00	NaN	NaN	NaN	1.00000e+04
NaN	NaN	0.00000e+00	NaN	NaN	NaN	1.00000e+04
NaN	NaN	0.00000e+00	NaN	NaN	NaN	1.00000e+04
