P (MPa)		T (K)		r (km)		rho (kg m-3)	VP (km s-1)	VS (km s-1)	QS/gamma	
0.00000e+00	9.40000e+01	2.57470e+03	9.32503e+02	3.87821e+00	1.96165e+00	1.36549e+05
1.06209e+00	1.04902e+02	2.57386e+03	9.32503e+02	3.87965e+00	1.96254e+00	3.76220e+04
2.12418e+00	1.17068e+02	2.57302e+03	9.32589e+02	3.88132e+00	1.96356e+00	1.18516e+04
3.18627e+00	1.30645e+02	2.57218e+03	9.32674e+02	3.88331e+00	1.96473e+00	4.20966e+03
4.24836e+00	1.45797e+02	2.57134e+03	9.32757e+02	3.88572e+00	1.96611e+00	1.66508e+03
5.31044e+00	1.62705e+02	2.57050e+03	9.32841e+02	3.88872e+00	1.96779e+00	7.25242e+02
6.37253e+00	1.81575e+02	2.56966e+03	9.32923e+02	3.89250e+00	1.96987e+00	3.44384e+02
7.43462e+00	2.02634e+02	2.56882e+03	9.33004e+02	3.89732e+00	1.97248e+00	1.76691e+02
8.49671e+00	2.26134e+02	2.56798e+03	9.33085e+02	3.90341e+00	1.97573e+00	9.71646e+01
9.55880e+00	2.52361e+02	2.56714e+03	9.33165e+02	3.91093e+00	1.97970e+00	5.68578e+01
1.06209e+01	2.52392e+02	2.56630e+03	9.33243e+02	3.91159e+00	1.98020e+00	5.68255e+01
1.16830e+01	2.52423e+02	2.56546e+03	9.33321e+02	3.91225e+00	1.98070e+00	5.67928e+01
1.27451e+01	2.52455e+02	2.56462e+03	9.33398e+02	3.91290e+00	1.98119e+00	5.67598e+01
1.38072e+01	2.52487e+02	2.56378e+03	9.33474e+02	3.91356e+00	1.98169e+00	5.67266e+01
1.48692e+01	2.52519e+02	2.56294e+03	9.33549e+02	3.91421e+00	1.98219e+00	5.66930e+01
1.59313e+01	2.52552e+02	2.56211e+03	9.33622e+02	3.91486e+00	1.98268e+00	5.66591e+01
1.69934e+01	2.52585e+02	2.56127e+03	9.33695e+02	3.91551e+00	1.98318e+00	5.66249e+01
1.80555e+01	2.52618e+02	2.56043e+03	9.33766e+02	3.91616e+00	1.98367e+00	5.65904e+01
1.91176e+01	2.52652e+02	2.55959e+03	9.33836e+02	3.91681e+00	1.98416e+00	5.65555e+01
2.01797e+01	2.52686e+02	2.55876e+03	9.33905e+02	3.91746e+00	1.98465e+00	5.65203e+01
2.12418e+01	2.52721e+02	2.55792e+03	9.33973e+02	3.91810e+00	1.98515e+00	5.64848e+01
2.23039e+01	2.52755e+02	2.55708e+03	9.34039e+02	3.91875e+00	1.98564e+00	5.64490e+01
2.33660e+01	2.52791e+02	2.55624e+03	9.34104e+02	3.91939e+00	1.98613e+00	5.64128e+01
2.44280e+01	2.52826e+02	2.55541e+03	9.34167e+02	3.92003e+00	1.98662e+00	5.63763e+01
2.54901e+01	2.52862e+02	2.55457e+03	9.34229e+02	3.92067e+00	1.98710e+00	5.63395e+01
2.65522e+01	2.52898e+02	2.55374e+03	9.34290e+02	3.92131e+00	1.98759e+00	5.63023e+01
2.76143e+01	2.52935e+02	2.55290e+03	9.34349e+02	3.92195e+00	1.98808e+00	5.62648e+01
2.86764e+01	2.52972e+02	2.55206e+03	9.34407e+02	3.92259e+00	1.98857e+00	5.62269e+01
2.97385e+01	2.53009e+02	2.55123e+03	9.34462e+02	3.92322e+00	1.98905e+00	5.61887e+01
3.08006e+01	2.53047e+02	2.55039e+03	9.34517e+02	3.92386e+00	1.98954e+00	5.61501e+01
3.18627e+01	2.53085e+02	2.54956e+03	9.34569e+02	3.92449e+00	1.99002e+00	5.61112e+01
3.29248e+01	2.53123e+02	2.54872e+03	9.34620e+02	3.92512e+00	1.99050e+00	5.60719e+01
3.39868e+01	2.53162e+02	2.54789e+03	9.34668e+02	3.92575e+00	1.99099e+00	5.60322e+01
3.50489e+01	2.53201e+02	2.54705e+03	9.34715e+02	3.92638e+00	1.99147e+00	5.59922e+01
3.61110e+01	2.53241e+02	2.54622e+03	9.34760e+02	3.92701e+00	1.99195e+00	5.59518e+01
3.71731e+01	2.53281e+02	2.54539e+03	9.34803e+02	3.92764e+00	1.99243e+00	5.59111e+01
3.82352e+01	2.53322e+02	2.54455e+03	9.34844e+02	3.92827e+00	1.99291e+00	5.58700e+01
3.92973e+01	2.53362e+02	2.54372e+03	9.34882e+02	3.92889e+00	1.99339e+00	5.58285e+01
4.03594e+01	2.53404e+02	2.54288e+03	9.34919e+02	3.92952e+00	1.99387e+00	5.57866e+01
4.14215e+01	2.53446e+02	2.54205e+03	9.34953e+02	3.93014e+00	1.99435e+00	5.57443e+01
4.24836e+01	2.53488e+02	2.54122e+03	9.34985e+02	3.93076e+00	1.99482e+00	5.57017e+01
4.35456e+01	2.53530e+02	2.54038e+03	9.35015e+02	3.93138e+00	1.99530e+00	5.56586e+01
4.46077e+01	2.53573e+02	2.53955e+03	9.35042e+02	3.93200e+00	1.99578e+00	5.56152e+01
4.56698e+01	2.53617e+02	2.53872e+03	9.35066e+02	3.93262e+00	1.99625e+00	5.55714e+01
4.67319e+01	2.53661e+02	2.53789e+03	9.35088e+02	3.93324e+00	1.99673e+00	5.55272e+01
4.77940e+01	2.53705e+02	2.53705e+03	9.35107e+02	3.93386e+00	1.99720e+00	5.54826e+01
4.88561e+01	2.53750e+02	2.53622e+03	9.35123e+02	3.93447e+00	1.99768e+00	5.54375e+01
4.99182e+01	2.53795e+02	2.53539e+03	9.35137e+02	3.93509e+00	1.99815e+00	5.53921e+01
5.09803e+01	2.53841e+02	2.53456e+03	9.35147e+02	3.93570e+00	1.99862e+00	5.53463e+01
5.20424e+01	2.53887e+02	2.53373e+03	9.35155e+02	3.93631e+00	1.99909e+00	5.53000e+01
5.31044e+01	2.53934e+02	2.53289e+03	9.35159e+02	3.93693e+00	1.99957e+00	5.52534e+01
5.41665e+01	2.53981e+02	2.53206e+03	9.35161e+02	3.93754e+00	2.00004e+00	5.52063e+01
5.52286e+01	2.54029e+02	2.53123e+03	9.35159e+02	3.93815e+00	2.00051e+00	5.51588e+01
5.62907e+01	2.54077e+02	2.53040e+03	9.35153e+02	3.93876e+00	2.00098e+00	5.51109e+01
5.73528e+01	2.54125e+02	2.52957e+03	9.35144e+02	3.93936e+00	2.00145e+00	5.50625e+01
5.84149e+01	2.54174e+02	2.52874e+03	9.35132e+02	3.93997e+00	2.00191e+00	5.50137e+01
5.94770e+01	2.54224e+02	2.52791e+03	9.35116e+02	3.94058e+00	2.00238e+00	5.49645e+01
6.05391e+01	2.54274e+02	2.52708e+03	9.35096e+02	3.94118e+00	2.00285e+00	5.49148e+01
6.16012e+01	2.54325e+02	2.52625e+03	9.35072e+02	3.94179e+00	2.00332e+00	5.48647e+01
6.26632e+01	2.54376e+02	2.52542e+03	9.35045e+02	3.94239e+00	2.00378e+00	5.48142e+01
6.37253e+01	2.54428e+02	2.52459e+03	9.35013e+02	3.94299e+00	2.00425e+00	5.47632e+01
6.47874e+01	2.54480e+02	2.52376e+03	9.34977e+02	3.94360e+00	2.00472e+00	5.47117e+01
6.58495e+01	2.54533e+02	2.52293e+03	9.34937e+02	3.94420e+00	2.00518e+00	5.46598e+01
6.69116e+01	2.54586e+02	2.52210e+03	9.34893e+02	3.94480e+00	2.00564e+00	5.46074e+01
6.79737e+01	2.54640e+02	2.52127e+03	9.34844e+02	3.94540e+00	2.00611e+00	5.45546e+01
6.90358e+01	2.54694e+02	2.52044e+03	9.34791e+02	3.94600e+00	2.00657e+00	5.45013e+01
7.00979e+01	2.54749e+02	2.51961e+03	9.34732e+02	3.94659e+00	2.00703e+00	5.44475e+01
7.11600e+01	2.54804e+02	2.51878e+03	9.34670e+02	3.94719e+00	2.00750e+00	5.43933e+01
7.22220e+01	2.54860e+02	2.51795e+03	9.34602e+02	3.94779e+00	2.00796e+00	5.43386e+01
7.32841e+01	2.54917e+02	2.51712e+03	9.34529e+02	3.94838e+00	2.00842e+00	5.42834e+01
7.43462e+01	2.54974e+02	2.51629e+03	9.34451e+02	3.94898e+00	2.00888e+00	5.42277e+01
7.54083e+01	2.55032e+02	2.51546e+03	9.34368e+02	3.94957e+00	2.00934e+00	5.41716e+01
7.64704e+01	2.55090e+02	2.51463e+03	9.34280e+02	3.95016e+00	2.00980e+00	5.41149e+01
7.75325e+01	2.55149e+02	2.51380e+03	9.34186e+02	3.95076e+00	2.01026e+00	5.40578e+01
7.85946e+01	2.55209e+02	2.51298e+03	9.34087e+02	3.95135e+00	2.01072e+00	5.40002e+01
7.96567e+01	2.55269e+02	2.51215e+03	9.33982e+02	3.95194e+00	2.01118e+00	5.39420e+01
8.07188e+01	2.55330e+02	2.51132e+03	9.33872e+02	3.95253e+00	2.01164e+00	5.38834e+01
8.17808e+01	2.55391e+02	2.51049e+03	9.33756e+02	3.95312e+00	2.01209e+00	5.38242e+01
8.28429e+01	2.55453e+02	2.50966e+03	9.33634e+02	3.95371e+00	2.01255e+00	5.37646e+01
8.39050e+01	2.55516e+02	2.50883e+03	9.33506e+02	3.95430e+00	2.01301e+00	5.37044e+01
8.49671e+01	2.55579e+02	2.50800e+03	9.33372e+02	3.95488e+00	2.01346e+00	5.36437e+01
8.60292e+01	2.55643e+02	2.50718e+03	9.33232e+02	3.95547e+00	2.01392e+00	5.35825e+01
8.70913e+01	2.55708e+02	2.50635e+03	9.33086e+02	3.95606e+00	2.01438e+00	5.35208e+01
8.81534e+01	2.55773e+02	2.50552e+03	9.32934e+02	3.95664e+00	2.01483e+00	5.34585e+01
8.92155e+01	2.55839e+02	2.50469e+03	9.32776e+02	3.95723e+00	2.01529e+00	5.33958e+01
9.02776e+01	2.55906e+02	2.50386e+03	9.32611e+02	3.95781e+00	2.01574e+00	5.33324e+01
9.13396e+01	2.55973e+02	2.50303e+03	9.32441e+02	3.95839e+00	2.01619e+00	5.32686e+01
9.24017e+01	2.56041e+02	2.50221e+03	9.32263e+02	3.95898e+00	2.01665e+00	5.32042e+01
9.34638e+01	2.56110e+02	2.50138e+03	9.32080e+02	3.95956e+00	2.01710e+00	5.31392e+01
9.45259e+01	2.56179e+02	2.50055e+03	9.31891e+02	3.96014e+00	2.01755e+00	5.30737e+01
9.55880e+01	2.56249e+02	2.49972e+03	9.31695e+02	3.96072e+00	2.01801e+00	5.30077e+01
9.66501e+01	2.56320e+02	2.49889e+03	9.31493e+02	3.96130e+00	2.01846e+00	5.29411e+01
9.77122e+01	2.56392e+02	2.49806e+03	9.31285e+02	3.96188e+00	2.01891e+00	5.28739e+01
9.87743e+01	2.56464e+02	2.49724e+03	9.31070e+02	3.96246e+00	2.01936e+00	5.28062e+01
9.98364e+01	2.56537e+02	2.49641e+03	9.30850e+02	3.96304e+00	2.01981e+00	5.27379e+01
1.00898e+02	2.56611e+02	2.49558e+03	9.30624e+02	3.96362e+00	2.02026e+00	5.26691e+01
1.01961e+02	2.56685e+02	2.49475e+03	9.30392e+02	3.96420e+00	2.02071e+00	5.25996e+01
1.03023e+02	2.56761e+02	2.49392e+03	9.30155e+02	3.96477e+00	2.02116e+00	5.25296e+01
1.04085e+02	2.59967e+02	2.49309e+03	9.29912e+02	3.96622e+00	2.02206e+00	4.96682e+01
1.05147e+02	2.60000e+02	2.49226e+03	9.29664e+02	3.96679e+00	2.02250e+00	4.96400e+01
1.08913e+02	2.60029e+02	2.48963e+03	1.03904e+03	1.64208e+00	0.00000e+00	0.00000e+00
1.12679e+02	2.60059e+02	2.48701e+03	1.04043e+03	1.64999e+00	0.00000e+00	0.00000e+00
1.16446e+02	2.60090e+02	2.48439e+03	1.04180e+03	1.65787e+00	0.00000e+00	0.00000e+00
1.20212e+02	2.60123e+02	2.48177e+03	1.04317e+03	1.66571e+00	0.00000e+00	0.00000e+00
1.23979e+02	2.60156e+02	2.47916e+03	1.04452e+03	1.67353e+00	0.00000e+00	0.00000e+00
1.27745e+02	2.60191e+02	2.47656e+03	1.04586e+03	1.68131e+00	0.00000e+00	0.00000e+00
1.31511e+02	2.60226e+02	2.47395e+03	1.04718e+03	1.68905e+00	0.00000e+00	0.00000e+00
1.35278e+02	2.60262e+02	2.47136e+03	1.04850e+03	1.69677e+00	0.00000e+00	0.00000e+00
1.39044e+02	2.60300e+02	2.46876e+03	1.04980e+03	1.70444e+00	0.00000e+00	0.00000e+00
1.42810e+02	2.60338e+02	2.46618e+03	1.05109e+03	1.71208e+00	0.00000e+00	0.00000e+00
1.46577e+02	2.60377e+02	2.46359e+03	1.05237e+03	1.71968e+00	0.00000e+00	0.00000e+00
1.50343e+02	2.60417e+02	2.46101e+03	1.05364e+03	1.72725e+00	0.00000e+00	0.00000e+00
1.54109e+02	2.60457e+02	2.45843e+03	1.05489e+03	1.73478e+00	0.00000e+00	0.00000e+00
1.57876e+02	2.60499e+02	2.45586e+03	1.05614e+03	1.74227e+00	0.00000e+00	0.00000e+00
1.61642e+02	2.60541e+02	2.45330e+03	1.05738e+03	1.74973e+00	0.00000e+00	0.00000e+00
1.65408e+02	2.60584e+02	2.45073e+03	1.05860e+03	1.75715e+00	0.00000e+00	0.00000e+00
1.69175e+02	2.60628e+02	2.44817e+03	1.05982e+03	1.76453e+00	0.00000e+00	0.00000e+00
1.72941e+02	2.60672e+02	2.44562e+03	1.06102e+03	1.77187e+00	0.00000e+00	0.00000e+00
1.76707e+02	2.60717e+02	2.44307e+03	1.06221e+03	1.77917e+00	0.00000e+00	0.00000e+00
1.80474e+02	2.60763e+02	2.44052e+03	1.06340e+03	1.78643e+00	0.00000e+00	0.00000e+00
1.84240e+02	2.60809e+02	2.43798e+03	1.06457e+03	1.79366e+00	0.00000e+00	0.00000e+00
1.88006e+02	2.60856e+02	2.43544e+03	1.06574e+03	1.80085e+00	0.00000e+00	0.00000e+00
1.91773e+02	2.60903e+02	2.43290e+03	1.06690e+03	1.80800e+00	0.00000e+00	0.00000e+00
1.95539e+02	2.60951e+02	2.43037e+03	1.06805e+03	1.81511e+00	0.00000e+00	0.00000e+00
1.99305e+02	2.61000e+02	2.42784e+03	1.06918e+03	1.82218e+00	0.00000e+00	0.00000e+00
2.03072e+02	2.61049e+02	2.42532e+03	1.07031e+03	1.82921e+00	0.00000e+00	0.00000e+00
2.06838e+02	2.61099e+02	2.42280e+03	1.07144e+03	1.83621e+00	0.00000e+00	0.00000e+00
2.10604e+02	2.61149e+02	2.42028e+03	1.07255e+03	1.84317e+00	0.00000e+00	0.00000e+00
2.14371e+02	2.61200e+02	2.41777e+03	1.07365e+03	1.85009e+00	0.00000e+00	0.00000e+00
2.18137e+02	2.61251e+02	2.41526e+03	1.07475e+03	1.85697e+00	0.00000e+00	0.00000e+00
2.21903e+02	2.61303e+02	2.41275e+03	1.07584e+03	1.86381e+00	0.00000e+00	0.00000e+00
2.25670e+02	2.61355e+02	2.41025e+03	1.07692e+03	1.87062e+00	0.00000e+00	0.00000e+00
2.29436e+02	2.61407e+02	2.40775e+03	1.07799e+03	1.87739e+00	0.00000e+00	0.00000e+00
2.33202e+02	2.61461e+02	2.40526e+03	1.07905e+03	1.88412e+00	0.00000e+00	0.00000e+00
2.36969e+02	2.61514e+02	2.40277e+03	1.08011e+03	1.89082e+00	0.00000e+00	0.00000e+00
2.40735e+02	2.61568e+02	2.40028e+03	1.08116e+03	1.89748e+00	0.00000e+00	0.00000e+00
2.44501e+02	2.61622e+02	2.39780e+03	1.08220e+03	1.90410e+00	0.00000e+00	0.00000e+00
2.48268e+02	2.61677e+02	2.39532e+03	1.08324e+03	1.91069e+00	0.00000e+00	0.00000e+00
2.52034e+02	2.61732e+02	2.39284e+03	1.08427e+03	1.91724e+00	0.00000e+00	0.00000e+00
2.55800e+02	2.61788e+02	2.39037e+03	1.08529e+03	1.92376e+00	0.00000e+00	0.00000e+00
2.59567e+02	2.61843e+02	2.38790e+03	1.08630e+03	1.93024e+00	0.00000e+00	0.00000e+00
2.63333e+02	2.61900e+02	2.38543e+03	1.08731e+03	1.93669e+00	0.00000e+00	0.00000e+00
2.67099e+02	2.61956e+02	2.38297e+03	1.08831e+03	1.94310e+00	0.00000e+00	0.00000e+00
2.70866e+02	2.62013e+02	2.38051e+03	1.08930e+03	1.94948e+00	0.00000e+00	0.00000e+00
2.74632e+02	2.62071e+02	2.37805e+03	1.09029e+03	1.95582e+00	0.00000e+00	0.00000e+00
2.78398e+02	2.62128e+02	2.37560e+03	1.09127e+03	1.96214e+00	0.00000e+00	0.00000e+00
2.82165e+02	2.62186e+02	2.37315e+03	1.09225e+03	1.96842e+00	0.00000e+00	0.00000e+00
2.85931e+02	2.62244e+02	2.37071e+03	1.09322e+03	1.97466e+00	0.00000e+00	0.00000e+00
2.89697e+02	2.62303e+02	2.36826e+03	1.09418e+03	1.98088e+00	0.00000e+00	0.00000e+00
2.93464e+02	2.62362e+02	2.36582e+03	1.09514e+03	1.98706e+00	0.00000e+00	0.00000e+00
2.97230e+02	2.62421e+02	2.36339e+03	1.09609e+03	1.99321e+00	0.00000e+00	0.00000e+00
3.00997e+02	2.62480e+02	2.36096e+03	1.09703e+03	1.99933e+00	0.00000e+00	0.00000e+00
3.04763e+02	2.62540e+02	2.35853e+03	1.09797e+03	2.00542e+00	0.00000e+00	0.00000e+00
3.08529e+02	2.62600e+02	2.35610e+03	1.09891e+03	2.01147e+00	0.00000e+00	0.00000e+00
3.12296e+02	2.62660e+02	2.35368e+03	1.09984e+03	2.01750e+00	0.00000e+00	0.00000e+00
3.16062e+02	2.62721e+02	2.35126e+03	1.10076e+03	2.02350e+00	0.00000e+00	0.00000e+00
3.19828e+02	2.62782e+02	2.34884e+03	1.10167e+03	2.02947e+00	0.00000e+00	0.00000e+00
3.23595e+02	2.62843e+02	2.34642e+03	1.10259e+03	2.03540e+00	0.00000e+00	0.00000e+00
3.27361e+02	2.62904e+02	2.34401e+03	1.10349e+03	2.04131e+00	0.00000e+00	0.00000e+00
3.31127e+02	2.62966e+02	2.34161e+03	1.10439e+03	2.04719e+00	0.00000e+00	0.00000e+00
3.34894e+02	2.63027e+02	2.33920e+03	1.10529e+03	2.05305e+00	0.00000e+00	0.00000e+00
3.38660e+02	2.63089e+02	2.33680e+03	1.10618e+03	2.05887e+00	0.00000e+00	0.00000e+00
3.42426e+02	2.63152e+02	2.33440e+03	1.10707e+03	2.06467e+00	0.00000e+00	0.00000e+00
3.46193e+02	2.63214e+02	2.33201e+03	1.10795e+03	2.07044e+00	0.00000e+00	0.00000e+00
3.49959e+02	2.63277e+02	2.32962e+03	1.10882e+03	2.07618e+00	0.00000e+00	0.00000e+00
3.53725e+02	2.63340e+02	2.32723e+03	1.10970e+03	2.08190e+00	0.00000e+00	0.00000e+00
3.57492e+02	2.63403e+02	2.32484e+03	1.11056e+03	2.08759e+00	0.00000e+00	0.00000e+00
3.61258e+02	2.63466e+02	2.32246e+03	1.11142e+03	2.09326e+00	0.00000e+00	0.00000e+00
3.65024e+02	2.63530e+02	2.32008e+03	1.11228e+03	2.09889e+00	0.00000e+00	0.00000e+00
3.68791e+02	2.63594e+02	2.31770e+03	1.11313e+03	2.10451e+00	0.00000e+00	0.00000e+00
3.72557e+02	2.63658e+02	2.31533e+03	1.11398e+03	2.11010e+00	0.00000e+00	0.00000e+00
3.76323e+02	2.63722e+02	2.31296e+03	1.11483e+03	2.11566e+00	0.00000e+00	0.00000e+00
3.80090e+02	2.63786e+02	2.31059e+03	1.11567e+03	2.12120e+00	0.00000e+00	0.00000e+00
3.83856e+02	2.63851e+02	2.30822e+03	1.11650e+03	2.12672e+00	0.00000e+00	0.00000e+00
3.87622e+02	2.63916e+02	2.30586e+03	1.11733e+03	2.13221e+00	0.00000e+00	0.00000e+00
3.91389e+02	2.63980e+02	2.30350e+03	1.11816e+03	2.13768e+00	0.00000e+00	0.00000e+00
3.95155e+02	2.64046e+02	2.30114e+03	1.11898e+03	2.14312e+00	0.00000e+00	0.00000e+00
3.98921e+02	2.64111e+02	2.29879e+03	1.11980e+03	2.14854e+00	0.00000e+00	0.00000e+00
4.02688e+02	2.64176e+02	2.29644e+03	1.12061e+03	2.15394e+00	0.00000e+00	0.00000e+00
4.06454e+02	2.64242e+02	2.29409e+03	1.12142e+03	2.15932e+00	0.00000e+00	0.00000e+00
4.10220e+02	2.64308e+02	2.29175e+03	1.12223e+03	2.16467e+00	0.00000e+00	0.00000e+00
4.13987e+02	2.64374e+02	2.28941e+03	1.12303e+03	2.17001e+00	0.00000e+00	0.00000e+00
4.17753e+02	2.64440e+02	2.28707e+03	1.12383e+03	2.17532e+00	0.00000e+00	0.00000e+00
4.21519e+02	2.64506e+02	2.28473e+03	1.12462e+03	2.18061e+00	0.00000e+00	0.00000e+00
4.25286e+02	2.64572e+02	2.28240e+03	1.12541e+03	2.18588e+00	0.00000e+00	0.00000e+00
4.29052e+02	2.64639e+02	2.28007e+03	1.12620e+03	2.19113e+00	0.00000e+00	0.00000e+00
4.32818e+02	2.64706e+02	2.27774e+03	1.12698e+03	2.19636e+00	0.00000e+00	0.00000e+00
4.36585e+02	2.64773e+02	2.27541e+03	1.12776e+03	2.20156e+00	0.00000e+00	0.00000e+00
4.40351e+02	2.64840e+02	2.27309e+03	1.12853e+03	2.20675e+00	0.00000e+00	0.00000e+00
4.44117e+02	2.64907e+02	2.27077e+03	1.12931e+03	2.21192e+00	0.00000e+00	0.00000e+00
4.47884e+02	2.64974e+02	2.26845e+03	1.13007e+03	2.21707e+00	0.00000e+00	0.00000e+00
4.51650e+02	2.65041e+02	2.26614e+03	1.13084e+03	2.22220e+00	0.00000e+00	0.00000e+00
4.55416e+02	2.65109e+02	2.26383e+03	1.13160e+03	2.22731e+00	0.00000e+00	0.00000e+00
4.59183e+02	2.65177e+02	2.26152e+03	1.13236e+03	2.23240e+00	0.00000e+00	0.00000e+00
4.62949e+02	2.65245e+02	2.25921e+03	1.13311e+03	2.23747e+00	0.00000e+00	0.00000e+00
4.66715e+02	2.65312e+02	2.25691e+03	1.13386e+03	2.24253e+00	0.00000e+00	0.00000e+00
4.70482e+02	2.65381e+02	2.25461e+03	1.13461e+03	2.24756e+00	0.00000e+00	0.00000e+00
4.74248e+02	2.65449e+02	2.25231e+03	1.13535e+03	2.25258e+00	0.00000e+00	0.00000e+00
4.78015e+02	2.65517e+02	2.25002e+03	1.13609e+03	2.25758e+00	0.00000e+00	0.00000e+00
4.81781e+02	2.65586e+02	2.24773e+03	1.13683e+03	2.26256e+00	0.00000e+00	0.00000e+00
4.85547e+02	2.65654e+02	2.24544e+03	1.13756e+03	2.26753e+00	0.00000e+00	0.00000e+00
4.89314e+02	2.65723e+02	2.24315e+03	1.13830e+03	2.27248e+00	0.00000e+00	0.00000e+00
4.93080e+02	2.65792e+02	2.24087e+03	1.13902e+03	2.27741e+00	0.00000e+00	0.00000e+00
4.96846e+02	2.65860e+02	2.23858e+03	1.13975e+03	2.28232e+00	0.00000e+00	0.00000e+00
5.00613e+02	2.65929e+02	2.23630e+03	1.14047e+03	2.28722e+00	0.00000e+00	0.00000e+00
5.04379e+02	2.65999e+02	2.23403e+03	1.14119e+03	2.29210e+00	0.00000e+00	0.00000e+00
5.08145e+02	2.66068e+02	2.23175e+03	1.14190e+03	2.29696e+00	0.00000e+00	0.00000e+00
5.11912e+02	2.66137e+02	2.22948e+03	1.14262e+03	2.30181e+00	0.00000e+00	0.00000e+00
5.15678e+02	2.66206e+02	2.22722e+03	1.14332e+03	2.30665e+00	0.00000e+00	0.00000e+00
5.19444e+02	2.66276e+02	2.22495e+03	1.14403e+03	2.31146e+00	0.00000e+00	0.00000e+00
5.23211e+02	2.66346e+02	2.22269e+03	1.14473e+03	2.31626e+00	0.00000e+00	0.00000e+00
5.26977e+02	2.66415e+02	2.22043e+03	1.14544e+03	2.32105e+00	0.00000e+00	0.00000e+00
5.30743e+02	2.66485e+02	2.21817e+03	1.14613e+03	2.32582e+00	0.00000e+00	0.00000e+00
5.34510e+02	2.66555e+02	2.21591e+03	1.14683e+03	2.33058e+00	0.00000e+00	0.00000e+00
5.38276e+02	2.66625e+02	2.21366e+03	1.14752e+03	2.33532e+00	0.00000e+00	0.00000e+00
5.42042e+02	2.66695e+02	2.21141e+03	1.14821e+03	2.34005e+00	0.00000e+00	0.00000e+00
5.45809e+02	2.66765e+02	2.20916e+03	1.14890e+03	2.34476e+00	0.00000e+00	0.00000e+00
5.49575e+02	2.66835e+02	2.20692e+03	1.14958e+03	2.34946e+00	0.00000e+00	0.00000e+00
5.53341e+02	2.66906e+02	2.20468e+03	1.15026e+03	2.35414e+00	0.00000e+00	0.00000e+00
5.57108e+02	2.66976e+02	2.20244e+03	1.15094e+03	2.35881e+00	0.00000e+00	0.00000e+00
5.60874e+02	2.67047e+02	2.20020e+03	1.15161e+03	2.36346e+00	0.00000e+00	0.00000e+00
5.64640e+02	2.67117e+02	2.19796e+03	1.15229e+03	2.36810e+00	0.00000e+00	0.00000e+00
5.68407e+02	2.67188e+02	2.19573e+03	1.15296e+03	2.37273e+00	0.00000e+00	0.00000e+00
5.72173e+02	2.67258e+02	2.19350e+03	1.15363e+03	2.37734e+00	0.00000e+00	0.00000e+00
5.75939e+02	2.67329e+02	2.19127e+03	1.15429e+03	2.38194e+00	0.00000e+00	0.00000e+00
5.79706e+02	2.67400e+02	2.18905e+03	1.15495e+03	2.38653e+00	0.00000e+00	0.00000e+00
5.83472e+02	2.67471e+02	2.18683e+03	1.15561e+03	2.39110e+00	0.00000e+00	0.00000e+00
5.87238e+02	2.67542e+02	2.18461e+03	1.15627e+03	2.39567e+00	0.00000e+00	0.00000e+00
5.91005e+02	2.67613e+02	2.18239e+03	1.15693e+03	2.40021e+00	0.00000e+00	0.00000e+00
5.94771e+02	2.67684e+02	2.18018e+03	1.15758e+03	2.40475e+00	0.00000e+00	0.00000e+00
5.98537e+02	2.67755e+02	2.17796e+03	1.15823e+03	2.40927e+00	0.00000e+00	0.00000e+00
6.02304e+02	2.67827e+02	2.17575e+03	1.15888e+03	2.41378e+00	0.00000e+00	0.00000e+00
6.06070e+02	2.67898e+02	2.17355e+03	1.15952e+03	2.41828e+00	0.00000e+00	0.00000e+00
6.09836e+02	2.67942e+02	2.17153e+03	1.26879e+03	4.26311e+00	2.21925e+00	1.23988e+02
6.13603e+02	2.68129e+02	2.16952e+03	1.26917e+03	4.26455e+00	2.21952e+00	1.23988e+02
6.17369e+02	2.68316e+02	2.16750e+03	1.26955e+03	4.26600e+00	2.21978e+00	1.23988e+02
6.21135e+02	2.68502e+02	2.16549e+03	1.26993e+03	4.26745e+00	2.22006e+00	1.23988e+02
6.24902e+02	2.68689e+02	2.16348e+03	1.27030e+03	4.26891e+00	2.22033e+00	1.23988e+02
6.28668e+02	2.68876e+02	2.16147e+03	1.27067e+03	4.27037e+00	2.22061e+00	1.23988e+02
6.32434e+02	2.69063e+02	2.15947e+03	1.27104e+03	4.27184e+00	2.22089e+00	1.23988e+02
6.36201e+02	2.69419e+02	2.15746e+03	1.27139e+03	4.27332e+00	2.22118e+00	1.23988e+02
6.39967e+02	2.69800e+02	2.15563e+03	1.39468e+03	4.35491e+00	2.22748e+00	1.37079e+02
6.43733e+02	2.70180e+02	2.15380e+03	1.39465e+03	4.35746e+00	2.22931e+00	1.36021e+02
6.47500e+02	2.70561e+02	2.15198e+03	1.39463e+03	4.36001e+00	2.23115e+00	1.34974e+02
6.51266e+02	2.70942e+02	2.15015e+03	1.39460e+03	4.36256e+00	2.23299e+00	1.33938e+02
6.55033e+02	2.71322e+02	2.14832e+03	1.39458e+03	4.36510e+00	2.23482e+00	1.32912e+02
6.58799e+02	2.71707e+02	2.14650e+03	1.39455e+03	4.36765e+00	2.23665e+00	1.31886e+02
6.62565e+02	2.72116e+02	2.14467e+03	1.39452e+03	4.37019e+00	2.23848e+00	1.30808e+02
6.66332e+02	2.72525e+02	2.14285e+03	1.39450e+03	4.37274e+00	2.24031e+00	1.29743e+02
6.70098e+02	2.72934e+02	2.14102e+03	1.39447e+03	4.37528e+00	2.24214e+00	1.28689e+02
6.73864e+02	2.73343e+02	2.13920e+03	1.39444e+03	4.37782e+00	2.24397e+00	1.27646e+02
6.77631e+02	2.73751e+02	2.13738e+03	1.39442e+03	4.38036e+00	2.24580e+00	1.26616e+02
6.81397e+02	2.74160e+02	2.13555e+03	1.39439e+03	4.38290e+00	2.24762e+00	1.25596e+02
6.85163e+02	2.74563e+02	2.13373e+03	1.39437e+03	4.38544e+00	2.24944e+00	1.24603e+02
6.88930e+02	2.74958e+02	2.13191e+03	1.39434e+03	4.38797e+00	2.25127e+00	1.23640e+02
6.92696e+02	2.75353e+02	2.13009e+03	1.39431e+03	4.39050e+00	2.25309e+00	1.22686e+02
6.96462e+02	2.75748e+02	2.12826e+03	1.39429e+03	4.39303e+00	2.25490e+00	1.21743e+02
7.00229e+02	2.76142e+02	2.12644e+03	1.39426e+03	4.39556e+00	2.25672e+00	1.20810e+02
7.03995e+02	2.76537e+02	2.12462e+03	1.39424e+03	4.39809e+00	2.25854e+00	1.19887e+02
7.07761e+02	2.76932e+02	2.12280e+03	1.39421e+03	4.40062e+00	2.26035e+00	1.18973e+02
7.11528e+02	2.77318e+02	2.12098e+03	1.39418e+03	4.40315e+00	2.26216e+00	1.18089e+02
7.15294e+02	2.77700e+02	2.11917e+03	1.39416e+03	4.40567e+00	2.26398e+00	1.17223e+02
7.19060e+02	2.78082e+02	2.11735e+03	1.39413e+03	4.40819e+00	2.26578e+00	1.16366e+02
7.22827e+02	2.78464e+02	2.11553e+03	1.39411e+03	4.41071e+00	2.26759e+00	1.15517e+02
7.26593e+02	2.78846e+02	2.11371e+03	1.39408e+03	4.41323e+00	2.26940e+00	1.14676e+02
7.30359e+02	2.79228e+02	2.11189e+03	1.39406e+03	4.41575e+00	2.27121e+00	1.13844e+02
7.34126e+02	2.79610e+02	2.11008e+03	3.52643e+03	4.57444e+00	2.60324e+00	4.17760e+13
8.48255e+02	3.18289e+02	2.08832e+03	3.52643e+03	4.57153e+00	2.59946e+00	1.12633e+12
9.59788e+02	3.56567e+02	2.06657e+03	3.52675e+03	7.99398e+00	4.54185e+00	6.78593e+10
1.06870e+03	3.94445e+02	2.04482e+03	3.52685e+03	7.98691e+00	4.53418e+00	7.16840e+09
1.17497e+03	4.31921e+02	2.02306e+03	3.52676e+03	7.97914e+00	4.52617e+00	1.13829e+09
1.27853e+03	4.68997e+02	2.00131e+03	3.52653e+03	7.97081e+00	4.51790e+00	2.45265e+08
1.37937e+03	5.05672e+02	1.97956e+03	3.52617e+03	7.96202e+00	4.50943e+00	6.68117e+07
1.47743e+03	5.41946e+02	1.95780e+03	3.52570e+03	7.95285e+00	4.50080e+00	2.18774e+07
1.57269e+03	5.77819e+02	1.93605e+03	3.52513e+03	7.94335e+00	4.49205e+00	8.29890e+06
1.66509e+03	6.13292e+02	1.91430e+03	3.52448e+03	7.93355e+00	4.48321e+00	3.54737e+06
1.75460e+03	6.48364e+02	1.89254e+03	3.52375e+03	7.92349e+00	4.47430e+00	1.67290e+06
1.84118e+03	6.83034e+02	1.87079e+03	3.52293e+03	7.91318e+00	4.46533e+00	8.56199e+05
1.92477e+03	7.17304e+02	1.84904e+03	3.52205e+03	7.90266e+00	4.45631e+00	4.69451e+05
2.00535e+03	7.51174e+02	1.82728e+03	3.52109e+03	7.89191e+00	4.44725e+00	2.72906e+05
2.08285e+03	7.84642e+02	1.80553e+03	3.52007e+03	7.88097e+00	4.43817e+00	1.66801e+05
2.15722e+03	8.17710e+02	1.78378e+03	3.51897e+03	7.86983e+00	4.42906e+00	1.06456e+05
2.22843e+03	8.50376e+02	1.76202e+03	3.51781e+03	7.85849e+00	4.41993e+00	7.05436e+04
2.29641e+03	8.82642e+02	1.74027e+03	3.51659e+03	7.84694e+00	4.41079e+00	4.83076e+04
2.36110e+03	9.14507e+02	1.71852e+03	3.51529e+03	7.83520e+00	4.40163e+00	3.40499e+04
2.42244e+03	9.45972e+02	1.69676e+03	3.51392e+03	7.82327e+00	4.39246e+00	2.46206e+04
2.48039e+03	9.77035e+02	1.67501e+03	3.51248e+03	7.81114e+00	4.38328e+00	1.82104e+04
2.53486e+03	1.00770e+03	1.65326e+03	3.51097e+03	7.79880e+00	4.37410e+00	1.37439e+04
2.58579e+03	1.03796e+03	1.63150e+03	3.50939e+03	7.78624e+00	4.36490e+00	1.05621e+04
2.63311e+03	1.06782e+03	1.60975e+03	3.50773e+03	7.77347e+00	4.35569e+00	8.24964e+03
2.67674e+03	1.09728e+03	1.58800e+03	3.50599e+03	7.76046e+00	4.34647e+00	6.53833e+03
2.71661e+03	1.12634e+03	1.56624e+03	3.50417e+03	7.74722e+00	4.33724e+00	5.25089e+03
2.75263e+03	1.15500e+03	1.54449e+03	3.50227e+03	7.73372e+00	4.32800e+00	4.26767e+03
2.78471e+03	1.18326e+03	1.52274e+03	3.50029e+03	7.71997e+00	4.31874e+00	3.50640e+03
2.81276e+03	1.21111e+03	1.50098e+03	3.49821e+03	7.70594e+00	4.30945e+00	2.90950e+03
2.83668e+03	1.23857e+03	1.47923e+03	3.49605e+03	7.69162e+00	4.30015e+00	2.43601e+03
2.85637e+03	1.26562e+03	1.45748e+03	3.49378e+03	7.67700e+00	4.29082e+00	2.05637e+03
2.87173e+03	1.29228e+03	1.43572e+03	3.49142e+03	7.66206e+00	4.28146e+00	1.74894e+03
2.88262e+03	1.31853e+03	1.41397e+03	3.48895e+03	7.64678e+00	4.27207e+00	1.49767e+03
2.88894e+03	1.34439e+03	1.39222e+03	3.48637e+03	7.63113e+00	4.26263e+00	1.29055e+03
2.89055e+03	1.36984e+03	1.37046e+03	3.48367e+03	7.61511e+00	4.25315e+00	1.11844e+03
2.88731e+03	1.39489e+03	1.34871e+03	3.48086e+03	7.59869e+00	4.24363e+00	9.74352e+02
2.87908e+03	1.41954e+03	1.32696e+03	3.47792e+03	7.58183e+00	4.23404e+00	8.52872e+02
2.86570e+03	1.44379e+03	1.30520e+03	3.47485e+03	7.56452e+00	4.22440e+00	7.49777e+02
2.84701e+03	1.46764e+03	1.28345e+03	3.47164e+03	7.54670e+00	4.21468e+00	6.61740e+02
2.82283e+03	1.49109e+03	1.26170e+03	3.46828e+03	7.52839e+00	4.20488e+00	5.86120e+02
2.79297e+03	1.51413e+03	1.23994e+03	3.46477e+03	7.48576e+00	4.17964e+00	5.20806e+02
2.75724e+03	1.53678e+03	1.21819e+03	3.45143e+03	7.29405e+00	4.05806e+00	4.64095e+02
2.71552e+03	1.55902e+03	1.19644e+03	3.37731e+03	7.26635e+00	4.04245e+00	4.14630e+02
2.66850e+03	1.58087e+03	1.17468e+03	3.36952e+03	7.24735e+00	4.03270e+00	3.71410e+02
2.61523e+03	1.60231e+03	1.15293e+03	3.36530e+03	7.22765e+00	4.02281e+00	3.33374e+02
2.55542e+03	1.62336e+03	1.13118e+03	3.36088e+03	7.20723e+00	4.01275e+00	2.99747e+02
2.48879e+03	1.64400e+03	1.10942e+03	3.35623e+03	7.18602e+00	4.00252e+00	2.69897e+02
2.41505e+03	1.66424e+03	1.08767e+03	3.35134e+03	7.16397e+00	3.99210e+00	2.43294e+02
2.33389e+03	1.68408e+03	1.06592e+03	3.34621e+03	7.14101e+00	3.98148e+00	2.19498e+02
2.24498e+03	1.70352e+03	1.04416e+03	3.34080e+03	7.11704e+00	3.97061e+00	1.98136e+02
2.14794e+03	1.72256e+03	1.02241e+03	3.33510e+03	7.09198e+00	3.95949e+00	1.78895e+02
2.04238e+03	1.74120e+03	1.00066e+03	3.32909e+03	7.06572e+00	3.94808e+00	1.61510e+02
1.92789e+03	1.75943e+03	9.78902e+02	3.32274e+03	7.03817e+00	3.93635e+00	1.45755e+02
1.80398e+03	1.77727e+03	9.57149e+02	3.31603e+03	7.00154e+00	3.92100e+00	1.31439e+02
1.67018e+03	1.79471e+03	9.35395e+02	3.30738e+03	6.94294e+00	3.89674e+00	1.18398e+02
1.52598e+03	1.81174e+03	9.13642e+02	3.29423e+03	6.90990e+00	3.88385e+00	1.06495e+02
1.37101e+03	1.82837e+03	8.91888e+02	3.28615e+03	6.87493e+00	3.87049e+00	9.56160e+01
1.20439e+03	1.84461e+03	8.70135e+02	3.27756e+03	6.82883e+00	3.83829e+00	8.56485e+01
1.02541e+03	1.86044e+03	8.48382e+02	3.25701e+03	6.75336e+00	3.81006e+00	7.65045e+01
8.33970e+02	1.87587e+03	8.26628e+02	3.24146e+03	6.70930e+00	3.79464e+00	6.81270e+01
6.28981e+02	1.89090e+03	8.04875e+02	3.23088e+03	6.66214e+00	3.77858e+00	6.04403e+01
4.09200e+02	1.90553e+03	7.83122e+02	3.21955e+03	6.61101e+00	3.76160e+00	5.33800e+01
1.73609e+02	1.91976e+03	7.61368e+02	3.20731e+03	6.55509e+00	3.74358e+00	4.68996e+01
-7.89053e+01	1.93359e+03	7.39615e+02	3.19402e+03	6.58363e+00	3.74100e+00	4.09597e+01
-3.49568e+02	1.94702e+03	7.17861e+02	3.19173e+03	6.66469e+00	3.75774e+00	3.55273e+01
-6.40846e+02	1.96004e+03	6.96108e+02	3.20409e+03	6.85330e+00	3.77677e+00	3.05597e+01
-9.55999e+02	1.97267e+03	6.74355e+02	3.21858e+03	6.98532e+00	3.80173e+00	2.60189e+01
-1.29756e+03	1.98489e+03	6.52601e+02	3.23624e+03	6.90522e+00	3.80669e+00	2.18895e+01
-1.66854e+03	1.99672e+03	6.30848e+02	3.23727e+03	6.30460e+00	3.65761e+00	1.81587e+01
-2.06998e+03	2.00814e+03	6.09095e+02	3.12433e+03	6.01493e+00	3.58337e+00	1.48338e+01
-2.48973e+03	2.01916e+03	5.87341e+02	3.06688e+03	5.91872e+00	3.55575e+00	1.19894e+01
-2.93680e+03	2.02979e+03	5.65588e+02	3.04398e+03	5.81739e+00	3.52683e+00	9.54005e+00
-3.41917e+03	2.04001e+03	5.43834e+02	3.01979e+03	5.70930e+00	3.49619e+00	7.43646e+00
-3.94056e+03	2.04983e+03	5.22081e+02	2.99391e+03	5.59372e+00	3.46363e+00	5.66017e+00
-4.50518e+03	2.05925e+03	5.00328e+02	2.96616e+03	5.46978e+00	3.42891e+00	4.19049e+00
-5.11795e+03	2.06826e+03	4.78574e+02	2.93633e+03	5.33648e+00	3.39177e+00	3.00377e+00
-5.78458e+03	2.07688e+03	4.56821e+02	2.90417e+03	5.19268e+00	3.35192e+00	2.07308e+00
-6.51174e+03	2.08510e+03	4.35068e+02	2.86940e+03	5.03702e+00	3.30897e+00	1.36826e+00
-7.30731e+03	2.09292e+03	4.13314e+02	2.83169e+03	4.86789e+00	3.26252e+00	8.56497e-01
-8.18064e+03	2.10033e+03	3.91561e+02	2.79065e+03	4.68342e+00	3.21205e+00	5.03297e-01
-9.14291e+03	2.10734e+03	3.69807e+02	2.74580e+03	4.48133e+00	3.15696e+00	2.74093e-01
-1.02076e+04	2.11396e+03	3.48054e+02	2.69660e+03	4.25889e+00	3.09653e+00	1.36119e-01
-1.13911e+04	2.12017e+03	3.26301e+02	2.64236e+03	4.01277e+00	3.02986e+00	6.03836e-02
-1.27137e+04	2.12598e+03	3.04547e+02	2.58228e+03	3.73888e+00	2.95588e+00	2.32968e-02
-1.42003e+04	2.13139e+03	2.82794e+02	2.51535e+03	3.43216e+00	2.87322e+00	7.54816e-03
-1.58824e+04	2.13640e+03	2.61041e+02	2.44031e+03	3.08621e+00	2.78019e+00	1.96018e-03
-1.78004e+04	2.14101e+03	2.39287e+02	2.35561e+03	2.69287e+00	2.67462e+00	3.83012e-04
-2.00063e+04	2.14522e+03	2.17534e+02	2.25923e+03	2.24161e+00	2.55370e+00	5.16011e-05
-2.25684e+04	2.14903e+03	1.95780e+02	2.14858e+03	1.71855e+00	2.41374e+00	4.23714e-06
-2.55788e+04	2.15244e+03	1.74027e+02	2.02026e+03	1.10505e+00	2.24977e+00	1.77386e-07
-2.91633e+04	2.15544e+03	1.52274e+02	1.86968e+03	3.75640e-01	2.05500e+00	2.90270e-09
-3.34978e+04	2.15805e+03	1.30520e+02	1.69057e+03	-5.05364e-01	1.81995e+00	1.23473e-11
-3.88338e+04	2.16025e+03	1.08767e+02	1.47418e+03	-1.58892e+00	1.53104e+00	7.14576e-15
-4.55354e+04	2.16206e+03	8.70135e+01	1.20796e+03	-2.94879e+00	1.16862e+00	1.94818e-19
-5.41165e+04	2.16346e+03	6.52601e+01	8.73794e+02	-4.68914e+00	7.04977e-01	4.30604e-26
-6.51522e+04	2.16446e+03	4.35068e+01	4.46069e+02	-6.92650e+00	1.09068e-01	5.43665e-36
-7.78282e+04	2.16506e+03	2.17534e+01	-1.03861e+02	-9.49587e+00	-5.75168e-01	3.20160e-49
-6.60224e+04	NaN	0.00000e+00	-7.35432e+02	NaN	NaN	NaN
-6.60224e+04	NaN	0.00000e+00	NaN	NaN	NaN	1.00000e+04
NaN	NaN	0.00000e+00	NaN	NaN	NaN	1.00000e+04
NaN	NaN	0.00000e+00	NaN	NaN	NaN	1.00000e+04
NaN	NaN	0.00000e+00	NaN	NaN	NaN	1.00000e+04
NaN	NaN	0.00000e+00	NaN	NaN	NaN	1.00000e+04
NaN	NaN	0.00000e+00	NaN	NaN	NaN	1.00000e+04
NaN	NaN	0.00000e+00	NaN	NaN	NaN	1.00000e+04
NaN	NaN	0.00000e+00	NaN	NaN	NaN	1.00000e+04
NaN	NaN	0.00000e+00	NaN	NaN	NaN	1.00000e+04
NaN	NaN	0.00000e+00	NaN	NaN	NaN	1.00000e+04
