P (MPa)		T (K)		r (km)		rho (kg m-3)	VP (km s-1)	VS (km s-1)	QS/gamma	
0.00000e+00	9.40000e+01	2.57470e+03	9.32448e+02	3.87821e+00	1.96165e+00	1.36549e+05
5.64636e-01	1.01003e+02	2.57425e+03	9.32448e+02	3.87905e+00	1.96216e+00	5.77819e+04
1.12927e+00	1.08527e+02	2.57381e+03	9.32477e+02	3.87998e+00	1.96272e+00	2.59532e+04
1.69391e+00	1.16612e+02	2.57336e+03	9.32506e+02	3.88102e+00	1.96333e+00	1.23222e+04
2.25854e+00	1.25299e+02	2.57291e+03	9.32534e+02	3.88219e+00	1.96401e+00	6.16051e+03
2.82318e+00	1.34633e+02	2.57246e+03	9.32562e+02	3.88352e+00	1.96478e+00	3.23161e+03
3.38781e+00	1.44663e+02	2.57202e+03	9.32588e+02	3.88505e+00	1.96564e+00	1.77275e+03
3.95245e+00	1.55440e+02	2.57157e+03	9.32614e+02	3.88682e+00	1.96662e+00	1.01380e+03
4.51708e+00	1.67020e+02	2.57112e+03	9.32638e+02	3.88889e+00	1.96776e+00	6.02682e+02
5.08172e+00	1.79462e+02	2.57068e+03	9.32662e+02	3.89133e+00	1.96908e+00	3.71434e+02
5.64636e+00	1.92832e+02	2.57023e+03	9.32685e+02	3.89419e+00	1.97062e+00	2.36728e+02
6.21099e+00	2.07197e+02	2.56978e+03	9.32707e+02	3.89756e+00	1.97241e+00	1.55661e+02
6.77563e+00	2.22632e+02	2.56934e+03	9.32727e+02	3.90150e+00	1.97449e+00	1.05374e+02
7.34026e+00	2.39218e+02	2.56889e+03	9.32747e+02	3.90604e+00	1.97688e+00	7.32886e+01
7.90490e+00	2.57038e+02	2.56844e+03	9.32766e+02	3.91119e+00	1.97957e+00	5.22724e+01
8.46953e+00	2.57071e+02	2.56800e+03	9.32783e+02	3.91155e+00	1.97984e+00	5.22421e+01
9.03417e+00	2.57105e+02	2.56755e+03	9.32800e+02	3.91191e+00	1.98011e+00	5.22115e+01
9.59881e+00	2.57138e+02	2.56711e+03	9.32815e+02	3.91226e+00	1.98038e+00	5.21806e+01
1.01634e+01	2.57172e+02	2.56666e+03	9.32829e+02	3.91262e+00	1.98065e+00	5.21494e+01
1.07281e+01	2.57206e+02	2.56621e+03	9.32842e+02	3.91297e+00	1.98092e+00	5.21179e+01
1.12927e+01	2.57241e+02	2.56577e+03	9.32853e+02	3.91333e+00	1.98118e+00	5.20862e+01
1.18573e+01	2.57276e+02	2.56532e+03	9.32863e+02	3.91368e+00	1.98145e+00	5.20541e+01
1.24220e+01	2.57311e+02	2.56487e+03	9.32872e+02	3.91404e+00	1.98172e+00	5.20217e+01
1.29866e+01	2.57347e+02	2.56443e+03	9.32879e+02	3.91439e+00	1.98198e+00	5.19890e+01
1.35513e+01	2.57383e+02	2.56398e+03	9.32885e+02	3.91474e+00	1.98225e+00	5.19560e+01
1.41159e+01	2.57419e+02	2.56354e+03	9.32890e+02	3.91510e+00	1.98252e+00	5.19227e+01
1.46805e+01	2.57456e+02	2.56309e+03	9.32893e+02	3.91545e+00	1.98278e+00	5.18890e+01
1.52452e+01	2.57493e+02	2.56264e+03	9.32894e+02	3.91580e+00	1.98305e+00	5.18550e+01
1.58098e+01	2.57531e+02	2.56220e+03	9.32894e+02	3.91616e+00	1.98332e+00	5.18208e+01
1.63744e+01	2.57569e+02	2.56175e+03	9.32892e+02	3.91651e+00	1.98358e+00	5.17861e+01
1.69391e+01	2.57607e+02	2.56131e+03	9.32888e+02	3.91686e+00	1.98385e+00	5.17512e+01
1.75037e+01	2.57646e+02	2.56086e+03	9.32882e+02	3.91721e+00	1.98411e+00	5.17159e+01
1.80683e+01	2.57685e+02	2.56042e+03	9.32875e+02	3.91756e+00	1.98438e+00	5.16803e+01
1.86330e+01	2.57725e+02	2.55997e+03	9.32866e+02	3.91791e+00	1.98465e+00	5.16444e+01
1.91976e+01	2.57765e+02	2.55952e+03	9.32854e+02	3.91826e+00	1.98491e+00	5.16081e+01
1.97622e+01	2.57806e+02	2.55908e+03	9.32841e+02	3.91861e+00	1.98518e+00	5.15715e+01
2.03269e+01	2.57846e+02	2.55863e+03	9.32826e+02	3.91896e+00	1.98544e+00	5.15345e+01
2.08915e+01	2.57888e+02	2.55819e+03	9.32808e+02	3.91931e+00	1.98571e+00	5.14972e+01
2.14562e+01	2.57930e+02	2.55774e+03	9.32789e+02	3.91966e+00	1.98597e+00	5.14595e+01
2.20208e+01	2.57972e+02	2.55730e+03	9.32767e+02	3.92001e+00	1.98623e+00	5.14215e+01
2.25854e+01	2.58014e+02	2.55685e+03	9.32743e+02	3.92036e+00	1.98650e+00	5.13831e+01
2.31501e+01	2.58057e+02	2.55641e+03	9.32716e+02	3.92071e+00	1.98676e+00	5.13444e+01
2.37147e+01	2.58101e+02	2.55596e+03	9.32687e+02	3.92106e+00	1.98703e+00	5.13053e+01
2.42793e+01	2.58145e+02	2.55552e+03	9.32655e+02	3.92141e+00	1.98729e+00	5.12658e+01
2.48440e+01	2.58189e+02	2.55507e+03	9.32621e+02	3.92176e+00	1.98755e+00	5.12260e+01
2.54086e+01	2.58234e+02	2.55462e+03	9.32583e+02	3.92210e+00	1.98782e+00	5.11858e+01
2.59732e+01	2.58280e+02	2.55418e+03	9.32544e+02	3.92245e+00	1.98808e+00	5.11452e+01
2.65379e+01	2.58325e+02	2.55373e+03	9.32501e+02	3.92280e+00	1.98834e+00	5.11043e+01
2.71025e+01	2.58372e+02	2.55329e+03	9.32455e+02	3.92315e+00	1.98861e+00	5.10629e+01
2.76671e+01	2.58419e+02	2.55284e+03	9.32406e+02	3.92349e+00	1.98887e+00	5.10212e+01
2.82318e+01	2.58466e+02	2.55240e+03	9.32355e+02	3.92384e+00	1.98913e+00	5.09791e+01
2.87964e+01	2.58514e+02	2.55195e+03	9.32300e+02	3.92419e+00	1.98939e+00	5.09366e+01
2.93611e+01	2.58562e+02	2.55151e+03	9.32241e+02	3.92453e+00	1.98966e+00	5.08937e+01
2.99257e+01	2.58611e+02	2.55106e+03	9.32179e+02	3.92488e+00	1.98992e+00	5.08504e+01
3.04903e+01	2.58660e+02	2.55062e+03	9.32114e+02	3.92522e+00	1.99018e+00	5.08068e+01
3.10550e+01	2.58710e+02	2.55017e+03	9.32045e+02	3.92557e+00	1.99044e+00	5.07627e+01
3.16196e+01	2.58760e+02	2.54973e+03	9.31973e+02	3.92591e+00	1.99070e+00	5.07182e+01
3.21842e+01	2.58811e+02	2.54928e+03	9.31896e+02	3.92626e+00	1.99097e+00	5.06733e+01
3.27489e+01	2.58862e+02	2.54884e+03	9.31816e+02	3.92660e+00	1.99123e+00	5.06280e+01
3.33135e+01	2.58914e+02	2.54839e+03	9.31732e+02	3.92695e+00	1.99149e+00	5.05822e+01
3.38781e+01	2.58967e+02	2.54795e+03	9.31643e+02	3.92729e+00	1.99175e+00	5.05361e+01
3.44428e+01	2.59020e+02	2.54750e+03	9.31551e+02	3.92764e+00	1.99201e+00	5.04895e+01
3.50074e+01	2.59073e+02	2.54706e+03	9.31454e+02	3.92798e+00	1.99227e+00	5.04425e+01
3.55720e+01	2.59128e+02	2.54661e+03	9.31353e+02	3.92832e+00	1.99253e+00	5.03951e+01
3.61367e+01	2.59182e+02	2.54617e+03	9.31247e+02	3.92867e+00	1.99279e+00	5.03473e+01
3.67013e+01	2.59238e+02	2.54572e+03	9.31136e+02	3.92901e+00	1.99305e+00	5.02990e+01
3.72659e+01	2.59294e+02	2.54528e+03	9.31021e+02	3.92935e+00	1.99331e+00	5.02503e+01
3.78306e+01	2.59350e+02	2.54483e+03	9.30901e+02	3.92970e+00	1.99357e+00	5.02011e+01
3.83952e+01	2.59407e+02	2.54439e+03	9.30776e+02	3.93004e+00	1.99383e+00	5.01515e+01
3.89599e+01	2.59465e+02	2.54394e+03	9.30646e+02	3.93038e+00	1.99410e+00	5.01015e+01
3.95245e+01	2.59523e+02	2.54350e+03	9.30511e+02	3.93073e+00	1.99436e+00	5.00510e+01
4.00891e+01	2.59582e+02	2.54305e+03	9.30371e+02	3.93107e+00	1.99462e+00	5.00000e+01
4.06538e+01	2.59641e+02	2.54261e+03	9.30225e+02	3.93141e+00	1.99487e+00	4.99486e+01
4.12184e+01	2.59701e+02	2.54216e+03	9.30073e+02	3.93175e+00	1.99513e+00	4.98967e+01
4.17830e+01	2.59762e+02	2.54171e+03	9.29917e+02	3.93209e+00	1.99539e+00	4.98444e+01
4.23477e+01	2.59823e+02	2.54127e+03	9.29754e+02	3.93244e+00	1.99565e+00	4.97916e+01
4.29123e+01	2.59885e+02	2.54082e+03	9.29586e+02	3.93278e+00	1.99591e+00	4.97383e+01
4.34769e+01	2.59948e+02	2.54038e+03	9.29412e+02	3.93312e+00	1.99617e+00	4.96845e+01
4.40416e+01	2.60011e+02	2.53993e+03	9.29232e+02	3.93346e+00	1.99643e+00	4.96303e+01
4.46062e+01	2.60075e+02	2.53949e+03	9.29046e+02	3.93380e+00	1.99669e+00	4.95756e+01
4.51708e+01	2.60140e+02	2.53904e+03	9.28854e+02	3.93414e+00	1.99695e+00	4.95204e+01
4.57355e+01	2.60205e+02	2.53860e+03	9.28657e+02	3.93448e+00	1.99721e+00	4.94647e+01
4.63001e+01	2.60271e+02	2.53815e+03	9.28453e+02	3.93482e+00	1.99747e+00	4.94086e+01
4.68648e+01	2.60338e+02	2.53771e+03	9.28242e+02	3.93516e+00	1.99773e+00	4.93519e+01
4.74294e+01	2.60405e+02	2.53726e+03	9.28026e+02	3.93550e+00	1.99798e+00	4.92947e+01
4.79940e+01	2.60473e+02	2.53681e+03	9.27804e+02	3.93585e+00	1.99824e+00	4.92371e+01
4.85587e+01	2.60542e+02	2.53637e+03	9.27575e+02	3.93619e+00	1.99850e+00	4.91789e+01
4.91233e+01	2.60612e+02	2.53592e+03	9.27340e+02	3.93653e+00	1.99876e+00	4.91202e+01
4.96879e+01	2.60682e+02	2.53548e+03	9.27099e+02	3.93687e+00	1.99902e+00	4.90611e+01
5.02526e+01	2.60753e+02	2.53503e+03	9.26852e+02	3.93721e+00	1.99928e+00	4.90014e+01
5.08172e+01	2.60825e+02	2.53458e+03	9.26599e+02	3.93755e+00	1.99953e+00	4.89411e+01
5.13818e+01	2.60897e+02	2.53414e+03	9.26339e+02	3.93788e+00	1.99979e+00	4.88804e+01
5.19465e+01	2.60970e+02	2.53369e+03	9.26074e+02	3.93822e+00	2.00005e+00	4.88191e+01
5.25111e+01	2.61044e+02	2.53324e+03	9.25803e+02	3.93856e+00	2.00031e+00	4.87573e+01
5.30757e+01	2.61119e+02	2.53280e+03	9.25527e+02	3.93890e+00	2.00057e+00	4.86950e+01
5.36404e+01	2.61195e+02	2.53235e+03	9.25244e+02	3.93924e+00	2.00082e+00	4.86321e+01
5.42050e+01	2.61271e+02	2.53191e+03	9.24957e+02	3.93958e+00	2.00108e+00	4.85687e+01
5.47697e+01	2.64924e+02	2.53146e+03	9.24664e+02	3.94092e+00	2.00185e+00	4.56700e+01
5.53343e+01	2.64962e+02	2.53101e+03	9.24366e+02	3.94125e+00	2.00210e+00	4.56412e+01
5.58989e+01	2.65000e+02	2.53056e+03	9.24063e+02	3.94158e+00	2.00235e+00	4.56125e+01
5.97747e+01	2.65025e+02	2.52778e+03	1.01918e+03	1.55728e+00	0.00000e+00	0.00000e+00
6.36505e+01	2.65053e+02	2.52501e+03	1.02077e+03	1.56547e+00	0.00000e+00	0.00000e+00
6.75263e+01	2.65081e+02	2.52223e+03	1.02234e+03	1.57364e+00	0.00000e+00	0.00000e+00
7.14020e+01	2.65112e+02	2.51947e+03	1.02390e+03	1.58179e+00	0.00000e+00	0.00000e+00
7.52778e+01	2.65144e+02	2.51671e+03	1.02544e+03	1.58992e+00	0.00000e+00	0.00000e+00
7.91536e+01	2.65178e+02	2.51395e+03	1.02696e+03	1.59804e+00	0.00000e+00	0.00000e+00
8.30294e+01	2.65213e+02	2.51120e+03	1.02847e+03	1.60613e+00	0.00000e+00	0.00000e+00
8.69052e+01	2.65250e+02	2.50846e+03	1.02997e+03	1.61421e+00	0.00000e+00	0.00000e+00
9.07809e+01	2.65288e+02	2.50572e+03	1.03145e+03	1.62226e+00	0.00000e+00	0.00000e+00
9.46567e+01	2.65327e+02	2.50299e+03	1.03291e+03	1.63029e+00	0.00000e+00	0.00000e+00
9.85325e+01	2.65368e+02	2.50026e+03	1.03437e+03	1.63829e+00	0.00000e+00	0.00000e+00
1.02408e+02	2.65410e+02	2.49753e+03	1.03580e+03	1.64628e+00	0.00000e+00	0.00000e+00
1.06284e+02	2.65454e+02	2.49482e+03	1.03723e+03	1.65423e+00	0.00000e+00	0.00000e+00
1.10160e+02	2.65498e+02	2.49210e+03	1.03864e+03	1.66216e+00	0.00000e+00	0.00000e+00
1.14036e+02	2.65544e+02	2.48939e+03	1.04003e+03	1.67006e+00	0.00000e+00	0.00000e+00
1.17911e+02	2.65590e+02	2.48669e+03	1.04141e+03	1.67793e+00	0.00000e+00	0.00000e+00
1.21787e+02	2.65638e+02	2.48399e+03	1.04278e+03	1.68577e+00	0.00000e+00	0.00000e+00
1.25663e+02	2.65687e+02	2.48129e+03	1.04414e+03	1.69358e+00	0.00000e+00	0.00000e+00
1.29539e+02	2.65737e+02	2.47860e+03	1.04549e+03	1.70136e+00	0.00000e+00	0.00000e+00
1.33415e+02	2.65787e+02	2.47592e+03	1.04682e+03	1.70911e+00	0.00000e+00	0.00000e+00
1.37290e+02	2.65839e+02	2.47324e+03	1.04814e+03	1.71682e+00	0.00000e+00	0.00000e+00
1.41166e+02	2.65891e+02	2.47056e+03	1.04945e+03	1.72451e+00	0.00000e+00	0.00000e+00
1.45042e+02	2.65945e+02	2.46789e+03	1.05075e+03	1.73215e+00	0.00000e+00	0.00000e+00
1.48918e+02	2.65999e+02	2.46522e+03	1.05203e+03	1.73977e+00	0.00000e+00	0.00000e+00
1.52793e+02	2.66054e+02	2.46256e+03	1.05331e+03	1.74734e+00	0.00000e+00	0.00000e+00
1.56669e+02	2.66110e+02	2.45990e+03	1.05457e+03	1.75489e+00	0.00000e+00	0.00000e+00
1.60545e+02	2.66167e+02	2.45725e+03	1.05583e+03	1.76239e+00	0.00000e+00	0.00000e+00
1.64421e+02	2.66224e+02	2.45460e+03	1.05707e+03	1.76987e+00	0.00000e+00	0.00000e+00
1.68297e+02	2.66282e+02	2.45195e+03	1.05830e+03	1.77730e+00	0.00000e+00	0.00000e+00
1.72172e+02	2.66341e+02	2.44931e+03	1.05952e+03	1.78470e+00	0.00000e+00	0.00000e+00
1.76048e+02	2.66401e+02	2.44668e+03	1.06073e+03	1.79206e+00	0.00000e+00	0.00000e+00
1.79924e+02	2.66461e+02	2.44404e+03	1.06194e+03	1.79938e+00	0.00000e+00	0.00000e+00
1.83800e+02	2.66521e+02	2.44142e+03	1.06313e+03	1.80667e+00	0.00000e+00	0.00000e+00
1.87675e+02	2.66583e+02	2.43879e+03	1.06431e+03	1.81392e+00	0.00000e+00	0.00000e+00
1.91551e+02	2.66645e+02	2.43617e+03	1.06548e+03	1.82114e+00	0.00000e+00	0.00000e+00
1.95427e+02	2.66707e+02	2.43355e+03	1.06665e+03	1.82831e+00	0.00000e+00	0.00000e+00
1.99303e+02	2.66770e+02	2.43094e+03	1.06780e+03	1.83545e+00	0.00000e+00	0.00000e+00
2.03179e+02	2.66834e+02	2.42833e+03	1.06895e+03	1.84255e+00	0.00000e+00	0.00000e+00
2.07054e+02	2.66898e+02	2.42573e+03	1.07009e+03	1.84961e+00	0.00000e+00	0.00000e+00
2.10930e+02	2.66963e+02	2.42313e+03	1.07121e+03	1.85664e+00	0.00000e+00	0.00000e+00
2.14806e+02	2.67028e+02	2.42053e+03	1.07233e+03	1.86363e+00	0.00000e+00	0.00000e+00
2.18682e+02	2.67094e+02	2.41794e+03	1.07345e+03	1.87058e+00	0.00000e+00	0.00000e+00
2.22557e+02	2.67160e+02	2.41535e+03	1.07455e+03	1.87750e+00	0.00000e+00	0.00000e+00
2.26433e+02	2.67226e+02	2.41277e+03	1.07564e+03	1.88438e+00	0.00000e+00	0.00000e+00
2.30309e+02	2.67293e+02	2.41019e+03	1.07673e+03	1.89122e+00	0.00000e+00	0.00000e+00
2.34185e+02	2.67361e+02	2.40761e+03	1.07781e+03	1.89802e+00	0.00000e+00	0.00000e+00
2.38061e+02	2.67428e+02	2.40504e+03	1.07888e+03	1.90479e+00	0.00000e+00	0.00000e+00
2.41936e+02	2.67497e+02	2.40247e+03	1.07995e+03	1.91153e+00	0.00000e+00	0.00000e+00
2.45812e+02	2.67565e+02	2.39990e+03	1.08101e+03	1.91823e+00	0.00000e+00	0.00000e+00
2.49688e+02	2.67634e+02	2.39734e+03	1.08205e+03	1.92489e+00	0.00000e+00	0.00000e+00
2.53564e+02	2.67704e+02	2.39478e+03	1.08310e+03	1.93152e+00	0.00000e+00	0.00000e+00
2.57439e+02	2.67773e+02	2.39223e+03	1.08413e+03	1.93811e+00	0.00000e+00	0.00000e+00
2.61315e+02	2.67843e+02	2.38968e+03	1.08516e+03	1.94467e+00	0.00000e+00	0.00000e+00
2.65191e+02	2.67914e+02	2.38713e+03	1.08618e+03	1.95119e+00	0.00000e+00	0.00000e+00
2.69067e+02	2.67984e+02	2.38459e+03	1.08720e+03	1.95768e+00	0.00000e+00	0.00000e+00
2.72943e+02	2.68055e+02	2.38205e+03	1.08821e+03	1.96414e+00	0.00000e+00	0.00000e+00
2.76818e+02	2.68127e+02	2.37951e+03	1.08921e+03	1.97056e+00	0.00000e+00	0.00000e+00
2.80694e+02	2.68198e+02	2.37698e+03	1.09020e+03	1.97695e+00	0.00000e+00	0.00000e+00
2.84570e+02	2.68270e+02	2.37445e+03	1.09119e+03	1.98330e+00	0.00000e+00	0.00000e+00
2.88446e+02	2.68342e+02	2.37192e+03	1.09217e+03	1.98963e+00	0.00000e+00	0.00000e+00
2.92322e+02	2.68415e+02	2.36940e+03	1.09315e+03	1.99592e+00	0.00000e+00	0.00000e+00
2.96197e+02	2.68488e+02	2.36688e+03	1.09412e+03	2.00218e+00	0.00000e+00	0.00000e+00
3.00073e+02	2.68561e+02	2.36436e+03	1.09508e+03	2.00841e+00	0.00000e+00	0.00000e+00
3.03949e+02	2.68634e+02	2.36185e+03	1.09604e+03	2.01460e+00	0.00000e+00	0.00000e+00
3.07825e+02	2.68707e+02	2.35934e+03	1.09699e+03	2.02077e+00	0.00000e+00	0.00000e+00
3.11700e+02	2.68781e+02	2.35684e+03	1.09794e+03	2.02690e+00	0.00000e+00	0.00000e+00
3.15576e+02	2.68855e+02	2.35434e+03	1.09888e+03	2.03301e+00	0.00000e+00	0.00000e+00
3.19452e+02	2.68929e+02	2.35184e+03	1.09981e+03	2.03908e+00	0.00000e+00	0.00000e+00
3.23328e+02	2.69004e+02	2.34934e+03	1.10074e+03	2.04512e+00	0.00000e+00	0.00000e+00
3.27204e+02	2.69078e+02	2.34685e+03	1.10167e+03	2.05114e+00	0.00000e+00	0.00000e+00
3.31079e+02	2.69153e+02	2.34436e+03	1.10259e+03	2.05713e+00	0.00000e+00	0.00000e+00
3.34955e+02	2.69228e+02	2.34187e+03	1.10350e+03	2.06308e+00	0.00000e+00	0.00000e+00
3.38831e+02	2.69303e+02	2.33939e+03	1.10441e+03	2.06901e+00	0.00000e+00	0.00000e+00
3.42707e+02	2.69379e+02	2.33691e+03	1.10531e+03	2.07491e+00	0.00000e+00	0.00000e+00
3.46582e+02	2.69454e+02	2.33444e+03	1.10621e+03	2.08078e+00	0.00000e+00	0.00000e+00
3.50458e+02	2.69530e+02	2.33196e+03	1.10710e+03	2.08663e+00	0.00000e+00	0.00000e+00
3.54334e+02	2.69606e+02	2.32950e+03	1.10799e+03	2.09245e+00	0.00000e+00	0.00000e+00
3.58210e+02	2.69682e+02	2.32703e+03	1.10887e+03	2.09824e+00	0.00000e+00	0.00000e+00
3.62086e+02	2.69759e+02	2.32457e+03	1.10975e+03	2.10400e+00	0.00000e+00	0.00000e+00
3.65961e+02	2.69835e+02	2.32211e+03	1.11062e+03	2.10974e+00	0.00000e+00	0.00000e+00
3.69837e+02	2.69912e+02	2.31965e+03	1.11149e+03	2.11545e+00	0.00000e+00	0.00000e+00
3.73713e+02	2.69988e+02	2.31720e+03	1.11235e+03	2.12114e+00	0.00000e+00	0.00000e+00
3.77589e+02	2.70065e+02	2.31475e+03	1.11321e+03	2.12680e+00	0.00000e+00	0.00000e+00
3.81464e+02	2.70142e+02	2.31230e+03	1.11407e+03	2.13244e+00	0.00000e+00	0.00000e+00
3.85340e+02	2.70220e+02	2.30985e+03	1.11492e+03	2.13805e+00	0.00000e+00	0.00000e+00
3.89216e+02	2.70297e+02	2.30741e+03	1.11576e+03	2.14364e+00	0.00000e+00	0.00000e+00
3.93092e+02	2.70375e+02	2.30498e+03	1.11660e+03	2.14920e+00	0.00000e+00	0.00000e+00
3.96968e+02	2.70452e+02	2.30254e+03	1.11744e+03	2.15474e+00	0.00000e+00	0.00000e+00
4.00843e+02	2.70530e+02	2.30011e+03	1.11827e+03	2.16026e+00	0.00000e+00	0.00000e+00
4.04719e+02	2.70608e+02	2.29768e+03	1.11910e+03	2.16575e+00	0.00000e+00	0.00000e+00
4.08595e+02	2.70686e+02	2.29525e+03	1.11993e+03	2.17122e+00	0.00000e+00	0.00000e+00
4.12471e+02	2.70764e+02	2.29283e+03	1.12075e+03	2.17666e+00	0.00000e+00	0.00000e+00
4.16346e+02	2.70842e+02	2.29041e+03	1.12156e+03	2.18209e+00	0.00000e+00	0.00000e+00
4.20222e+02	2.70920e+02	2.28799e+03	1.12237e+03	2.18749e+00	0.00000e+00	0.00000e+00
4.24098e+02	2.70999e+02	2.28558e+03	1.12318e+03	2.19287e+00	0.00000e+00	0.00000e+00
4.27974e+02	2.71077e+02	2.28317e+03	1.12399e+03	2.19822e+00	0.00000e+00	0.00000e+00
4.31850e+02	2.71156e+02	2.28076e+03	1.12479e+03	2.20356e+00	0.00000e+00	0.00000e+00
4.35725e+02	2.71235e+02	2.27836e+03	1.12558e+03	2.20887e+00	0.00000e+00	0.00000e+00
4.39601e+02	2.71314e+02	2.27596e+03	1.12638e+03	2.21417e+00	0.00000e+00	0.00000e+00
4.43477e+02	2.71392e+02	2.27356e+03	1.12716e+03	2.21944e+00	0.00000e+00	0.00000e+00
4.47353e+02	2.71471e+02	2.27116e+03	1.12795e+03	2.22469e+00	0.00000e+00	0.00000e+00
4.51229e+02	2.71551e+02	2.26877e+03	1.12873e+03	2.22992e+00	0.00000e+00	0.00000e+00
4.55104e+02	2.71630e+02	2.26638e+03	1.12951e+03	2.23514e+00	0.00000e+00	0.00000e+00
4.58980e+02	2.71709e+02	2.26399e+03	1.13028e+03	2.24033e+00	0.00000e+00	0.00000e+00
4.62856e+02	2.71788e+02	2.26161e+03	1.13105e+03	2.24550e+00	0.00000e+00	0.00000e+00
4.66732e+02	2.71868e+02	2.25923e+03	1.13182e+03	2.25065e+00	0.00000e+00	0.00000e+00
4.70607e+02	2.71947e+02	2.25685e+03	1.13258e+03	2.25579e+00	0.00000e+00	0.00000e+00
4.74483e+02	2.72027e+02	2.25447e+03	1.13334e+03	2.26090e+00	0.00000e+00	0.00000e+00
4.78359e+02	2.72106e+02	2.25210e+03	1.13410e+03	2.26600e+00	0.00000e+00	0.00000e+00
4.82235e+02	2.72186e+02	2.24973e+03	1.13485e+03	2.27108e+00	0.00000e+00	0.00000e+00
4.86111e+02	2.72266e+02	2.24736e+03	1.13560e+03	2.27613e+00	0.00000e+00	0.00000e+00
4.89986e+02	2.72346e+02	2.24500e+03	1.13635e+03	2.28118e+00	0.00000e+00	0.00000e+00
4.93862e+02	2.72425e+02	2.24264e+03	1.13709e+03	2.28620e+00	0.00000e+00	0.00000e+00
4.97738e+02	2.72505e+02	2.24028e+03	1.13783e+03	2.29120e+00	0.00000e+00	0.00000e+00
5.01614e+02	2.72585e+02	2.23792e+03	1.13857e+03	2.29619e+00	0.00000e+00	0.00000e+00
5.05489e+02	2.72665e+02	2.23557e+03	1.13930e+03	2.30116e+00	0.00000e+00	0.00000e+00
5.09365e+02	2.72745e+02	2.23322e+03	1.14003e+03	2.30611e+00	0.00000e+00	0.00000e+00
5.13241e+02	2.72826e+02	2.23087e+03	1.14076e+03	2.31105e+00	0.00000e+00	0.00000e+00
5.17117e+02	2.72906e+02	2.22853e+03	1.14148e+03	2.31597e+00	0.00000e+00	0.00000e+00
5.20993e+02	2.72986e+02	2.22618e+03	1.14221e+03	2.32087e+00	0.00000e+00	0.00000e+00
5.24868e+02	2.73066e+02	2.22384e+03	1.14292e+03	2.32576e+00	0.00000e+00	0.00000e+00
5.28744e+02	2.73146e+02	2.22151e+03	1.14364e+03	2.33063e+00	0.00000e+00	0.00000e+00
5.32620e+02	2.73227e+02	2.21917e+03	1.14435e+03	2.33548e+00	0.00000e+00	0.00000e+00
5.36496e+02	2.73307e+02	2.21684e+03	1.14506e+03	2.34032e+00	0.00000e+00	0.00000e+00
5.40371e+02	2.73388e+02	2.21452e+03	1.14577e+03	2.34514e+00	0.00000e+00	0.00000e+00
5.44247e+02	2.73468e+02	2.21219e+03	1.14647e+03	2.34995e+00	0.00000e+00	0.00000e+00
5.48123e+02	2.73549e+02	2.20987e+03	1.14717e+03	2.35474e+00	0.00000e+00	0.00000e+00
5.51999e+02	2.73629e+02	2.20755e+03	1.14787e+03	2.35951e+00	0.00000e+00	0.00000e+00
5.55875e+02	2.73710e+02	2.20523e+03	1.14856e+03	2.36427e+00	0.00000e+00	0.00000e+00
5.59750e+02	2.73790e+02	2.20292e+03	1.14925e+03	2.36902e+00	0.00000e+00	0.00000e+00
5.63626e+02	2.73871e+02	2.20060e+03	1.14994e+03	2.37375e+00	0.00000e+00	0.00000e+00
5.67502e+02	2.73951e+02	2.19830e+03	1.15063e+03	2.37846e+00	0.00000e+00	0.00000e+00
5.71378e+02	2.74032e+02	2.19599e+03	1.15131e+03	2.38317e+00	0.00000e+00	0.00000e+00
5.75253e+02	2.74113e+02	2.19369e+03	1.15199e+03	2.38785e+00	0.00000e+00	0.00000e+00
5.79129e+02	2.74193e+02	2.19138e+03	1.15267e+03	2.39252e+00	0.00000e+00	0.00000e+00
5.83005e+02	2.74274e+02	2.18909e+03	1.15335e+03	2.39718e+00	0.00000e+00	0.00000e+00
5.86881e+02	2.74355e+02	2.18679e+03	1.15402e+03	2.40183e+00	0.00000e+00	0.00000e+00
5.90757e+02	2.74436e+02	2.18450e+03	1.15469e+03	2.40646e+00	0.00000e+00	0.00000e+00
5.94632e+02	2.74516e+02	2.18221e+03	1.15536e+03	2.41107e+00	0.00000e+00	0.00000e+00
5.98508e+02	2.74597e+02	2.17992e+03	1.15603e+03	2.41568e+00	0.00000e+00	0.00000e+00
6.02384e+02	2.74678e+02	2.17763e+03	1.15669e+03	2.42026e+00	0.00000e+00	0.00000e+00
6.06260e+02	2.74759e+02	2.17535e+03	1.15735e+03	2.42484e+00	0.00000e+00	0.00000e+00
6.10135e+02	2.74839e+02	2.17307e+03	1.15801e+03	2.42940e+00	0.00000e+00	0.00000e+00
6.14011e+02	2.74920e+02	2.17080e+03	1.15866e+03	2.43395e+00	0.00000e+00	0.00000e+00
6.17887e+02	2.75001e+02	2.16852e+03	1.15932e+03	2.43849e+00	0.00000e+00	0.00000e+00
6.21763e+02	2.75082e+02	2.16625e+03	1.15997e+03	2.44301e+00	0.00000e+00	0.00000e+00
6.25639e+02	2.75163e+02	2.16398e+03	1.16061e+03	2.44752e+00	0.00000e+00	0.00000e+00
6.29514e+02	2.75243e+02	2.16171e+03	1.16126e+03	2.45202e+00	0.00000e+00	0.00000e+00
6.33390e+02	2.75324e+02	2.15945e+03	1.16190e+03	2.45650e+00	0.00000e+00	0.00000e+00
6.37266e+02	2.75405e+02	2.15719e+03	1.16255e+03	2.46098e+00	0.00000e+00	0.00000e+00
6.41142e+02	2.75486e+02	2.15493e+03	1.16318e+03	2.46544e+00	0.00000e+00	0.00000e+00
6.45018e+02	2.75567e+02	2.15267e+03	1.16382e+03	2.46989e+00	0.00000e+00	0.00000e+00
6.48893e+02	2.75648e+02	2.15042e+03	1.16445e+03	2.47432e+00	0.00000e+00	0.00000e+00
6.52769e+02	2.75728e+02	2.14817e+03	1.16509e+03	2.47875e+00	0.00000e+00	0.00000e+00
6.56645e+02	2.75809e+02	2.14592e+03	1.16572e+03	2.48316e+00	0.00000e+00	0.00000e+00
6.60521e+02	2.75890e+02	2.14367e+03	1.16634e+03	2.48756e+00	0.00000e+00	0.00000e+00
6.64396e+02	2.75971e+02	2.14143e+03	1.16697e+03	2.49195e+00	0.00000e+00	0.00000e+00
6.68272e+02	2.76051e+02	2.13919e+03	1.16759e+03	2.49632e+00	0.00000e+00	0.00000e+00
6.72148e+02	2.76132e+02	2.13695e+03	1.16821e+03	2.50069e+00	0.00000e+00	0.00000e+00
6.76024e+02	2.76213e+02	2.13472e+03	1.16883e+03	2.50504e+00	0.00000e+00	0.00000e+00
6.79900e+02	2.76294e+02	2.13248e+03	1.16945e+03	2.50938e+00	0.00000e+00	0.00000e+00
6.83775e+02	2.76374e+02	2.13025e+03	1.17006e+03	2.51371e+00	0.00000e+00	0.00000e+00
6.87651e+02	2.76455e+02	2.12802e+03	1.17068e+03	2.51803e+00	0.00000e+00	0.00000e+00
6.91527e+02	2.76536e+02	2.12580e+03	1.17129e+03	2.52234e+00	0.00000e+00	0.00000e+00
6.95403e+02	2.76617e+02	2.12358e+03	1.17189e+03	2.52664e+00	0.00000e+00	0.00000e+00
6.99278e+02	2.76697e+02	2.12136e+03	1.17250e+03	2.53093e+00	0.00000e+00	0.00000e+00
7.03154e+02	2.76778e+02	2.11914e+03	1.17310e+03	2.53520e+00	0.00000e+00	0.00000e+00
7.07030e+02	2.76855e+02	2.11727e+03	1.39422e+03	4.40013e+00	2.26000e+00	1.19150e+02
7.10906e+02	2.77255e+02	2.11541e+03	1.39419e+03	4.40273e+00	2.26187e+00	1.18233e+02
7.14782e+02	2.77648e+02	2.11355e+03	1.39416e+03	4.40533e+00	2.26373e+00	1.17341e+02
7.18657e+02	2.78041e+02	2.11168e+03	3.52611e+03	4.57395e+00	2.60321e+00	4.79769e+13
8.38149e+02	3.18344e+02	2.08898e+03	3.52611e+03	4.57096e+00	2.59929e+00	1.09463e+12
9.54818e+02	3.58211e+02	2.06627e+03	3.52647e+03	7.99275e+00	4.54125e+00	5.97439e+10
1.06864e+03	3.97643e+02	2.04356e+03	3.52658e+03	7.98538e+00	4.53326e+00	5.94403e+09
1.17958e+03	4.36639e+02	2.02086e+03	3.52649e+03	7.97726e+00	4.52489e+00	9.09932e+08
1.28758e+03	4.75199e+02	1.99815e+03	3.52625e+03	7.96855e+00	4.51625e+00	1.91774e+08
1.39260e+03	5.13324e+02	1.97544e+03	3.52587e+03	7.95937e+00	4.50741e+00	5.15745e+07
1.49461e+03	5.51012e+02	1.95274e+03	3.52538e+03	7.94980e+00	4.49841e+00	1.67740e+07
1.59355e+03	5.88265e+02	1.93003e+03	3.52478e+03	7.93986e+00	4.48929e+00	6.34547e+06
1.68937e+03	6.25083e+02	1.90733e+03	3.52409e+03	7.92962e+00	4.48007e+00	2.71217e+06
1.78204e+03	6.61464e+02	1.88462e+03	3.52331e+03	7.91909e+00	4.47077e+00	1.28122e+06
1.87150e+03	6.97410e+02	1.86191e+03	3.52245e+03	7.90831e+00	4.46142e+00	6.57647e+05
1.95771e+03	7.32920e+02	1.83921e+03	3.52152e+03	7.89729e+00	4.45202e+00	3.61916e+05
2.04060e+03	7.67995e+02	1.81650e+03	3.52050e+03	7.88606e+00	4.44259e+00	2.11272e+05
2.12013e+03	8.02634e+02	1.79379e+03	3.51942e+03	7.87459e+00	4.43312e+00	1.29707e+05
2.19623e+03	8.36837e+02	1.77109e+03	3.51825e+03	7.86292e+00	4.42364e+00	8.31631e+04
2.26884e+03	8.70604e+02	1.74838e+03	3.51702e+03	7.85103e+00	4.41414e+00	5.53651e+04
2.33791e+03	9.03936e+02	1.72568e+03	3.51571e+03	7.83894e+00	4.40462e+00	3.80886e+04
2.40337e+03	9.36832e+02	1.70297e+03	3.51433e+03	7.82663e+00	4.39510e+00	2.69689e+04
2.46515e+03	9.69292e+02	1.68026e+03	3.51287e+03	7.81409e+00	4.38555e+00	1.95867e+04
2.52317e+03	1.00132e+03	1.65756e+03	3.51133e+03	7.80133e+00	4.37600e+00	1.45491e+04
2.57735e+03	1.03291e+03	1.63485e+03	3.50971e+03	7.78835e+00	4.36644e+00	1.10257e+04
2.62763e+03	1.06406e+03	1.61214e+03	3.50801e+03	7.77513e+00	4.35687e+00	8.50651e+03
2.67391e+03	1.09478e+03	1.58944e+03	3.50623e+03	7.76166e+00	4.34729e+00	6.66901e+03
2.71610e+03	1.12506e+03	1.56673e+03	3.50436e+03	7.74793e+00	4.33769e+00	5.30440e+03
2.75411e+03	1.15490e+03	1.54403e+03	3.50240e+03	7.73394e+00	4.32808e+00	4.27425e+03
2.78784e+03	1.18431e+03	1.52132e+03	3.50034e+03	7.71966e+00	4.31845e+00	3.48489e+03
2.81718e+03	1.21329e+03	1.49861e+03	3.49819e+03	7.70509e+00	4.30880e+00	2.87174e+03
2.84203e+03	1.24183e+03	1.47591e+03	3.49594e+03	7.69018e+00	4.29912e+00	2.38945e+03
2.86226e+03	1.26993e+03	1.45320e+03	3.49359e+03	7.67497e+00	4.28942e+00	2.00569e+03
2.87776e+03	1.29760e+03	1.43049e+03	3.49112e+03	7.65939e+00	4.27968e+00	1.69707e+03
2.88837e+03	1.32483e+03	1.40779e+03	3.48854e+03	7.64345e+00	4.26991e+00	1.44642e+03
2.89398e+03	1.35163e+03	1.38508e+03	3.48584e+03	7.62710e+00	4.26009e+00	1.24098e+03
2.89442e+03	1.37799e+03	1.36238e+03	3.48302e+03	7.61034e+00	4.25022e+00	1.07115e+03
2.88954e+03	1.40391e+03	1.33967e+03	3.48006e+03	7.59313e+00	4.24030e+00	9.29647e+02
2.87917e+03	1.42940e+03	1.31696e+03	3.47696e+03	7.57544e+00	4.23031e+00	8.10858e+02
2.86313e+03	1.45445e+03	1.29426e+03	3.47372e+03	7.55724e+00	4.22025e+00	7.10442e+02
2.84121e+03	1.47907e+03	1.27155e+03	3.47032e+03	7.53850e+00	4.21011e+00	6.24997e+02
2.81323e+03	1.50325e+03	1.24884e+03	3.46676e+03	7.51916e+00	4.19988e+00	5.51842e+02
2.77895e+03	1.52700e+03	1.22614e+03	3.46303e+03	7.37705e+00	4.11051e+00	4.88843e+02
2.73814e+03	1.55031e+03	1.20343e+03	3.40940e+03	7.27435e+00	4.04647e+00	4.34288e+02
2.69123e+03	1.57318e+03	1.18073e+03	3.37133e+03	7.25479e+00	4.03637e+00	3.86905e+02
2.63798e+03	1.59562e+03	1.15802e+03	3.36701e+03	7.23455e+00	4.02613e+00	3.45541e+02
2.57769e+03	1.61763e+03	1.13531e+03	3.36248e+03	7.21355e+00	4.01572e+00	3.09201e+02
2.51005e+03	1.63919e+03	1.11261e+03	3.35771e+03	7.19169e+00	4.00513e+00	2.77131e+02
2.43474e+03	1.66033e+03	1.08990e+03	3.35269e+03	7.16893e+00	3.99433e+00	2.48707e+02
2.35141e+03	1.68102e+03	1.06719e+03	3.34740e+03	7.14518e+00	3.98331e+00	2.23410e+02
2.25968e+03	1.70128e+03	1.04449e+03	3.34182e+03	7.12037e+00	3.97204e+00	2.00810e+02
2.15913e+03	1.72111e+03	1.02178e+03	3.33592e+03	7.09439e+00	3.96049e+00	1.80546e+02
2.04932e+03	1.74050e+03	9.99075e+02	3.32969e+03	7.06710e+00	3.94863e+00	1.62312e+02
1.92977e+03	1.75945e+03	9.76369e+02	3.32309e+03	7.03841e+00	3.93642e+00	1.45854e+02
1.79994e+03	1.77797e+03	9.53663e+02	3.31610e+03	6.99909e+00	3.91995e+00	1.30954e+02
1.65927e+03	1.79605e+03	9.30956e+02	3.30685e+03	6.94041e+00	3.89575e+00	1.17429e+02
1.50720e+03	1.81369e+03	9.08250e+02	3.29362e+03	6.90575e+00	3.88226e+00	1.05125e+02
1.34325e+03	1.83091e+03	8.85544e+02	3.28512e+03	6.86889e+00	3.86825e+00	9.39170e+01
1.16642e+03	1.84768e+03	8.62838e+02	3.27606e+03	6.82082e+00	3.83534e+00	8.36804e+01
9.75910e+02	1.86402e+03	8.40131e+02	3.25500e+03	6.74216e+00	3.80617e+00	7.43193e+01
7.71514e+02	1.87992e+03	8.17425e+02	3.23876e+03	6.69555e+00	3.79001e+00	6.57711e+01
5.51997e+02	1.89539e+03	7.94719e+02	3.22754e+03	6.64504e+00	3.77295e+00	5.79548e+01
3.15912e+02	1.91042e+03	7.72013e+02	3.21541e+03	6.58985e+00	3.75484e+00	5.08015e+01
6.20549e+01	1.92502e+03	7.49306e+02	3.20222e+03	6.52905e+00	3.73552e+00	4.42621e+01
-2.10903e+02	1.93918e+03	7.26600e+02	3.18782e+03	6.63328e+00	3.74917e+00	3.82955e+01
-5.04434e+02	1.95290e+03	7.03894e+02	3.19745e+03	6.74759e+00	3.76819e+00	3.28670e+01
-8.22704e+02	1.96619e+03	6.81188e+02	3.21173e+03	6.98005e+00	3.79008e+00	2.79173e+01
-1.16865e+03	1.97905e+03	6.58481e+02	3.22838e+03	7.00985e+00	3.82145e+00	2.34233e+01
-1.54543e+03	1.99146e+03	6.35775e+02	3.24917e+03	6.61329e+00	3.73371e+00	1.93705e+01
-1.95690e+03	2.00345e+03	6.13069e+02	3.18147e+03	6.04259e+00	3.59159e+00	1.57463e+01
-2.39483e+03	2.01499e+03	5.90363e+02	3.07337e+03	5.94217e+00	3.56275e+00	1.26166e+01
-2.85544e+03	2.02610e+03	5.67656e+02	3.04946e+03	5.83760e+00	3.53288e+00	9.97265e+00
-3.35398e+03	2.03678e+03	5.44950e+02	3.02451e+03	5.72578e+00	3.50117e+00	7.71144e+00
-3.89466e+03	2.04702e+03	5.22244e+02	2.99774e+03	5.60586e+00	3.46737e+00	5.81201e+00
-4.48226e+03	2.05682e+03	4.99538e+02	2.96895e+03	5.47687e+00	3.43124e+00	4.25106e+00
-5.12235e+03	2.06619e+03	4.76831e+02	2.93791e+03	5.33769e+00	3.39247e+00	3.00173e+00
-5.82145e+03	2.07512e+03	4.54125e+02	2.90433e+03	5.18699e+00	3.35072e+00	2.03321e+00
-6.58729e+03	2.08362e+03	4.31419e+02	2.86789e+03	5.02321e+00	3.30556e+00	1.31077e+00
-7.42900e+03	2.09168e+03	4.08713e+02	2.82820e+03	4.84449e+00	3.25651e+00	7.96532e-01
-8.35757e+03	2.09930e+03	3.86006e+02	2.78481e+03	4.64861e+00	3.20296e+00	4.50761e-01
-9.38623e+03	2.10649e+03	3.63300e+02	2.73717e+03	4.43288e+00	3.14422e+00	2.33940e-01
-1.05311e+04	2.11324e+03	3.40594e+02	2.68463e+03	4.19405e+00	3.07939e+00	1.09187e-01
-1.18122e+04	2.11956e+03	3.17888e+02	2.62638e+03	3.92806e+00	3.00742e+00	4.46807e-02
-1.32541e+04	2.12544e+03	2.95181e+02	2.56142e+03	3.62991e+00	2.92696e+00	1.55045e-02
-1.48882e+04	2.13089e+03	2.72475e+02	2.48852e+03	3.29327e+00	2.83633e+00	4.36345e-03
-1.67543e+04	2.13590e+03	2.49769e+02	2.40614e+03	2.91003e+00	2.73338e+00	9.37372e-04
-1.89046e+04	2.14048e+03	2.27063e+02	2.31226e+03	2.46967e+00	2.61529e+00	1.41316e-04
-2.14075e+04	2.14462e+03	2.04356e+02	2.20432e+03	1.95828e+00	2.47837e+00	1.32692e-05
-2.43557e+04	2.14832e+03	1.81650e+02	2.07889e+03	1.35708e+00	2.31762e+00	6.52253e-07
-2.78770e+04	2.15159e+03	1.58944e+02	1.93135e+03	6.40209e-01	2.12615e+00	1.29341e-08
-3.21518e+04	2.15442e+03	1.36238e+02	1.75535e+03	-2.28926e-01	1.89422e+00	6.90780e-11
-3.74417e+04	2.15682e+03	1.13531e+02	1.54189e+03	-1.30334e+00	1.60770e+00	5.18588e-14
-4.41343e+04	2.15878e+03	9.08250e+01	1.27793e+03	-2.66156e+00	1.24570e+00	1.84412e-18
-5.28024e+04	2.16030e+03	6.81188e+01	9.44182e+02	-4.41966e+00	7.77306e-01	4.77614e-25
-6.41886e+04	2.16139e+03	4.54125e+01	5.12100e+02	-6.72813e+00	1.62447e-01	4.09529e-35
-7.80840e+04	2.16204e+03	2.27063e+01	-5.53037e+01	-9.54464e+00	-5.87603e-01	1.41269e-49
-7.20815e+04	NaN	0.00000e+00	-7.47625e+02	NaN	NaN	NaN
-7.20815e+04	NaN	0.00000e+00	NaN	NaN	NaN	1.00000e+04
NaN	NaN	0.00000e+00	NaN	NaN	NaN	1.00000e+04
NaN	NaN	0.00000e+00	NaN	NaN	NaN	1.00000e+04
NaN	NaN	0.00000e+00	NaN	NaN	NaN	1.00000e+04
NaN	NaN	0.00000e+00	NaN	NaN	NaN	1.00000e+04
NaN	NaN	0.00000e+00	NaN	NaN	NaN	1.00000e+04
NaN	NaN	0.00000e+00	NaN	NaN	NaN	1.00000e+04
NaN	NaN	0.00000e+00	NaN	NaN	NaN	1.00000e+04
NaN	NaN	0.00000e+00	NaN	NaN	NaN	1.00000e+04
NaN	NaN	0.00000e+00	NaN	NaN	NaN	1.00000e+04
