P (MPa)		T (K)		r (km)		rho (kg m-3)	VP (km s-1)	VS (km s-1)	QS/gamma	
0.00000e+00	9.40000e+01	2.57470e+03	9.32543e+02	3.87821e+00	1.96165e+00	1.72556e+05
1.41615e+00	1.08243e+02	2.57358e+03	9.32543e+02	3.88013e+00	1.96284e+00	3.27129e+04
2.83229e+00	1.24643e+02	2.57246e+03	9.32667e+02	3.88248e+00	1.96425e+00	7.71854e+03
4.24844e+00	1.43529e+02	2.57134e+03	9.32791e+02	3.88544e+00	1.96597e+00	2.20230e+03
5.66459e+00	1.65276e+02	2.57022e+03	9.32914e+02	3.88933e+00	1.96816e+00	7.41114e+02
7.08074e+00	1.90318e+02	2.56910e+03	9.33037e+02	3.89458e+00	1.97104e+00	2.87826e+02
8.49688e+00	2.19155e+02	2.56798e+03	9.33158e+02	3.90172e+00	1.97487e+00	1.26597e+02
9.91303e+00	2.52361e+02	2.56686e+03	9.33279e+02	3.91115e+00	1.97986e+00	6.20370e+01
1.13292e+01	2.52391e+02	2.56574e+03	9.33399e+02	3.91202e+00	1.98053e+00	6.20015e+01
1.27453e+01	2.52422e+02	2.56462e+03	9.33518e+02	3.91289e+00	1.98119e+00	6.19656e+01
1.41615e+01	2.52454e+02	2.56350e+03	9.33636e+02	3.91376e+00	1.98185e+00	6.19294e+01
1.55776e+01	2.52485e+02	2.56239e+03	9.33753e+02	3.91463e+00	1.98251e+00	6.18929e+01
1.69938e+01	2.52517e+02	2.56127e+03	9.33868e+02	3.91549e+00	1.98317e+00	6.18561e+01
1.84099e+01	2.52550e+02	2.56015e+03	9.33983e+02	3.91636e+00	1.98382e+00	6.18189e+01
1.98261e+01	2.52582e+02	2.55904e+03	9.34097e+02	3.91722e+00	1.98448e+00	6.17813e+01
2.12422e+01	2.52615e+02	2.55792e+03	9.34209e+02	3.91808e+00	1.98513e+00	6.17434e+01
2.26584e+01	2.52648e+02	2.55680e+03	9.34321e+02	3.91893e+00	1.98578e+00	6.17052e+01
2.40745e+01	2.52682e+02	2.55569e+03	9.34431e+02	3.91978e+00	1.98643e+00	6.16666e+01
2.54906e+01	2.52716e+02	2.55457e+03	9.34540e+02	3.92063e+00	1.98708e+00	6.16276e+01
2.69068e+01	2.52750e+02	2.55346e+03	9.34647e+02	3.92148e+00	1.98773e+00	6.15883e+01
2.83229e+01	2.52785e+02	2.55235e+03	9.34753e+02	3.92233e+00	1.98838e+00	6.15486e+01
2.97391e+01	2.52820e+02	2.55123e+03	9.34858e+02	3.92317e+00	1.98902e+00	6.15086e+01
3.11552e+01	2.52855e+02	2.55012e+03	9.34961e+02	3.92401e+00	1.98967e+00	6.14682e+01
3.25714e+01	2.52891e+02	2.54901e+03	9.35063e+02	3.92485e+00	1.99031e+00	6.14274e+01
3.39875e+01	2.52927e+02	2.54789e+03	9.35163e+02	3.92569e+00	1.99095e+00	6.13862e+01
3.54037e+01	2.52964e+02	2.54678e+03	9.35262e+02	3.92653e+00	1.99159e+00	6.13447e+01
3.68198e+01	2.53000e+02	2.54567e+03	9.35359e+02	3.92736e+00	1.99223e+00	6.13027e+01
3.82360e+01	2.53038e+02	2.54456e+03	9.35454e+02	3.92819e+00	1.99287e+00	6.12604e+01
3.96521e+01	2.53075e+02	2.54345e+03	9.35547e+02	3.92902e+00	1.99351e+00	6.12177e+01
4.10683e+01	2.53113e+02	2.54234e+03	9.35639e+02	3.92985e+00	1.99414e+00	6.11746e+01
4.24844e+01	2.53152e+02	2.54123e+03	9.35729e+02	3.93067e+00	1.99478e+00	6.11312e+01
4.39006e+01	2.53190e+02	2.54012e+03	9.35816e+02	3.93149e+00	1.99541e+00	6.10873e+01
4.53167e+01	2.53229e+02	2.53901e+03	9.35902e+02	3.93231e+00	1.99604e+00	6.10430e+01
4.67329e+01	2.53269e+02	2.53790e+03	9.35986e+02	3.93313e+00	1.99667e+00	6.09983e+01
4.81490e+01	2.53309e+02	2.53679e+03	9.36068e+02	3.93395e+00	1.99730e+00	6.09532e+01
4.95651e+01	2.53349e+02	2.53568e+03	9.36147e+02	3.93477e+00	1.99793e+00	6.09077e+01
5.09813e+01	2.53390e+02	2.53457e+03	9.36224e+02	3.93558e+00	1.99856e+00	6.08618e+01
5.23974e+01	2.53431e+02	2.53346e+03	9.36299e+02	3.93639e+00	1.99919e+00	6.08155e+01
5.38136e+01	2.53473e+02	2.53236e+03	9.36372e+02	3.93720e+00	1.99981e+00	6.07687e+01
5.52297e+01	2.53515e+02	2.53125e+03	9.36442e+02	3.93801e+00	2.00044e+00	6.07215e+01
5.66459e+01	2.53557e+02	2.53014e+03	9.36509e+02	3.93881e+00	2.00106e+00	6.06739e+01
5.80620e+01	2.53600e+02	2.52904e+03	9.36574e+02	3.93962e+00	2.00168e+00	6.06259e+01
5.94782e+01	2.53643e+02	2.52793e+03	9.36636e+02	3.94042e+00	2.00230e+00	6.05774e+01
6.08943e+01	2.53687e+02	2.52682e+03	9.36695e+02	3.94122e+00	2.00292e+00	6.05285e+01
6.23105e+01	2.53731e+02	2.52572e+03	9.36752e+02	3.94202e+00	2.00354e+00	6.04792e+01
6.37266e+01	2.53776e+02	2.52461e+03	9.36806e+02	3.94282e+00	2.00416e+00	6.04294e+01
6.51428e+01	2.53821e+02	2.52351e+03	9.36856e+02	3.94361e+00	2.00478e+00	6.03792e+01
6.65589e+01	2.53867e+02	2.52241e+03	9.36904e+02	3.94441e+00	2.00539e+00	6.03285e+01
6.79751e+01	2.53913e+02	2.52130e+03	9.36948e+02	3.94520e+00	2.00601e+00	6.02773e+01
6.93912e+01	2.53959e+02	2.52020e+03	9.36990e+02	3.94599e+00	2.00662e+00	6.02257e+01
7.08074e+01	2.54006e+02	2.51909e+03	9.37027e+02	3.94678e+00	2.00723e+00	6.01737e+01
7.22235e+01	2.54054e+02	2.51799e+03	9.37062e+02	3.94756e+00	2.00785e+00	6.01212e+01
7.36397e+01	2.54101e+02	2.51689e+03	9.37093e+02	3.94835e+00	2.00846e+00	6.00682e+01
7.50558e+01	2.54150e+02	2.51579e+03	9.37120e+02	3.94913e+00	2.00907e+00	6.00147e+01
7.64719e+01	2.54199e+02	2.51468e+03	9.37143e+02	3.94992e+00	2.00968e+00	5.99608e+01
7.78881e+01	2.54248e+02	2.51358e+03	9.37163e+02	3.95070e+00	2.01028e+00	5.99063e+01
7.93042e+01	2.54298e+02	2.51248e+03	9.37179e+02	3.95148e+00	2.01089e+00	5.98514e+01
8.07204e+01	2.54348e+02	2.51138e+03	9.37191e+02	3.95226e+00	2.01150e+00	5.97961e+01
8.21365e+01	2.54399e+02	2.51028e+03	9.37198e+02	3.95303e+00	2.01210e+00	5.97402e+01
8.35527e+01	2.54451e+02	2.50918e+03	9.37202e+02	3.95381e+00	2.01271e+00	5.96838e+01
8.49688e+01	2.54503e+02	2.50808e+03	9.37201e+02	3.95458e+00	2.01331e+00	5.96269e+01
8.63850e+01	2.54555e+02	2.50698e+03	9.37195e+02	3.95536e+00	2.01392e+00	5.95696e+01
8.78011e+01	2.54608e+02	2.50588e+03	9.37185e+02	3.95613e+00	2.01452e+00	5.95117e+01
8.92173e+01	2.54662e+02	2.50478e+03	9.37171e+02	3.95690e+00	2.01512e+00	5.94533e+01
9.06334e+01	2.54716e+02	2.50368e+03	9.37151e+02	3.95767e+00	2.01572e+00	5.93944e+01
9.20496e+01	2.54771e+02	2.50258e+03	9.37127e+02	3.95844e+00	2.01632e+00	5.93350e+01
9.34657e+01	2.54826e+02	2.50148e+03	9.37098e+02	3.95920e+00	2.01692e+00	5.92751e+01
9.48819e+01	2.54882e+02	2.50038e+03	9.37064e+02	3.95997e+00	2.01752e+00	5.92147e+01
9.62980e+01	2.54938e+02	2.49928e+03	9.37024e+02	3.96073e+00	2.01812e+00	5.91537e+01
9.77142e+01	2.54995e+02	2.49818e+03	9.36980e+02	3.96149e+00	2.01871e+00	5.90922e+01
9.91303e+01	2.55052e+02	2.49709e+03	9.36930e+02	3.96225e+00	2.01931e+00	5.90301e+01
1.00546e+02	2.55110e+02	2.49599e+03	9.36874e+02	3.96302e+00	2.01990e+00	5.89676e+01
1.01963e+02	2.55169e+02	2.49489e+03	9.36813e+02	3.96377e+00	2.02050e+00	5.89044e+01
1.03379e+02	2.55228e+02	2.49379e+03	9.36746e+02	3.96453e+00	2.02109e+00	5.88408e+01
1.04795e+02	2.55288e+02	2.49270e+03	9.36673e+02	3.96529e+00	2.02168e+00	5.87766e+01
1.06211e+02	2.55349e+02	2.49160e+03	9.36594e+02	3.96604e+00	2.02228e+00	5.87118e+01
1.07627e+02	2.55410e+02	2.49050e+03	9.36510e+02	3.96680e+00	2.02287e+00	5.86465e+01
1.09043e+02	2.55472e+02	2.48941e+03	9.36419e+02	3.96755e+00	2.02346e+00	5.85806e+01
1.10459e+02	2.55534e+02	2.48831e+03	9.36322e+02	3.96830e+00	2.02405e+00	5.85142e+01
1.11876e+02	2.55597e+02	2.48721e+03	9.36219e+02	3.96905e+00	2.02464e+00	5.84471e+01
1.13292e+02	2.55661e+02	2.48612e+03	9.36109e+02	3.96980e+00	2.02523e+00	5.83796e+01
1.14708e+02	2.55725e+02	2.48502e+03	9.35994e+02	3.97055e+00	2.02582e+00	5.83114e+01
1.16124e+02	2.55790e+02	2.48393e+03	9.35871e+02	3.97130e+00	2.02640e+00	5.82427e+01
1.17540e+02	2.55856e+02	2.48283e+03	9.35742e+02	3.97205e+00	2.02699e+00	5.81733e+01
1.18956e+02	2.55922e+02	2.48173e+03	9.35607e+02	3.97279e+00	2.02758e+00	5.81034e+01
1.20373e+02	2.55989e+02	2.48064e+03	9.35465e+02	3.97354e+00	2.02816e+00	5.80329e+01
1.21789e+02	2.56056e+02	2.47954e+03	9.35317e+02	3.97428e+00	2.02875e+00	5.79618e+01
1.23205e+02	2.56125e+02	2.47845e+03	9.35161e+02	3.97503e+00	2.02933e+00	5.78901e+01
1.24621e+02	2.56194e+02	2.47735e+03	9.35000e+02	3.97577e+00	2.02992e+00	5.78178e+01
1.26037e+02	2.56263e+02	2.47626e+03	9.34831e+02	3.97651e+00	2.03050e+00	5.77449e+01
1.27453e+02	2.56334e+02	2.47516e+03	9.34656e+02	3.97725e+00	2.03108e+00	5.76714e+01
1.28869e+02	2.56405e+02	2.47407e+03	9.34475e+02	3.97799e+00	2.03166e+00	5.75973e+01
1.30286e+02	2.56477e+02	2.47298e+03	9.34287e+02	3.97873e+00	2.03225e+00	5.75225e+01
1.31702e+02	2.56550e+02	2.47188e+03	9.34092e+02	3.97946e+00	2.03283e+00	5.74472e+01
1.33118e+02	2.56623e+02	2.47079e+03	9.33892e+02	3.98020e+00	2.03341e+00	5.73712e+01
1.34534e+02	2.56697e+02	2.46969e+03	9.33685e+02	3.98093e+00	2.03399e+00	5.72945e+01
1.35950e+02	2.56772e+02	2.46860e+03	9.33471e+02	3.98167e+00	2.03457e+00	5.72173e+01
1.37366e+02	2.56848e+02	2.46750e+03	9.33252e+02	3.98240e+00	2.03514e+00	5.71394e+01
1.38782e+02	2.59968e+02	2.46641e+03	9.33027e+02	3.98399e+00	2.03616e+00	5.40536e+01
1.40199e+02	2.60000e+02	2.46531e+03	9.32797e+02	3.98471e+00	2.03673e+00	5.40231e+01
1.43887e+02	2.60040e+02	2.46282e+03	1.06554e+03	1.60161e+00	0.00000e+00	0.00000e+00
1.47575e+02	2.60081e+02	2.46033e+03	1.06697e+03	1.60921e+00	0.00000e+00	0.00000e+00
1.51264e+02	2.60124e+02	2.45784e+03	1.06839e+03	1.61679e+00	0.00000e+00	0.00000e+00
1.54952e+02	2.60168e+02	2.45536e+03	1.06979e+03	1.62436e+00	0.00000e+00	0.00000e+00
1.58641e+02	2.60214e+02	2.45288e+03	1.07118e+03	1.63191e+00	0.00000e+00	0.00000e+00
1.62329e+02	2.60262e+02	2.45041e+03	1.07256e+03	1.63944e+00	0.00000e+00	0.00000e+00
1.66018e+02	2.60311e+02	2.44794e+03	1.07393e+03	1.64695e+00	0.00000e+00	0.00000e+00
1.69706e+02	2.60361e+02	2.44547e+03	1.07528e+03	1.65443e+00	0.00000e+00	0.00000e+00
1.73395e+02	2.60413e+02	2.44301e+03	1.07662e+03	1.66189e+00	0.00000e+00	0.00000e+00
1.77083e+02	2.60466e+02	2.44056e+03	1.07795e+03	1.66933e+00	0.00000e+00	0.00000e+00
1.80771e+02	2.60521e+02	2.43810e+03	1.07927e+03	1.67675e+00	0.00000e+00	0.00000e+00
1.84460e+02	2.60576e+02	2.43565e+03	1.08058e+03	1.68413e+00	0.00000e+00	0.00000e+00
1.88148e+02	2.60633e+02	2.43321e+03	1.08187e+03	1.69149e+00	0.00000e+00	0.00000e+00
1.91837e+02	2.60692e+02	2.43077e+03	1.08316e+03	1.69882e+00	0.00000e+00	0.00000e+00
1.95525e+02	2.60751e+02	2.42833e+03	1.08443e+03	1.70613e+00	0.00000e+00	0.00000e+00
1.99214e+02	2.60811e+02	2.42590e+03	1.08569e+03	1.71340e+00	0.00000e+00	0.00000e+00
2.02902e+02	2.60873e+02	2.42347e+03	1.08694e+03	1.72065e+00	0.00000e+00	0.00000e+00
2.06591e+02	2.60936e+02	2.42104e+03	1.08818e+03	1.72786e+00	0.00000e+00	0.00000e+00
2.10279e+02	2.61000e+02	2.41862e+03	1.08941e+03	1.73505e+00	0.00000e+00	0.00000e+00
2.13968e+02	2.61064e+02	2.41620e+03	1.09063e+03	1.74221e+00	0.00000e+00	0.00000e+00
2.17656e+02	2.61130e+02	2.41379e+03	1.09184e+03	1.74933e+00	0.00000e+00	0.00000e+00
2.21344e+02	2.61197e+02	2.41138e+03	1.09305e+03	1.75642e+00	0.00000e+00	0.00000e+00
2.25033e+02	2.61265e+02	2.40897e+03	1.09424e+03	1.76346e+00	0.00000e+00	0.00000e+00
2.28721e+02	2.61333e+02	2.40656e+03	1.09542e+03	1.77046e+00	0.00000e+00	0.00000e+00
2.32410e+02	2.61403e+02	2.40416e+03	1.09659e+03	1.77740e+00	0.00000e+00	0.00000e+00
2.36098e+02	2.61473e+02	2.40177e+03	1.09775e+03	1.78429e+00	0.00000e+00	0.00000e+00
2.39787e+02	2.61545e+02	2.39937e+03	1.09891e+03	1.79112e+00	0.00000e+00	0.00000e+00
2.43475e+02	2.61617e+02	2.39698e+03	1.10005e+03	1.79790e+00	0.00000e+00	0.00000e+00
2.47164e+02	2.61689e+02	2.39460e+03	1.10119e+03	1.80463e+00	0.00000e+00	0.00000e+00
2.50852e+02	2.61763e+02	2.39222e+03	1.10232e+03	1.81130e+00	0.00000e+00	0.00000e+00
2.54540e+02	2.61838e+02	2.38984e+03	1.10344e+03	1.81794e+00	0.00000e+00	0.00000e+00
2.58229e+02	2.61913e+02	2.38746e+03	1.10455e+03	1.82453e+00	0.00000e+00	0.00000e+00
2.61917e+02	2.61989e+02	2.38509e+03	1.10566e+03	1.83108e+00	0.00000e+00	0.00000e+00
2.65606e+02	2.62065e+02	2.38272e+03	1.10675e+03	1.83759e+00	0.00000e+00	0.00000e+00
2.69294e+02	2.62143e+02	2.38035e+03	1.10784e+03	1.84406e+00	0.00000e+00	0.00000e+00
2.72983e+02	2.62221e+02	2.37799e+03	1.10892e+03	1.85049e+00	0.00000e+00	0.00000e+00
2.76671e+02	2.62300e+02	2.37563e+03	1.11000e+03	1.85688e+00	0.00000e+00	0.00000e+00
2.80360e+02	2.62379e+02	2.37328e+03	1.11106e+03	1.86322e+00	0.00000e+00	0.00000e+00
2.84048e+02	2.62459e+02	2.37092e+03	1.11212e+03	1.86953e+00	0.00000e+00	0.00000e+00
2.87736e+02	2.62539e+02	2.36857e+03	1.11317e+03	1.87581e+00	0.00000e+00	0.00000e+00
2.91425e+02	2.62621e+02	2.36623e+03	1.11422e+03	1.88205e+00	0.00000e+00	0.00000e+00
2.95113e+02	2.62703e+02	2.36388e+03	1.11526e+03	1.88827e+00	0.00000e+00	0.00000e+00
2.98802e+02	2.62785e+02	2.36155e+03	1.11629e+03	1.89448e+00	0.00000e+00	0.00000e+00
3.02490e+02	2.62868e+02	2.35921e+03	1.11731e+03	1.90068e+00	0.00000e+00	0.00000e+00
3.06179e+02	2.62951e+02	2.35687e+03	1.11833e+03	1.90687e+00	0.00000e+00	0.00000e+00
3.09867e+02	2.63036e+02	2.35454e+03	1.11934e+03	1.91305e+00	0.00000e+00	0.00000e+00
3.13556e+02	2.63120e+02	2.35222e+03	1.12035e+03	1.91920e+00	0.00000e+00	0.00000e+00
3.17244e+02	2.63205e+02	2.34989e+03	1.12135e+03	1.92533e+00	0.00000e+00	0.00000e+00
3.20933e+02	2.63291e+02	2.34757e+03	1.12234e+03	1.93142e+00	0.00000e+00	0.00000e+00
3.24621e+02	2.63377e+02	2.34525e+03	1.12332e+03	1.93747e+00	0.00000e+00	0.00000e+00
3.28309e+02	2.63464e+02	2.34294e+03	1.12430e+03	1.94348e+00	0.00000e+00	0.00000e+00
3.31998e+02	2.63551e+02	2.34063e+03	1.12528e+03	1.94945e+00	0.00000e+00	0.00000e+00
3.35686e+02	2.63639e+02	2.33832e+03	1.12625e+03	1.95538e+00	0.00000e+00	0.00000e+00
3.39375e+02	2.63727e+02	2.33601e+03	1.12721e+03	1.96126e+00	0.00000e+00	0.00000e+00
3.43063e+02	2.63815e+02	2.33371e+03	1.12816e+03	1.96711e+00	0.00000e+00	0.00000e+00
3.46752e+02	2.63904e+02	2.33141e+03	1.12912e+03	1.97291e+00	0.00000e+00	0.00000e+00
3.50440e+02	2.63994e+02	2.32911e+03	1.13006e+03	1.97867e+00	0.00000e+00	0.00000e+00
3.54129e+02	2.64083e+02	2.32682e+03	1.13100e+03	1.98438e+00	0.00000e+00	0.00000e+00
3.57817e+02	2.64174e+02	2.32452e+03	1.13194e+03	1.99006e+00	0.00000e+00	0.00000e+00
3.61505e+02	2.64264e+02	2.32224e+03	1.13286e+03	1.99569e+00	0.00000e+00	0.00000e+00
3.65194e+02	2.64355e+02	2.31995e+03	1.13379e+03	2.00128e+00	0.00000e+00	0.00000e+00
3.68882e+02	2.64447e+02	2.31767e+03	1.13471e+03	2.00683e+00	0.00000e+00	0.00000e+00
3.72571e+02	2.64538e+02	2.31539e+03	1.13562e+03	2.01235e+00	0.00000e+00	0.00000e+00
3.76259e+02	2.64630e+02	2.31311e+03	1.13653e+03	2.01782e+00	0.00000e+00	0.00000e+00
3.79948e+02	2.64723e+02	2.31084e+03	1.13743e+03	2.02326e+00	0.00000e+00	0.00000e+00
3.83636e+02	2.64816e+02	2.30856e+03	1.13833e+03	2.02866e+00	0.00000e+00	0.00000e+00
3.87325e+02	2.64909e+02	2.30629e+03	1.13923e+03	2.03403e+00	0.00000e+00	0.00000e+00
3.91013e+02	2.65002e+02	2.30403e+03	1.14012e+03	2.03937e+00	0.00000e+00	0.00000e+00
3.94701e+02	2.65096e+02	2.30177e+03	1.14100e+03	2.04467e+00	0.00000e+00	0.00000e+00
3.98390e+02	2.65190e+02	2.29951e+03	1.14188e+03	2.04995e+00	0.00000e+00	0.00000e+00
4.02078e+02	2.65285e+02	2.29725e+03	1.14276e+03	2.05519e+00	0.00000e+00	0.00000e+00
4.05767e+02	2.65379e+02	2.29499e+03	1.14363e+03	2.06041e+00	0.00000e+00	0.00000e+00
4.09455e+02	2.65474e+02	2.29274e+03	1.14450e+03	2.06560e+00	0.00000e+00	0.00000e+00
4.13144e+02	2.65570e+02	2.29049e+03	1.14536e+03	2.07078e+00	0.00000e+00	0.00000e+00
4.16832e+02	2.65665e+02	2.28824e+03	1.14622e+03	2.07594e+00	0.00000e+00	0.00000e+00
4.20521e+02	2.65761e+02	2.28600e+03	1.14707e+03	2.08108e+00	0.00000e+00	0.00000e+00
4.24209e+02	2.65857e+02	2.28376e+03	1.14792e+03	2.08620e+00	0.00000e+00	0.00000e+00
4.27897e+02	2.65954e+02	2.28152e+03	1.14877e+03	2.09131e+00	0.00000e+00	0.00000e+00
4.31586e+02	2.66050e+02	2.27928e+03	1.14961e+03	2.09640e+00	0.00000e+00	0.00000e+00
4.35274e+02	2.66147e+02	2.27705e+03	1.15045e+03	2.10147e+00	0.00000e+00	0.00000e+00
4.38963e+02	2.66245e+02	2.27482e+03	1.15128e+03	2.10652e+00	0.00000e+00	0.00000e+00
4.42651e+02	2.66342e+02	2.27259e+03	1.15211e+03	2.11156e+00	0.00000e+00	0.00000e+00
4.46340e+02	2.66440e+02	2.27037e+03	1.15294e+03	2.11658e+00	0.00000e+00	0.00000e+00
4.50028e+02	2.66538e+02	2.26814e+03	1.15376e+03	2.12158e+00	0.00000e+00	0.00000e+00
4.53717e+02	2.66636e+02	2.26592e+03	1.15458e+03	2.12657e+00	0.00000e+00	0.00000e+00
4.57405e+02	2.66735e+02	2.26371e+03	1.15539e+03	2.13153e+00	0.00000e+00	0.00000e+00
4.61094e+02	2.66833e+02	2.26149e+03	1.15620e+03	2.13648e+00	0.00000e+00	0.00000e+00
4.64782e+02	2.66932e+02	2.25928e+03	1.15701e+03	2.14140e+00	0.00000e+00	0.00000e+00
4.68470e+02	2.67032e+02	2.25707e+03	1.15781e+03	2.14631e+00	0.00000e+00	0.00000e+00
4.72159e+02	2.67131e+02	2.25486e+03	1.15861e+03	2.15121e+00	0.00000e+00	0.00000e+00
4.75847e+02	2.67231e+02	2.25266e+03	1.15941e+03	2.15609e+00	0.00000e+00	0.00000e+00
4.79536e+02	2.67331e+02	2.25045e+03	1.16020e+03	2.16096e+00	0.00000e+00	0.00000e+00
4.83224e+02	2.67431e+02	2.24825e+03	1.16099e+03	2.16581e+00	0.00000e+00	0.00000e+00
4.86913e+02	2.67531e+02	2.24606e+03	1.16177e+03	2.17066e+00	0.00000e+00	0.00000e+00
4.90601e+02	2.67632e+02	2.24386e+03	1.16255e+03	2.17550e+00	0.00000e+00	0.00000e+00
4.94290e+02	2.67733e+02	2.24167e+03	1.16333e+03	2.18033e+00	0.00000e+00	0.00000e+00
4.97978e+02	2.67834e+02	2.23948e+03	1.16410e+03	2.18516e+00	0.00000e+00	0.00000e+00
5.01666e+02	2.67935e+02	2.23729e+03	1.16488e+03	2.18999e+00	0.00000e+00	0.00000e+00
5.05355e+02	2.68037e+02	2.23511e+03	1.16564e+03	2.19482e+00	0.00000e+00	0.00000e+00
5.09043e+02	2.68138e+02	2.23293e+03	1.16641e+03	2.19963e+00	0.00000e+00	0.00000e+00
5.12732e+02	2.68240e+02	2.23075e+03	1.16717e+03	2.20445e+00	0.00000e+00	0.00000e+00
5.16420e+02	2.68342e+02	2.22857e+03	1.16793e+03	2.20925e+00	0.00000e+00	0.00000e+00
5.20109e+02	2.68445e+02	2.22639e+03	1.16868e+03	2.21405e+00	0.00000e+00	0.00000e+00
5.23797e+02	2.68547e+02	2.22422e+03	1.16943e+03	2.21885e+00	0.00000e+00	0.00000e+00
5.27486e+02	2.68650e+02	2.22205e+03	1.17018e+03	2.22363e+00	0.00000e+00	0.00000e+00
5.31174e+02	2.68752e+02	2.21988e+03	1.17092e+03	2.22841e+00	0.00000e+00	0.00000e+00
5.34862e+02	2.68855e+02	2.21772e+03	1.17167e+03	2.23319e+00	0.00000e+00	0.00000e+00
5.38551e+02	2.68959e+02	2.21556e+03	1.17240e+03	2.23795e+00	0.00000e+00	0.00000e+00
5.42239e+02	2.69043e+02	2.21355e+03	1.26104e+03	4.23841e+00	2.21519e+00	1.23988e+02
5.45928e+02	2.69253e+02	2.21154e+03	1.26147e+03	4.23975e+00	2.21540e+00	1.23988e+02
5.49616e+02	2.69463e+02	2.20953e+03	1.26191e+03	4.24109e+00	2.21562e+00	1.23988e+02
5.53305e+02	2.69673e+02	2.20752e+03	1.26233e+03	4.24244e+00	2.21584e+00	1.23988e+02
5.56993e+02	2.69883e+02	2.20552e+03	1.26276e+03	4.24379e+00	2.21606e+00	1.23988e+02
5.60682e+02	2.70085e+02	2.20352e+03	1.26318e+03	4.24515e+00	2.21628e+00	1.23988e+02
5.64370e+02	2.70287e+02	2.20152e+03	1.26360e+03	4.24651e+00	2.21651e+00	1.23988e+02
5.68058e+02	2.70489e+02	2.19952e+03	1.26401e+03	4.24787e+00	2.21674e+00	1.23988e+02
5.71747e+02	2.70691e+02	2.19752e+03	1.26442e+03	4.24924e+00	2.21697e+00	1.23988e+02
5.75435e+02	2.70892e+02	2.19552e+03	1.26483e+03	4.25061e+00	2.21720e+00	1.23988e+02
5.79124e+02	2.71094e+02	2.19353e+03	1.26524e+03	4.25199e+00	2.21744e+00	1.23988e+02
5.82812e+02	2.71295e+02	2.19153e+03	1.26564e+03	4.25337e+00	2.21768e+00	1.23988e+02
5.86501e+02	2.71489e+02	2.18954e+03	1.26604e+03	4.25476e+00	2.21792e+00	1.23988e+02
5.90189e+02	2.71683e+02	2.18755e+03	1.26643e+03	4.25615e+00	2.21817e+00	1.23988e+02
5.93878e+02	2.71877e+02	2.18556e+03	1.26682e+03	4.25754e+00	2.21841e+00	1.23988e+02
5.97566e+02	2.72070e+02	2.18357e+03	1.26721e+03	4.25894e+00	2.21866e+00	1.23988e+02
6.01255e+02	2.72264e+02	2.18158e+03	1.26760e+03	4.26034e+00	2.21892e+00	1.23988e+02
6.04943e+02	2.72458e+02	2.17959e+03	1.26798e+03	4.26174e+00	2.21917e+00	1.23988e+02
6.08631e+02	2.72650e+02	2.17761e+03	1.26836e+03	4.26315e+00	2.21943e+00	1.23988e+02
6.12320e+02	2.72836e+02	2.17562e+03	1.26874e+03	4.26457e+00	2.21969e+00	1.23988e+02
6.16008e+02	2.73023e+02	2.17364e+03	1.26911e+03	4.26599e+00	2.21995e+00	1.23988e+02
6.19697e+02	2.73209e+02	2.17166e+03	1.26948e+03	4.26741e+00	2.22022e+00	1.23988e+02
6.23385e+02	2.73395e+02	2.16968e+03	1.26985e+03	4.26883e+00	2.22049e+00	1.23988e+02
6.27074e+02	2.73582e+02	2.16770e+03	1.27021e+03	4.27026e+00	2.22076e+00	1.23988e+02
6.30762e+02	2.73768e+02	2.16573e+03	1.27057e+03	4.27170e+00	2.22103e+00	1.23988e+02
6.34451e+02	2.73970e+02	2.16375e+03	1.27093e+03	4.27313e+00	2.22131e+00	1.23988e+02
6.38139e+02	2.74194e+02	2.16178e+03	1.27128e+03	4.27458e+00	2.22159e+00	1.23988e+02
6.41827e+02	2.74419e+02	2.15998e+03	1.39437e+03	4.35662e+00	2.22862e+00	1.38381e+02
6.45516e+02	2.74643e+02	2.15818e+03	1.39436e+03	4.35911e+00	2.23041e+00	1.37760e+02
6.49204e+02	2.74867e+02	2.15638e+03	1.39435e+03	4.36159e+00	2.23220e+00	1.37142e+02
6.52893e+02	2.75092e+02	2.15458e+03	1.39433e+03	4.36406e+00	2.23399e+00	1.36529e+02
6.56581e+02	2.75316e+02	2.15278e+03	1.39432e+03	4.36654e+00	2.23577e+00	1.35919e+02
6.60270e+02	2.75576e+02	2.15099e+03	1.39430e+03	4.36902e+00	2.23756e+00	1.35217e+02
6.63958e+02	2.75864e+02	2.14919e+03	1.39428e+03	4.37150e+00	2.23935e+00	1.34443e+02
6.67647e+02	2.76153e+02	2.14739e+03	1.39426e+03	4.37398e+00	2.24114e+00	1.33676e+02
6.71335e+02	2.76441e+02	2.14560e+03	1.39424e+03	4.37646e+00	2.24292e+00	1.32914e+02
6.75023e+02	2.76729e+02	2.14380e+03	1.39422e+03	4.37894e+00	2.24470e+00	1.32159e+02
6.78712e+02	2.77018e+02	2.14201e+03	1.39420e+03	4.38141e+00	2.24649e+00	1.31409e+02
6.82400e+02	2.77306e+02	2.14021e+03	1.39419e+03	4.38389e+00	2.24827e+00	1.30665e+02
6.86089e+02	2.77587e+02	2.13842e+03	1.39417e+03	4.38636e+00	2.25005e+00	1.29946e+02
6.89777e+02	2.77864e+02	2.13662e+03	1.39415e+03	4.38883e+00	2.25182e+00	1.29242e+02
6.93466e+02	2.78141e+02	2.13483e+03	1.39413e+03	4.39130e+00	2.25360e+00	1.28543e+02
6.97154e+02	2.78419e+02	2.13304e+03	1.39411e+03	4.39377e+00	2.25538e+00	1.27849e+02
7.00843e+02	2.78696e+02	2.13125e+03	1.39409e+03	4.39623e+00	2.25715e+00	1.27161e+02
7.04531e+02	2.78973e+02	2.12945e+03	1.39408e+03	4.39870e+00	2.25892e+00	1.26477e+02
7.08220e+02	2.79250e+02	2.12766e+03	1.39406e+03	4.40116e+00	2.26069e+00	1.25798e+02
7.11908e+02	2.79519e+02	2.12587e+03	1.39404e+03	4.40363e+00	2.26246e+00	1.25146e+02
7.15596e+02	2.79786e+02	2.12408e+03	1.39402e+03	4.40609e+00	2.26423e+00	1.24502e+02
7.19285e+02	2.80052e+02	2.12229e+03	1.39401e+03	4.40855e+00	2.26600e+00	1.23862e+02
7.22973e+02	2.80319e+02	2.12050e+03	1.39399e+03	4.41100e+00	2.26776e+00	1.23228e+02
7.26662e+02	2.80586e+02	2.11871e+03	1.39397e+03	4.41346e+00	2.26953e+00	1.22597e+02
7.30350e+02	2.80853e+02	2.11692e+03	1.39395e+03	4.41591e+00	2.27129e+00	1.21971e+02
7.34039e+02	2.81120e+02	2.11513e+03	1.39394e+03	4.41837e+00	2.27305e+00	1.21350e+02
7.37727e+02	2.81377e+02	2.11335e+03	1.39392e+03	4.42082e+00	2.27481e+00	1.20754e+02
7.41416e+02	2.81634e+02	2.11156e+03	1.39390e+03	4.42327e+00	2.27657e+00	1.20163e+02
7.45104e+02	2.81891e+02	2.10977e+03	1.39388e+03	4.42572e+00	2.27832e+00	1.19576e+02
7.48792e+02	2.82148e+02	2.10799e+03	1.39387e+03	4.42817e+00	2.28008e+00	1.18993e+02
7.52481e+02	2.82406e+02	2.10620e+03	1.39385e+03	4.43061e+00	2.28183e+00	1.18413e+02
7.56169e+02	2.82663e+02	2.10441e+03	1.39383e+03	4.43306e+00	2.28358e+00	1.17838e+02
7.59858e+02	2.82919e+02	2.10263e+03	1.39382e+03	4.43550e+00	2.28534e+00	1.17268e+02
7.63546e+02	2.83167e+02	2.10084e+03	3.52699e+03	4.57524e+00	2.60321e+00	3.02380e+13
8.76860e+02	3.22016e+02	2.07919e+03	3.52699e+03	4.57220e+00	2.59936e+00	8.66898e+11
9.87602e+02	3.60463e+02	2.05753e+03	3.52726e+03	7.99491e+00	4.54155e+00	5.45185e+10
1.09575e+03	3.98507e+02	2.03587e+03	3.52731e+03	7.98760e+00	4.53377e+00	5.94208e+09
1.20127e+03	4.36148e+02	2.01421e+03	3.52718e+03	7.97962e+00	4.52565e+00	9.66085e+08
1.30412e+03	4.73387e+02	1.99255e+03	3.52690e+03	7.97109e+00	4.51728e+00	2.12008e+08
1.40426e+03	5.10223e+02	1.97090e+03	3.52649e+03	7.96212e+00	4.50871e+00	5.85993e+07
1.50166e+03	5.46656e+02	1.94924e+03	3.52598e+03	7.95277e+00	4.49999e+00	1.94161e+07
1.59627e+03	5.82687e+02	1.92758e+03	3.52538e+03	7.94309e+00	4.49116e+00	7.43727e+06
1.68806e+03	6.18316e+02	1.90592e+03	3.52469e+03	7.93313e+00	4.48224e+00	3.20509e+06
1.77699e+03	6.53541e+02	1.88426e+03	3.52392e+03	7.92290e+00	4.47324e+00	1.52198e+06
1.86301e+03	6.88365e+02	1.86260e+03	3.52307e+03	7.91244e+00	4.46419e+00	7.83604e+05
1.94608e+03	7.22785e+02	1.84095e+03	3.52215e+03	7.90176e+00	4.45509e+00	4.31870e+05
2.02615e+03	7.56803e+02	1.81929e+03	3.52116e+03	7.89087e+00	4.44596e+00	2.52197e+05
2.10319e+03	7.90419e+02	1.79763e+03	3.52011e+03	7.87977e+00	4.43680e+00	1.54761e+05
2.17713e+03	8.23632e+02	1.77597e+03	3.51898e+03	7.86848e+00	4.42761e+00	9.91239e+04
2.24793e+03	8.56442e+02	1.75431e+03	3.51779e+03	7.85700e+00	4.41841e+00	6.58957e+04
2.31554e+03	8.88850e+02	1.73266e+03	3.51653e+03	7.84533e+00	4.40920e+00	4.52554e+04
2.37990e+03	9.20855e+02	1.71100e+03	3.51521e+03	7.83347e+00	4.39998e+00	3.19825e+04
2.44094e+03	9.52457e+02	1.68934e+03	3.51382e+03	7.82141e+00	4.39074e+00	2.31815e+04
2.49862e+03	9.83657e+02	1.66768e+03	3.51235e+03	7.80915e+00	4.38150e+00	1.71841e+04
2.55286e+03	1.01445e+03	1.64602e+03	3.51082e+03	7.79669e+00	4.37225e+00	1.29959e+04
2.60360e+03	1.04485e+03	1.62436e+03	3.50921e+03	7.78403e+00	4.36299e+00	1.00063e+04
2.65077e+03	1.07484e+03	1.60271e+03	3.50753e+03	7.77114e+00	4.35372e+00	7.82948e+03
2.69429e+03	1.10443e+03	1.58105e+03	3.50578e+03	7.75803e+00	4.34444e+00	6.21572e+03
2.73408e+03	1.13362e+03	1.55939e+03	3.50394e+03	7.74468e+00	4.33516e+00	4.99968e+03
2.77007e+03	1.16240e+03	1.53773e+03	3.50202e+03	7.73110e+00	4.32586e+00	4.06957e+03
2.80216e+03	1.19079e+03	1.51607e+03	3.50002e+03	7.71725e+00	4.31654e+00	3.34839e+03
2.83026e+03	1.21876e+03	1.49442e+03	3.49792e+03	7.70314e+00	4.30721e+00	2.78215e+03
2.85429e+03	1.24634e+03	1.47276e+03	3.49574e+03	7.68873e+00	4.29785e+00	2.33242e+03
2.87413e+03	1.27352e+03	1.45110e+03	3.49347e+03	7.67404e+00	4.28847e+00	1.97138e+03
2.88967e+03	1.30029e+03	1.42944e+03	3.49109e+03	7.65902e+00	4.27907e+00	1.67868e+03
2.90081e+03	1.32666e+03	1.40778e+03	3.48861e+03	7.64368e+00	4.26962e+00	1.43919e+03
2.90742e+03	1.35262e+03	1.38612e+03	3.48602e+03	7.62798e+00	4.26015e+00	1.24157e+03
2.90938e+03	1.37819e+03	1.36447e+03	3.48332e+03	7.61190e+00	4.25063e+00	1.07719e+03
2.90655e+03	1.40335e+03	1.34281e+03	3.48050e+03	7.59543e+00	4.24107e+00	9.39434e+02
2.89878e+03	1.42811e+03	1.32115e+03	3.47756e+03	7.57853e+00	4.23145e+00	8.23190e+02
2.88592e+03	1.45246e+03	1.29949e+03	3.47449e+03	7.56118e+00	4.22177e+00	7.24449e+02
2.86780e+03	1.47642e+03	1.27783e+03	3.47127e+03	7.54336e+00	4.21202e+00	6.40056e+02
2.84426e+03	1.49997e+03	1.25617e+03	3.46792e+03	7.52500e+00	4.20219e+00	5.67505e+02
2.81511e+03	1.52312e+03	1.23452e+03	3.46441e+03	7.50611e+00	4.19228e+00	5.04790e+02
2.78015e+03	1.54586e+03	1.21286e+03	3.46074e+03	7.29508e+00	4.05809e+00	4.50292e+02
2.73916e+03	1.56820e+03	1.19120e+03	3.37862e+03	7.26350e+00	4.03996e+00	4.02700e+02
2.69300e+03	1.59015e+03	1.16954e+03	3.36926e+03	7.24451e+00	4.03019e+00	3.61096e+02
2.64068e+03	1.61168e+03	1.14788e+03	3.36506e+03	7.22485e+00	4.02028e+00	3.24456e+02
2.58190e+03	1.63282e+03	1.12623e+03	3.36065e+03	7.20448e+00	4.01022e+00	2.92039e+02
2.51637e+03	1.65355e+03	1.10457e+03	3.35602e+03	7.18332e+00	3.99999e+00	2.63242e+02
2.44382e+03	1.67388e+03	1.08291e+03	3.35116e+03	7.16132e+00	3.98957e+00	2.37558e+02
2.36394e+03	1.69381e+03	1.06125e+03	3.34605e+03	7.13841e+00	3.97894e+00	2.14566e+02
2.27639e+03	1.71333e+03	1.03959e+03	3.34067e+03	7.11454e+00	3.96809e+00	1.93910e+02
2.18080e+03	1.73246e+03	1.01793e+03	3.33501e+03	7.08957e+00	3.95698e+00	1.75290e+02
2.07681e+03	1.75118e+03	9.96277e+02	3.32903e+03	7.06345e+00	3.94559e+00	1.58453e+02
1.96397e+03	1.76949e+03	9.74618e+02	3.32273e+03	7.03604e+00	3.93389e+00	1.43182e+02
1.84184e+03	1.78741e+03	9.52960e+02	3.31607e+03	7.00065e+00	3.91904e+00	1.29294e+02
1.70991e+03	1.80492e+03	9.31302e+02	3.30769e+03	6.94109e+00	3.89436e+00	1.16630e+02
1.56771e+03	1.82203e+03	9.09644e+02	3.29439e+03	6.90826e+00	3.88152e+00	1.05060e+02
1.41487e+03	1.83874e+03	8.87986e+02	3.28637e+03	6.87351e+00	3.86821e+00	9.44752e+01
1.25051e+03	1.85504e+03	8.66328e+02	3.27785e+03	6.82773e+00	3.83608e+00	8.47663e+01
1.07393e+03	1.87095e+03	8.44669e+02	3.25740e+03	6.75360e+00	3.80835e+00	7.58488e+01
8.85037e+02	1.88644e+03	8.23011e+02	3.24212e+03	6.70890e+00	3.79265e+00	6.76681e+01
6.82735e+02	1.90154e+03	8.01353e+02	3.23148e+03	6.66217e+00	3.77668e+00	6.01512e+01
4.65817e+02	1.91624e+03	7.79695e+02	3.22027e+03	6.61152e+00	3.75983e+00	5.32365e+01
2.33267e+02	1.93053e+03	7.58037e+02	3.20816e+03	6.55619e+00	3.74194e+00	4.68790e+01
-1.60170e+01	1.94442e+03	7.36378e+02	3.19502e+03	6.53573e+00	3.73165e+00	4.10411e+01
-2.83250e+02	1.95790e+03	7.14720e+02	3.18722e+03	6.66130e+00	3.74794e+00	3.56910e+01
-5.70359e+02	1.97099e+03	6.93062e+02	3.19944e+03	6.80359e+00	3.76822e+00	3.07943e+01
-8.81002e+02	1.98367e+03	6.71404e+02	3.21429e+03	6.81117e+00	3.78642e+00	2.63069e+01
-1.21772e+03	1.99595e+03	6.49746e+02	3.22593e+03	6.37928e+00	3.67807e+00	2.22136e+01
-1.58279e+03	2.00782e+03	6.28087e+02	3.14378e+03	6.11398e+00	3.60981e+00	1.85089e+01
-1.96764e+03	2.01930e+03	6.06429e+02	3.09121e+03	6.02439e+00	3.58386e+00	1.52646e+01
-2.37753e+03	2.03037e+03	5.84771e+02	3.06996e+03	5.93013e+00	3.55675e+00	1.24221e+01
-2.81918e+03	2.04104e+03	5.63113e+02	3.04754e+03	5.82985e+00	3.52810e+00	9.93490e+00
-3.29581e+03	2.05130e+03	5.41455e+02	3.02361e+03	5.72288e+00	3.49775e+00	7.78785e+00
-3.81106e+03	2.06116e+03	5.19797e+02	2.99801e+03	5.60850e+00	3.46550e+00	5.96464e+00
-4.36912e+03	2.07063e+03	4.98138e+02	2.97056e+03	5.48584e+00	3.43111e+00	4.44660e+00
-4.97485e+03	2.07968e+03	4.76480e+02	2.94105e+03	5.35394e+00	3.39434e+00	3.21212e+00
-5.63392e+03	2.08834e+03	4.54822e+02	2.90923e+03	5.21163e+00	3.35487e+00	2.23621e+00
-6.35296e+03	2.09659e+03	4.33164e+02	2.87484e+03	5.05757e+00	3.31235e+00	1.49045e+00
-7.13978e+03	2.10444e+03	4.11506e+02	2.83752e+03	4.89019e+00	3.26635e+00	9.43380e-01
-8.00367e+03	2.11189e+03	3.89847e+02	2.79691e+03	4.70760e+00	3.21638e+00	5.61384e-01
-8.95574e+03	2.11893e+03	3.68189e+02	2.75253e+03	4.50754e+00	3.16183e+00	3.10168e-01
-1.00094e+04	2.12558e+03	3.46531e+02	2.70382e+03	4.28731e+00	3.10198e+00	1.56612e-01
-1.11809e+04	2.13182e+03	3.24873e+02	2.65014e+03	4.04359e+00	3.03595e+00	7.08216e-02
-1.24904e+04	2.13765e+03	3.03215e+02	2.59065e+03	3.77233e+00	2.96266e+00	2.79424e-02
-1.39628e+04	2.14309e+03	2.81556e+02	2.52436e+03	3.46846e+00	2.88076e+00	9.29438e-03
-1.56295e+04	2.14812e+03	2.59898e+02	2.45003e+03	3.12562e+00	2.78855e+00	2.48986e-03
-1.75306e+04	2.15275e+03	2.38240e+02	2.36609e+03	2.73569e+00	2.68389e+00	5.04887e-04
-1.97180e+04	2.15698e+03	2.16582e+02	2.27055e+03	2.28813e+00	2.56395e+00	7.11249e-05
-2.22603e+04	2.16080e+03	1.94924e+02	2.16081e+03	1.76909e+00	2.42505e+00	6.16561e-06
-2.52494e+04	2.16422e+03	1.73266e+02	2.03348e+03	1.15990e+00	2.26222e+00	2.75851e-07
-2.88114e+04	2.16724e+03	1.51607e+02	1.88396e+03	4.35008e-01	2.06866e+00	4.90006e-09
-3.31236e+04	2.16986e+03	1.29949e+02	1.70596e+03	-4.41476e-01	1.83481e+00	2.30777e-11
-3.84398e+04	2.17208e+03	1.08291e+02	1.49068e+03	-1.52104e+00	1.54696e+00	1.51433e-14
-4.51304e+04	2.17389e+03	8.66328e+01	1.22545e+03	-2.87868e+00	1.18514e+00	4.79538e-19
-5.37252e+04	2.17530e+03	6.49746e+01	8.91829e+02	-4.62183e+00	7.20745e-01	1.23825e-25
-6.48458e+04	2.17630e+03	4.33164e+01	4.63417e+02	-6.87638e+00	1.20257e-01	1.65866e-35
-7.78477e+04	2.17691e+03	2.16582e+01	-9.07381e+01	-9.51178e+00	-5.81563e-01	5.57345e-49
-6.76644e+04	NaN	0.00000e+00	-7.38543e+02	NaN	NaN	NaN
-6.76644e+04	NaN	0.00000e+00	NaN	NaN	NaN	1.00000e+04
NaN	NaN	0.00000e+00	NaN	NaN	NaN	1.00000e+04
NaN	NaN	0.00000e+00	NaN	NaN	NaN	1.00000e+04
NaN	NaN	0.00000e+00	NaN	NaN	NaN	1.00000e+04
NaN	NaN	0.00000e+00	NaN	NaN	NaN	1.00000e+04
NaN	NaN	0.00000e+00	NaN	NaN	NaN	1.00000e+04
NaN	NaN	0.00000e+00	NaN	NaN	NaN	1.00000e+04
NaN	NaN	0.00000e+00	NaN	NaN	NaN	1.00000e+04
NaN	NaN	0.00000e+00	NaN	NaN	NaN	1.00000e+04
NaN	NaN	0.00000e+00	NaN	NaN	NaN	1.00000e+04
