P (MPa)		T (K)		r (km)		rho (kg m-3)	VP (km s-1)	VS (km s-1)	QS/gamma	
0.00000e+00	9.40000e+01	2.57470e+03	9.32589e+02	3.87821e+00	1.96165e+00	1.72556e+05
1.83114e+00	1.10472e+02	2.57325e+03	9.32589e+02	3.88057e+00	1.96313e+00	2.62128e+04
3.66228e+00	1.29831e+02	2.57180e+03	9.32761e+02	3.88352e+00	1.96491e+00	5.27388e+03
5.49342e+00	1.52583e+02	2.57035e+03	9.32931e+02	3.88738e+00	1.96714e+00	1.34767e+03
7.32456e+00	1.79321e+02	2.56890e+03	9.33101e+02	3.89268e+00	1.97011e+00	4.22074e+02
9.15570e+00	2.10745e+02	2.56746e+03	9.33270e+02	3.90016e+00	1.97418e+00	1.57172e+02
1.09868e+01	2.47675e+02	2.56601e+03	9.33438e+02	3.91053e+00	1.97972e+00	6.78156e+01
1.28180e+01	2.47705e+02	2.56456e+03	9.33606e+02	3.91166e+00	1.98057e+00	6.77758e+01
1.46491e+01	2.47736e+02	2.56312e+03	9.33772e+02	3.91278e+00	1.98143e+00	6.77356e+01
1.64803e+01	2.47767e+02	2.56167e+03	9.33938e+02	3.91389e+00	1.98228e+00	6.76951e+01
1.83114e+01	2.47798e+02	2.56023e+03	9.34103e+02	3.91501e+00	1.98312e+00	6.76542e+01
2.01425e+01	2.47830e+02	2.55879e+03	9.34266e+02	3.91612e+00	1.98397e+00	6.76129e+01
2.19737e+01	2.47861e+02	2.55734e+03	9.34429e+02	3.91722e+00	1.98481e+00	6.75713e+01
2.38048e+01	2.47894e+02	2.55590e+03	9.34590e+02	3.91832e+00	1.98565e+00	6.75293e+01
2.56360e+01	2.47926e+02	2.55446e+03	9.34750e+02	3.91942e+00	1.98649e+00	6.74869e+01
2.74671e+01	2.47959e+02	2.55302e+03	9.34909e+02	3.92051e+00	1.98733e+00	6.74441e+01
2.92983e+01	2.47992e+02	2.55158e+03	9.35066e+02	3.92160e+00	1.98816e+00	6.74009e+01
3.11294e+01	2.48025e+02	2.55014e+03	9.35223e+02	3.92268e+00	1.98899e+00	6.73574e+01
3.29605e+01	2.48059e+02	2.54870e+03	9.35378e+02	3.92376e+00	1.98982e+00	6.73134e+01
3.47917e+01	2.48093e+02	2.54726e+03	9.35531e+02	3.92484e+00	1.99065e+00	6.72691e+01
3.66228e+01	2.48128e+02	2.54583e+03	9.35683e+02	3.92592e+00	1.99147e+00	6.72244e+01
3.84540e+01	2.48163e+02	2.54439e+03	9.35833e+02	3.92699e+00	1.99229e+00	6.71792e+01
4.02851e+01	2.48198e+02	2.54295e+03	9.35982e+02	3.92805e+00	1.99311e+00	6.71337e+01
4.21162e+01	2.48233e+02	2.54152e+03	9.36129e+02	3.92912e+00	1.99393e+00	6.70878e+01
4.39474e+01	2.48269e+02	2.54008e+03	9.36275e+02	3.93018e+00	1.99475e+00	6.70414e+01
4.57785e+01	2.48305e+02	2.53865e+03	9.36418e+02	3.93123e+00	1.99556e+00	6.69946e+01
4.76097e+01	2.48342e+02	2.53722e+03	9.36560e+02	3.93229e+00	1.99638e+00	6.69474e+01
4.94408e+01	2.48379e+02	2.53578e+03	9.36700e+02	3.93334e+00	1.99719e+00	6.68998e+01
5.12719e+01	2.48416e+02	2.53435e+03	9.36838e+02	3.93438e+00	1.99800e+00	6.68518e+01
5.31031e+01	2.48454e+02	2.53292e+03	9.36974e+02	3.93543e+00	1.99880e+00	6.68033e+01
5.49342e+01	2.48492e+02	2.53149e+03	9.37108e+02	3.93647e+00	1.99961e+00	6.67544e+01
5.67654e+01	2.48530e+02	2.53006e+03	9.37240e+02	3.93750e+00	2.00041e+00	6.67051e+01
5.85965e+01	2.48569e+02	2.52863e+03	9.37369e+02	3.93854e+00	2.00121e+00	6.66554e+01
6.04276e+01	2.48608e+02	2.52720e+03	9.37497e+02	3.93957e+00	2.00201e+00	6.66052e+01
6.22588e+01	2.48648e+02	2.52577e+03	9.37621e+02	3.94060e+00	2.00281e+00	6.65545e+01
6.40899e+01	2.48688e+02	2.52435e+03	9.37744e+02	3.94162e+00	2.00361e+00	6.65034e+01
6.59211e+01	2.48728e+02	2.52292e+03	9.37864e+02	3.94264e+00	2.00440e+00	6.64519e+01
6.77522e+01	2.48769e+02	2.52149e+03	9.37981e+02	3.94366e+00	2.00519e+00	6.63999e+01
6.95833e+01	2.48810e+02	2.52007e+03	9.38096e+02	3.94468e+00	2.00598e+00	6.63474e+01
7.14145e+01	2.48852e+02	2.51864e+03	9.38208e+02	3.94569e+00	2.00677e+00	6.62945e+01
7.32456e+01	2.48894e+02	2.51722e+03	9.38318e+02	3.94670e+00	2.00756e+00	6.62411e+01
7.50768e+01	2.48936e+02	2.51579e+03	9.38424e+02	3.94771e+00	2.00835e+00	6.61873e+01
7.69079e+01	2.48979e+02	2.51437e+03	9.38528e+02	3.94872e+00	2.00913e+00	6.61330e+01
7.87390e+01	2.49022e+02	2.51295e+03	9.38628e+02	3.94972e+00	2.00991e+00	6.60782e+01
8.05702e+01	2.49066e+02	2.51153e+03	9.38726e+02	3.95072e+00	2.01070e+00	6.60229e+01
8.24013e+01	2.49110e+02	2.51010e+03	9.38820e+02	3.95172e+00	2.01148e+00	6.59671e+01
8.42325e+01	2.49155e+02	2.50868e+03	9.38911e+02	3.95272e+00	2.01225e+00	6.59109e+01
8.60636e+01	2.49200e+02	2.50726e+03	9.38999e+02	3.95371e+00	2.01303e+00	6.58541e+01
8.78948e+01	2.49245e+02	2.50584e+03	9.39083e+02	3.95470e+00	2.01381e+00	6.57969e+01
8.97259e+01	2.49291e+02	2.50442e+03	9.39164e+02	3.95569e+00	2.01458e+00	6.57392e+01
9.15570e+01	2.49337e+02	2.50301e+03	9.39241e+02	3.95668e+00	2.01535e+00	6.56809e+01
9.33882e+01	2.49384e+02	2.50159e+03	9.39314e+02	3.95766e+00	2.01612e+00	6.56222e+01
9.52193e+01	2.49432e+02	2.50017e+03	9.39384e+02	3.95864e+00	2.01689e+00	6.55630e+01
9.70505e+01	2.49479e+02	2.49875e+03	9.39450e+02	3.95962e+00	2.01766e+00	6.55032e+01
9.88816e+01	2.49528e+02	2.49734e+03	9.39511e+02	3.96060e+00	2.01843e+00	6.54430e+01
1.00713e+02	2.49576e+02	2.49592e+03	9.39569e+02	3.96157e+00	2.01919e+00	6.53822e+01
1.02544e+02	2.49625e+02	2.49451e+03	9.39623e+02	3.96255e+00	2.01996e+00	6.53209e+01
1.04375e+02	2.49675e+02	2.49309e+03	9.39672e+02	3.96352e+00	2.02072e+00	6.52590e+01
1.06206e+02	2.49725e+02	2.49168e+03	9.39717e+02	3.96449e+00	2.02148e+00	6.51966e+01
1.08037e+02	2.49776e+02	2.49026e+03	9.39757e+02	3.96545e+00	2.02224e+00	6.51337e+01
1.09868e+02	2.49827e+02	2.48885e+03	9.39793e+02	3.96642e+00	2.02300e+00	6.50703e+01
1.11700e+02	2.49879e+02	2.48744e+03	9.39824e+02	3.96738e+00	2.02376e+00	6.50063e+01
1.13531e+02	2.49931e+02	2.48603e+03	9.39851e+02	3.96834e+00	2.02452e+00	6.49418e+01
1.15362e+02	2.49984e+02	2.48462e+03	9.39872e+02	3.96930e+00	2.02527e+00	6.48767e+01
1.17193e+02	2.50037e+02	2.48321e+03	9.39888e+02	3.97026e+00	2.02603e+00	6.48111e+01
1.19024e+02	2.50091e+02	2.48179e+03	9.39900e+02	3.97121e+00	2.02678e+00	6.47449e+01
1.20855e+02	2.50145e+02	2.48038e+03	9.39906e+02	3.97216e+00	2.02753e+00	6.46781e+01
1.22686e+02	2.50200e+02	2.47898e+03	9.39907e+02	3.97312e+00	2.02828e+00	6.46108e+01
1.24518e+02	2.50255e+02	2.47757e+03	9.39902e+02	3.97407e+00	2.02903e+00	6.45429e+01
1.26349e+02	2.50311e+02	2.47616e+03	9.39892e+02	3.97501e+00	2.02978e+00	6.44744e+01
1.28180e+02	2.50368e+02	2.47475e+03	9.39877e+02	3.97596e+00	2.03053e+00	6.44054e+01
1.30011e+02	2.50425e+02	2.47334e+03	9.39855e+02	3.97690e+00	2.03128e+00	6.43358e+01
1.31842e+02	2.50483e+02	2.47193e+03	9.39828e+02	3.97785e+00	2.03202e+00	6.42655e+01
1.33673e+02	2.50541e+02	2.47053e+03	9.39795e+02	3.97879e+00	2.03277e+00	6.41947e+01
1.35504e+02	2.50600e+02	2.46912e+03	9.39756e+02	3.97973e+00	2.03351e+00	6.41234e+01
1.37336e+02	2.50659e+02	2.46772e+03	9.39710e+02	3.98066e+00	2.03425e+00	6.40514e+01
1.39167e+02	2.50719e+02	2.46631e+03	9.39659e+02	3.98160e+00	2.03499e+00	6.39788e+01
1.40998e+02	2.50780e+02	2.46490e+03	9.39601e+02	3.98253e+00	2.03573e+00	6.39056e+01
1.42829e+02	2.50841e+02	2.46350e+03	9.39537e+02	3.98347e+00	2.03647e+00	6.38318e+01
1.44660e+02	2.50903e+02	2.46210e+03	9.39466e+02	3.98440e+00	2.03721e+00	6.37574e+01
1.46491e+02	2.50965e+02	2.46069e+03	9.39389e+02	3.98533e+00	2.03795e+00	6.36823e+01
1.48322e+02	2.51028e+02	2.45929e+03	9.39305e+02	3.98626e+00	2.03868e+00	6.36067e+01
1.50154e+02	2.51092e+02	2.45788e+03	9.39215e+02	3.98718e+00	2.03942e+00	6.35304e+01
1.51985e+02	2.51156e+02	2.45648e+03	9.39118e+02	3.98811e+00	2.04015e+00	6.34535e+01
1.53816e+02	2.51221e+02	2.45508e+03	9.39014e+02	3.98903e+00	2.04089e+00	6.33759e+01
1.55647e+02	2.51287e+02	2.45368e+03	9.38903e+02	3.98995e+00	2.04162e+00	6.32977e+01
1.57478e+02	2.51353e+02	2.45228e+03	9.38785e+02	3.99087e+00	2.04235e+00	6.32189e+01
1.59309e+02	2.51420e+02	2.45087e+03	9.38660e+02	3.99179e+00	2.04308e+00	6.31394e+01
1.61140e+02	2.51487e+02	2.44947e+03	9.38529e+02	3.99271e+00	2.04381e+00	6.30593e+01
1.62972e+02	2.51556e+02	2.44807e+03	9.38390e+02	3.99363e+00	2.04454e+00	6.29786e+01
1.64803e+02	2.51625e+02	2.44667e+03	9.38245e+02	3.99454e+00	2.04527e+00	6.28971e+01
1.66634e+02	2.51694e+02	2.44527e+03	9.38093e+02	3.99546e+00	2.04599e+00	6.28150e+01
1.68465e+02	2.51765e+02	2.44387e+03	9.37933e+02	3.99637e+00	2.04672e+00	6.27323e+01
1.70296e+02	2.51836e+02	2.44247e+03	9.37767e+02	3.99728e+00	2.04745e+00	6.26489e+01
1.72127e+02	2.51907e+02	2.44107e+03	9.37595e+02	3.99819e+00	2.04817e+00	6.25648e+01
1.73958e+02	2.51980e+02	2.43967e+03	9.37415e+02	3.99910e+00	2.04889e+00	6.24800e+01
1.75790e+02	2.52053e+02	2.43827e+03	9.37229e+02	4.00000e+00	2.04962e+00	6.23945e+01
1.77621e+02	2.52127e+02	2.43687e+03	9.37036e+02	4.00091e+00	2.05034e+00	6.23084e+01
1.79452e+02	2.52201e+02	2.43547e+03	9.36837e+02	4.00181e+00	2.05106e+00	6.22215e+01
1.81283e+02	2.55000e+02	2.43408e+03	9.36632e+02	4.00348e+00	2.05217e+00	5.90867e+01
1.84880e+02	2.55035e+02	2.43170e+03	1.08182e+03	1.66401e+00	0.00000e+00	0.00000e+00
1.88477e+02	2.55072e+02	2.42932e+03	1.08311e+03	1.67134e+00	0.00000e+00	0.00000e+00
1.92074e+02	2.55109e+02	2.42695e+03	1.08440e+03	1.67864e+00	0.00000e+00	0.00000e+00
1.95672e+02	2.55148e+02	2.42459e+03	1.08567e+03	1.68591e+00	0.00000e+00	0.00000e+00
1.99269e+02	2.55188e+02	2.42222e+03	1.08693e+03	1.69315e+00	0.00000e+00	0.00000e+00
2.02866e+02	2.55229e+02	2.41986e+03	1.08818e+03	1.70035e+00	0.00000e+00	0.00000e+00
2.06463e+02	2.55271e+02	2.41751e+03	1.08941e+03	1.70751e+00	0.00000e+00	0.00000e+00
2.10060e+02	2.55314e+02	2.41515e+03	1.09064e+03	1.71463e+00	0.00000e+00	0.00000e+00
2.13657e+02	2.55359e+02	2.41281e+03	1.09186e+03	1.72171e+00	0.00000e+00	0.00000e+00
2.17254e+02	2.55404e+02	2.41046e+03	1.09307e+03	1.72875e+00	0.00000e+00	0.00000e+00
2.20852e+02	2.55450e+02	2.40812e+03	1.09427e+03	1.73576e+00	0.00000e+00	0.00000e+00
2.24449e+02	2.55498e+02	2.40578e+03	1.09546e+03	1.74272e+00	0.00000e+00	0.00000e+00
2.28046e+02	2.55546e+02	2.40345e+03	1.09664e+03	1.74964e+00	0.00000e+00	0.00000e+00
2.31643e+02	2.55595e+02	2.40112e+03	1.09781e+03	1.75653e+00	0.00000e+00	0.00000e+00
2.35240e+02	2.55646e+02	2.39879e+03	1.09897e+03	1.76338e+00	0.00000e+00	0.00000e+00
2.38837e+02	2.55697e+02	2.39646e+03	1.10012e+03	1.77019e+00	0.00000e+00	0.00000e+00
2.42434e+02	2.55749e+02	2.39414e+03	1.10126e+03	1.77696e+00	0.00000e+00	0.00000e+00
2.46032e+02	2.55802e+02	2.39183e+03	1.10240e+03	1.78370e+00	0.00000e+00	0.00000e+00
2.49629e+02	2.55856e+02	2.38951e+03	1.10352e+03	1.79039e+00	0.00000e+00	0.00000e+00
2.53226e+02	2.55910e+02	2.38720e+03	1.10464e+03	1.79703e+00	0.00000e+00	0.00000e+00
2.56823e+02	2.55966e+02	2.38489e+03	1.10575e+03	1.80364e+00	0.00000e+00	0.00000e+00
2.60420e+02	2.56022e+02	2.38259e+03	1.10685e+03	1.81020e+00	0.00000e+00	0.00000e+00
2.64017e+02	2.56079e+02	2.38029e+03	1.10795e+03	1.81672e+00	0.00000e+00	0.00000e+00
2.67615e+02	2.56137e+02	2.37799e+03	1.10903e+03	1.82320e+00	0.00000e+00	0.00000e+00
2.71212e+02	2.56195e+02	2.37570e+03	1.11011e+03	1.82963e+00	0.00000e+00	0.00000e+00
2.74809e+02	2.56254e+02	2.37340e+03	1.11118e+03	1.83603e+00	0.00000e+00	0.00000e+00
2.78406e+02	2.56314e+02	2.37112e+03	1.11225e+03	1.84239e+00	0.00000e+00	0.00000e+00
2.82003e+02	2.56375e+02	2.36883e+03	1.11330e+03	1.84872e+00	0.00000e+00	0.00000e+00
2.85600e+02	2.56436e+02	2.36655e+03	1.11435e+03	1.85500e+00	0.00000e+00	0.00000e+00
2.89197e+02	2.56498e+02	2.36427e+03	1.11539e+03	1.86126e+00	0.00000e+00	0.00000e+00
2.92795e+02	2.56561e+02	2.36199e+03	1.11643e+03	1.86747e+00	0.00000e+00	0.00000e+00
2.96392e+02	2.56624e+02	2.35972e+03	1.11746e+03	1.87365e+00	0.00000e+00	0.00000e+00
2.99989e+02	2.56688e+02	2.35745e+03	1.11848e+03	1.87979e+00	0.00000e+00	0.00000e+00
3.03586e+02	2.56753e+02	2.35518e+03	1.11949e+03	1.88589e+00	0.00000e+00	0.00000e+00
3.07183e+02	2.56818e+02	2.35292e+03	1.12050e+03	1.89196e+00	0.00000e+00	0.00000e+00
3.10780e+02	2.56884e+02	2.35066e+03	1.12150e+03	1.89799e+00	0.00000e+00	0.00000e+00
3.14377e+02	2.56950e+02	2.34840e+03	1.12250e+03	1.90399e+00	0.00000e+00	0.00000e+00
3.17975e+02	2.57017e+02	2.34615e+03	1.12349e+03	1.90995e+00	0.00000e+00	0.00000e+00
3.21572e+02	2.57085e+02	2.34389e+03	1.12447e+03	1.91589e+00	0.00000e+00	0.00000e+00
3.25169e+02	2.57153e+02	2.34164e+03	1.12545e+03	1.92180e+00	0.00000e+00	0.00000e+00
3.28766e+02	2.57221e+02	2.33940e+03	1.12642e+03	1.92767e+00	0.00000e+00	0.00000e+00
3.32363e+02	2.57291e+02	2.33715e+03	1.12738e+03	1.93352e+00	0.00000e+00	0.00000e+00
3.35960e+02	2.57360e+02	2.33491e+03	1.12834e+03	1.93933e+00	0.00000e+00	0.00000e+00
3.39557e+02	2.57431e+02	2.33268e+03	1.12930e+03	1.94510e+00	0.00000e+00	0.00000e+00
3.43155e+02	2.57502e+02	2.33044e+03	1.13024e+03	1.95084e+00	0.00000e+00	0.00000e+00
3.46752e+02	2.57573e+02	2.32821e+03	1.13119e+03	1.95655e+00	0.00000e+00	0.00000e+00
3.50349e+02	2.57645e+02	2.32598e+03	1.13212e+03	1.96222e+00	0.00000e+00	0.00000e+00
3.53946e+02	2.57717e+02	2.32375e+03	1.13306e+03	1.96785e+00	0.00000e+00	0.00000e+00
3.57543e+02	2.57790e+02	2.32153e+03	1.13398e+03	1.97345e+00	0.00000e+00	0.00000e+00
3.61140e+02	2.57864e+02	2.31931e+03	1.13490e+03	1.97902e+00	0.00000e+00	0.00000e+00
3.64738e+02	2.57938e+02	2.31709e+03	1.13582e+03	1.98454e+00	0.00000e+00	0.00000e+00
3.68335e+02	2.58013e+02	2.31488e+03	1.13673e+03	1.99004e+00	0.00000e+00	0.00000e+00
3.71932e+02	2.58088e+02	2.31266e+03	1.13764e+03	1.99549e+00	0.00000e+00	0.00000e+00
3.75529e+02	2.58103e+02	2.31063e+03	1.23789e+03	4.18234e+00	2.20853e+00	1.23988e+02
3.79126e+02	2.58377e+02	2.30860e+03	1.23847e+03	4.18346e+00	2.20862e+00	1.23988e+02
3.82723e+02	2.58641e+02	2.30657e+03	1.23903e+03	4.18458e+00	2.20870e+00	1.23988e+02
3.86320e+02	2.58904e+02	2.30454e+03	1.23960e+03	4.18571e+00	2.20879e+00	1.23988e+02
3.89918e+02	2.59166e+02	2.30252e+03	1.24016e+03	4.18684e+00	2.20888e+00	1.23988e+02
3.93515e+02	2.59429e+02	2.30049e+03	1.24072e+03	4.18797e+00	2.20897e+00	1.23988e+02
3.97112e+02	2.59691e+02	2.29847e+03	1.24127e+03	4.18911e+00	2.20907e+00	1.23988e+02
4.00709e+02	2.59953e+02	2.29645e+03	1.24183e+03	4.19025e+00	2.20917e+00	1.23988e+02
4.04306e+02	2.60216e+02	2.29443e+03	1.24238e+03	4.19140e+00	2.20927e+00	1.23988e+02
4.07903e+02	2.60470e+02	2.29241e+03	1.24292e+03	4.19255e+00	2.20937e+00	1.23988e+02
4.11500e+02	2.60721e+02	2.29039e+03	1.24347e+03	4.19370e+00	2.20948e+00	1.23988e+02
4.15098e+02	2.60973e+02	2.28837e+03	1.24401e+03	4.19486e+00	2.20959e+00	1.23988e+02
4.18695e+02	2.61225e+02	2.28636e+03	1.24454e+03	4.19602e+00	2.20970e+00	1.23988e+02
4.22292e+02	2.61476e+02	2.28434e+03	1.24508e+03	4.19719e+00	2.20982e+00	1.23988e+02
4.25889e+02	2.61728e+02	2.28233e+03	1.24561e+03	4.19836e+00	2.20993e+00	1.23988e+02
4.29486e+02	2.61980e+02	2.28032e+03	1.24613e+03	4.19953e+00	2.21005e+00	1.23988e+02
4.33083e+02	2.62224e+02	2.27831e+03	1.24666e+03	4.20071e+00	2.21018e+00	1.23988e+02
4.36681e+02	2.62465e+02	2.27631e+03	1.24718e+03	4.20189e+00	2.21030e+00	1.23988e+02
4.40278e+02	2.62706e+02	2.27430e+03	1.24770e+03	4.20308e+00	2.21043e+00	1.23988e+02
4.43875e+02	2.62948e+02	2.27230e+03	1.24821e+03	4.20427e+00	2.21056e+00	1.23988e+02
4.47472e+02	2.63189e+02	2.27029e+03	1.24872e+03	4.20546e+00	2.21070e+00	1.23988e+02
4.51069e+02	2.63431e+02	2.26829e+03	1.24923e+03	4.20666e+00	2.21083e+00	1.23988e+02
4.54666e+02	2.63672e+02	2.26629e+03	1.24974e+03	4.20787e+00	2.21097e+00	1.23988e+02
4.58263e+02	2.63907e+02	2.26429e+03	1.25024e+03	4.20907e+00	2.21111e+00	1.23988e+02
4.61861e+02	2.64138e+02	2.26229e+03	1.25074e+03	4.21028e+00	2.21126e+00	1.23988e+02
4.65458e+02	2.64370e+02	2.26030e+03	1.25123e+03	4.21150e+00	2.21140e+00	1.23988e+02
4.69055e+02	2.64602e+02	2.25830e+03	1.25172e+03	4.21272e+00	2.21155e+00	1.23988e+02
4.72652e+02	2.64833e+02	2.25631e+03	1.25221e+03	4.21394e+00	2.21171e+00	1.23988e+02
4.76249e+02	2.65065e+02	2.25432e+03	1.25270e+03	4.21517e+00	2.21186e+00	1.23988e+02
4.79846e+02	2.65297e+02	2.25233e+03	1.25318e+03	4.21640e+00	2.21202e+00	1.23988e+02
4.83443e+02	2.65522e+02	2.25034e+03	1.25366e+03	4.21763e+00	2.21218e+00	1.23988e+02
4.87041e+02	2.65744e+02	2.24835e+03	1.25414e+03	4.21887e+00	2.21235e+00	1.23988e+02
4.90638e+02	2.65967e+02	2.24637e+03	1.25461e+03	4.22012e+00	2.21251e+00	1.23988e+02
4.94235e+02	2.66189e+02	2.24438e+03	1.25508e+03	4.22136e+00	2.21268e+00	1.23988e+02
4.97832e+02	2.66411e+02	2.24240e+03	1.25555e+03	4.22262e+00	2.21285e+00	1.23988e+02
5.01429e+02	2.66634e+02	2.24042e+03	1.25601e+03	4.22387e+00	2.21303e+00	1.23988e+02
5.05026e+02	2.66856e+02	2.23843e+03	1.25647e+03	4.22513e+00	2.21320e+00	1.23988e+02
5.08623e+02	2.67073e+02	2.23645e+03	1.25693e+03	4.22640e+00	2.21338e+00	1.23988e+02
5.12221e+02	2.67286e+02	2.23448e+03	1.25738e+03	4.22766e+00	2.21357e+00	1.23988e+02
5.15818e+02	2.67500e+02	2.23250e+03	1.25783e+03	4.22894e+00	2.21375e+00	1.23988e+02
5.19415e+02	2.67713e+02	2.23052e+03	1.25828e+03	4.23021e+00	2.21394e+00	1.23988e+02
5.23012e+02	2.67927e+02	2.22855e+03	1.25872e+03	4.23149e+00	2.21413e+00	1.23988e+02
5.26609e+02	2.68140e+02	2.22658e+03	1.25916e+03	4.23278e+00	2.21432e+00	1.23988e+02
5.30206e+02	2.68354e+02	2.22461e+03	1.25960e+03	4.23407e+00	2.21452e+00	1.23988e+02
5.33804e+02	2.68562e+02	2.22264e+03	1.26003e+03	4.23536e+00	2.21472e+00	1.23988e+02
5.37401e+02	2.68767e+02	2.22067e+03	1.26046e+03	4.23666e+00	2.21492e+00	1.23988e+02
5.40998e+02	2.68972e+02	2.21870e+03	1.26089e+03	4.23796e+00	2.21512e+00	1.23988e+02
5.44595e+02	2.69177e+02	2.21674e+03	1.26132e+03	4.23926e+00	2.21533e+00	1.23988e+02
5.48192e+02	2.69382e+02	2.21477e+03	1.26174e+03	4.24057e+00	2.21554e+00	1.23988e+02
5.51789e+02	2.69587e+02	2.21281e+03	1.26216e+03	4.24188e+00	2.21575e+00	1.23988e+02
5.55386e+02	2.69792e+02	2.21085e+03	1.26257e+03	4.24320e+00	2.21596e+00	1.23988e+02
5.58984e+02	2.69992e+02	2.20888e+03	1.26299e+03	4.24452e+00	2.21618e+00	1.23988e+02
5.62581e+02	2.70189e+02	2.20693e+03	1.26339e+03	4.24585e+00	2.21640e+00	1.23988e+02
5.66178e+02	2.70386e+02	2.20497e+03	1.26380e+03	4.24718e+00	2.21662e+00	1.23988e+02
5.69775e+02	2.70583e+02	2.20301e+03	1.26420e+03	4.24851e+00	2.21684e+00	1.23988e+02
5.73372e+02	2.70779e+02	2.20105e+03	1.26460e+03	4.24984e+00	2.21707e+00	1.23988e+02
5.76969e+02	2.70976e+02	2.19910e+03	1.26500e+03	4.25119e+00	2.21730e+00	1.23988e+02
5.80566e+02	2.71173e+02	2.19715e+03	1.26539e+03	4.25253e+00	2.21753e+00	1.23988e+02
5.84164e+02	2.71366e+02	2.19520e+03	1.26578e+03	4.25388e+00	2.21777e+00	1.23988e+02
5.87761e+02	2.71555e+02	2.19325e+03	1.26617e+03	4.25523e+00	2.21800e+00	1.23988e+02
5.91358e+02	2.71744e+02	2.19130e+03	1.26656e+03	4.25659e+00	2.21824e+00	1.23988e+02
5.94955e+02	2.71933e+02	2.18935e+03	1.26694e+03	4.25795e+00	2.21849e+00	1.23988e+02
5.98552e+02	2.72122e+02	2.18740e+03	1.26732e+03	4.25931e+00	2.21873e+00	1.23988e+02
6.02149e+02	2.72311e+02	2.18546e+03	1.26769e+03	4.26068e+00	2.21898e+00	1.23988e+02
6.05747e+02	2.72501e+02	2.18351e+03	1.26806e+03	4.26205e+00	2.21923e+00	1.23988e+02
6.09344e+02	2.72686e+02	2.18157e+03	1.26843e+03	4.26343e+00	2.21948e+00	1.23988e+02
6.12941e+02	2.72868e+02	2.17963e+03	1.26880e+03	4.26481e+00	2.21973e+00	1.23988e+02
6.16538e+02	2.73049e+02	2.17769e+03	1.26916e+03	4.26619e+00	2.21999e+00	1.23988e+02
6.20135e+02	2.73231e+02	2.17575e+03	1.26952e+03	4.26758e+00	2.22025e+00	1.23988e+02
6.23732e+02	2.73413e+02	2.17381e+03	1.26988e+03	4.26897e+00	2.22051e+00	1.23988e+02
6.27329e+02	2.73595e+02	2.17188e+03	1.27023e+03	4.27036e+00	2.22078e+00	1.23988e+02
6.30927e+02	2.73776e+02	2.16994e+03	1.27059e+03	4.27176e+00	2.22104e+00	1.23988e+02
6.34524e+02	2.73975e+02	2.16801e+03	1.27093e+03	4.27316e+00	2.22131e+00	1.23988e+02
6.38121e+02	2.74193e+02	2.16608e+03	1.27128e+03	4.27457e+00	2.22159e+00	1.23988e+02
6.41718e+02	2.74412e+02	2.16431e+03	1.39437e+03	4.35655e+00	2.22856e+00	1.38399e+02
6.45315e+02	2.74631e+02	2.16255e+03	1.39436e+03	4.35897e+00	2.23031e+00	1.37793e+02
6.48912e+02	2.74849e+02	2.16079e+03	1.39435e+03	4.36139e+00	2.23206e+00	1.37191e+02
6.52509e+02	2.75068e+02	2.15903e+03	1.39433e+03	4.36381e+00	2.23380e+00	1.36592e+02
6.56107e+02	2.75287e+02	2.15727e+03	1.39432e+03	4.36622e+00	2.23554e+00	1.35997e+02
6.59704e+02	2.75531e+02	2.15551e+03	1.39430e+03	4.36864e+00	2.23729e+00	1.35336e+02
6.63301e+02	2.75813e+02	2.15376e+03	1.39428e+03	4.37106e+00	2.23903e+00	1.34581e+02
6.66898e+02	2.76094e+02	2.15200e+03	1.39426e+03	4.37348e+00	2.24077e+00	1.33831e+02
6.70495e+02	2.76375e+02	2.15024e+03	1.39425e+03	4.37590e+00	2.24251e+00	1.33087e+02
6.74092e+02	2.76657e+02	2.14848e+03	1.39423e+03	4.37831e+00	2.24425e+00	1.32349e+02
6.77689e+02	2.76938e+02	2.14672e+03	1.39421e+03	4.38073e+00	2.24599e+00	1.31616e+02
6.81287e+02	2.77219e+02	2.14497e+03	1.39419e+03	4.38314e+00	2.24773e+00	1.30889e+02
6.84884e+02	2.77496e+02	2.14321e+03	1.39417e+03	4.38555e+00	2.24947e+00	1.30178e+02
6.88481e+02	2.77767e+02	2.14145e+03	1.39416e+03	4.38796e+00	2.25120e+00	1.29489e+02
6.92078e+02	2.78037e+02	2.13970e+03	1.39414e+03	4.39037e+00	2.25293e+00	1.28806e+02
6.95675e+02	2.78307e+02	2.13794e+03	1.39412e+03	4.39278e+00	2.25466e+00	1.28127e+02
6.99272e+02	2.78578e+02	2.13619e+03	1.39410e+03	4.39518e+00	2.25639e+00	1.27453e+02
7.02870e+02	2.78848e+02	2.13443e+03	1.39408e+03	4.39759e+00	2.25812e+00	1.26784e+02
7.06467e+02	2.79118e+02	2.13268e+03	1.39407e+03	4.39999e+00	2.25985e+00	1.26120e+02
7.10064e+02	2.79385e+02	2.13092e+03	1.39405e+03	4.40240e+00	2.26158e+00	1.25469e+02
7.13661e+02	2.79646e+02	2.12917e+03	1.39403e+03	4.40480e+00	2.26330e+00	1.24839e+02
7.17258e+02	2.79906e+02	2.12742e+03	1.39402e+03	4.40719e+00	2.26503e+00	1.24213e+02
7.20855e+02	2.80166e+02	2.12567e+03	1.39400e+03	4.40959e+00	2.26675e+00	1.23592e+02
7.24452e+02	2.80426e+02	2.12391e+03	1.39398e+03	4.41199e+00	2.26847e+00	1.22974e+02
7.28050e+02	2.80686e+02	2.12216e+03	1.39396e+03	4.41438e+00	2.27019e+00	1.22361e+02
7.31647e+02	2.80947e+02	2.12041e+03	1.39395e+03	4.41678e+00	2.27191e+00	1.21752e+02
7.35244e+02	2.81204e+02	2.11866e+03	1.39393e+03	4.41917e+00	2.27362e+00	1.21154e+02
7.38841e+02	2.81455e+02	2.11691e+03	1.39391e+03	4.42156e+00	2.27534e+00	1.20575e+02
7.42438e+02	2.81705e+02	2.11516e+03	1.39390e+03	4.42395e+00	2.27705e+00	1.20000e+02
7.46035e+02	2.81956e+02	2.11341e+03	1.39388e+03	4.42634e+00	2.27877e+00	1.19428e+02
7.49632e+02	2.82207e+02	2.11166e+03	1.39386e+03	4.42872e+00	2.28048e+00	1.18860e+02
7.53230e+02	2.82458e+02	2.10991e+03	1.39385e+03	4.43111e+00	2.28219e+00	1.18296e+02
7.56827e+02	2.82709e+02	2.10816e+03	1.39383e+03	4.43349e+00	2.28390e+00	1.17736e+02
7.60424e+02	2.82957e+02	2.10642e+03	1.39381e+03	4.43588e+00	2.28560e+00	1.17184e+02
7.64021e+02	2.83199e+02	2.10467e+03	1.39380e+03	4.43826e+00	2.28731e+00	1.16650e+02
7.67618e+02	2.83441e+02	2.10292e+03	1.39378e+03	4.44064e+00	2.28902e+00	1.16119e+02
7.71215e+02	2.83683e+02	2.10118e+03	1.39377e+03	4.44302e+00	2.29072e+00	1.15592e+02
7.74813e+02	2.83926e+02	2.09943e+03	1.39375e+03	4.44539e+00	2.29242e+00	1.15068e+02
7.78410e+02	2.84168e+02	2.09769e+03	1.39374e+03	4.44777e+00	2.29412e+00	1.14547e+02
7.82007e+02	2.84410e+02	2.09594e+03	3.52741e+03	4.57597e+00	2.60333e+00	2.76502e+13
8.92505e+02	3.22567e+02	2.07477e+03	3.52741e+03	4.57293e+00	2.59953e+00	8.56656e+11
1.00055e+03	3.60337e+02	2.05360e+03	3.52765e+03	7.99622e+00	4.54195e+00	5.64764e+10
1.10611e+03	3.97719e+02	2.03243e+03	3.52768e+03	7.98899e+00	4.53429e+00	6.33920e+09
1.20915e+03	4.34714e+02	2.01126e+03	3.52753e+03	7.98110e+00	4.52630e+00	1.04995e+09
1.30965e+03	4.71322e+02	1.99009e+03	3.52724e+03	7.97268e+00	4.51807e+00	2.33121e+08
1.40756e+03	5.07542e+02	1.96891e+03	3.52683e+03	7.96382e+00	4.50964e+00	6.49011e+07
1.50285e+03	5.43375e+02	1.94774e+03	3.52632e+03	7.95461e+00	4.50107e+00	2.15954e+07
1.59549e+03	5.78821e+02	1.92657e+03	3.52572e+03	7.94507e+00	4.49238e+00	8.29056e+06
1.68543e+03	6.13879e+02	1.90540e+03	3.52503e+03	7.93525e+00	4.48361e+00	3.57591e+06
1.77264e+03	6.48550e+02	1.88423e+03	3.52426e+03	7.92518e+00	4.47476e+00	1.69796e+06
1.85708e+03	6.82833e+02	1.86306e+03	3.52343e+03	7.91489e+00	4.46586e+00	8.73588e+05
1.93870e+03	7.16729e+02	1.84189e+03	3.52252e+03	7.90437e+00	4.45691e+00	4.80914e+05
2.01748e+03	7.50238e+02	1.82072e+03	3.52154e+03	7.89366e+00	4.44792e+00	2.80437e+05
2.09336e+03	7.83359e+02	1.79954e+03	3.52051e+03	7.88276e+00	4.43891e+00	1.71814e+05
2.16629e+03	8.16093e+02	1.77837e+03	3.51940e+03	7.87167e+00	4.42988e+00	1.09857e+05
2.23624e+03	8.48440e+02	1.75720e+03	3.51824e+03	7.86039e+00	4.42083e+00	7.29016e+04
2.30315e+03	8.80399e+02	1.73603e+03	3.51700e+03	7.84892e+00	4.41176e+00	4.99774e+04
2.36697e+03	9.11971e+02	1.71486e+03	3.51571e+03	7.83727e+00	4.40269e+00	3.52570e+04
2.42764e+03	9.43155e+02	1.69369e+03	3.51435e+03	7.82545e+00	4.39360e+00	2.55104e+04
2.48512e+03	9.73952e+02	1.67252e+03	3.51292e+03	7.81344e+00	4.38451e+00	1.88784e+04
2.53934e+03	1.00436e+03	1.65135e+03	3.51143e+03	7.80123e+00	4.37541e+00	1.42540e+04
2.59023e+03	1.03438e+03	1.63018e+03	3.50987e+03	7.78882e+00	4.36631e+00	1.09578e+04
2.63775e+03	1.06402e+03	1.60900e+03	3.50823e+03	7.77622e+00	4.35719e+00	8.56115e+03
2.68180e+03	1.09327e+03	1.58783e+03	3.50653e+03	7.76341e+00	4.34807e+00	6.78697e+03
2.72234e+03	1.12213e+03	1.56666e+03	3.50475e+03	7.75036e+00	4.33894e+00	5.45189e+03
2.75927e+03	1.15060e+03	1.54549e+03	3.50289e+03	7.73711e+00	4.32980e+00	4.43211e+03
2.79253e+03	1.17868e+03	1.52432e+03	3.50096e+03	7.72360e+00	4.32064e+00	3.64244e+03
2.82202e+03	1.20638e+03	1.50315e+03	3.49894e+03	7.70985e+00	4.31147e+00	3.02323e+03
2.84766e+03	1.23369e+03	1.48198e+03	3.49684e+03	7.69583e+00	4.30229e+00	2.53203e+03
2.86936e+03	1.26062e+03	1.46081e+03	3.49465e+03	7.68154e+00	4.29308e+00	2.13818e+03
2.88702e+03	1.28715e+03	1.43964e+03	3.49236e+03	7.66696e+00	4.28384e+00	1.81926e+03
2.90053e+03	1.31330e+03	1.41846e+03	3.48998e+03	7.65205e+00	4.27458e+00	1.55862e+03
2.90979e+03	1.33906e+03	1.39729e+03	3.48750e+03	7.63685e+00	4.26529e+00	1.34379e+03
2.91469e+03	1.36443e+03	1.37612e+03	3.48491e+03	7.62128e+00	4.25596e+00	1.16529e+03
2.91509e+03	1.38942e+03	1.35495e+03	3.48222e+03	7.60536e+00	4.24660e+00	1.01588e+03
2.91088e+03	1.41402e+03	1.33378e+03	3.47941e+03	7.58903e+00	4.23718e+00	8.89922e+02
2.90190e+03	1.43823e+03	1.31261e+03	3.47648e+03	7.57231e+00	4.22771e+00	7.83047e+02
2.88802e+03	1.46205e+03	1.29144e+03	3.47342e+03	7.55515e+00	4.21818e+00	6.91798e+02
2.86908e+03	1.48549e+03	1.27027e+03	3.47023e+03	7.53752e+00	4.20859e+00	6.13434e+02
2.84492e+03	1.50854e+03	1.24910e+03	3.46690e+03	7.51938e+00	4.19892e+00	5.45763e+02
2.81536e+03	1.53120e+03	1.22792e+03	3.46342e+03	7.48125e+00	4.17656e+00	4.87020e+02
2.78020e+03	1.55348e+03	1.20675e+03	3.45184e+03	7.27733e+00	4.04685e+00	4.35773e+02
2.73936e+03	1.57536e+03	1.18558e+03	3.37241e+03	7.25912e+00	4.03733e+00	3.90869e+02
2.69356e+03	1.59686e+03	1.16441e+03	3.36842e+03	7.24041e+00	4.02773e+00	3.51477e+02
2.64178e+03	1.61798e+03	1.14324e+03	3.36428e+03	7.22105e+00	4.01799e+00	3.16662e+02
2.58380e+03	1.63870e+03	1.12207e+03	3.35993e+03	7.20098e+00	4.00810e+00	2.85765e+02
2.51936e+03	1.65904e+03	1.10090e+03	3.35538e+03	7.18018e+00	3.99805e+00	2.58237e+02
2.44819e+03	1.67899e+03	1.07973e+03	3.35060e+03	7.15857e+00	3.98781e+00	2.33619e+02
2.37000e+03	1.69855e+03	1.05856e+03	3.34558e+03	7.13608e+00	3.97738e+00	2.11523e+02
2.28447e+03	1.71773e+03	1.03738e+03	3.34030e+03	7.11266e+00	3.96673e+00	1.91623e+02
2.19127e+03	1.73652e+03	1.01621e+03	3.33475e+03	7.08821e+00	3.95584e+00	1.73644e+02
2.09003e+03	1.75492e+03	9.95043e+02	3.32890e+03	7.06265e+00	3.94468e+00	1.57350e+02
1.98036e+03	1.77293e+03	9.73871e+02	3.32274e+03	7.03586e+00	3.93322e+00	1.42541e+02
1.86184e+03	1.79056e+03	9.52700e+02	3.31623e+03	7.00773e+00	3.92143e+00	1.29045e+02
1.73400e+03	1.80779e+03	9.31529e+02	3.30936e+03	6.94241e+00	3.89424e+00	1.16715e+02
1.59634e+03	1.82465e+03	9.10358e+02	3.29494e+03	6.91044e+00	3.88170e+00	1.05426e+02
1.44863e+03	1.84111e+03	8.89187e+02	3.28715e+03	6.87667e+00	3.86872e+00	9.50817e+01
1.29000e+03	1.85719e+03	8.68016e+02	3.27888e+03	6.83761e+00	3.84851e+00	8.55754e+01
1.11982e+03	1.87287e+03	8.46845e+02	3.26590e+03	6.76867e+00	3.81323e+00	7.68274e+01
9.37592e+02	1.88818e+03	8.25674e+02	3.24529e+03	6.71611e+00	3.79439e+00	6.87755e+01
7.43027e+02	1.90309e+03	8.04502e+02	3.23349e+03	6.67109e+00	3.77893e+00	6.13702e+01
5.34783e+02	1.91762e+03	7.83331e+02	3.22270e+03	6.62251e+00	3.76264e+00	5.45452e+01
3.11840e+02	1.93176e+03	7.62160e+02	3.21108e+03	6.56958e+00	3.74541e+00	4.82551e+01
7.31903e+01	1.94551e+03	7.40989e+02	3.19850e+03	6.51149e+00	3.72706e+00	4.24635e+01
-1.82274e+02	1.95887e+03	7.19818e+02	3.18480e+03	6.61229e+00	3.73917e+00	3.71396e+01
-4.55769e+02	1.97185e+03	6.98647e+02	3.19388e+03	6.73905e+00	3.75813e+00	3.22575e+01
-7.50859e+02	1.98444e+03	6.77476e+02	3.20776e+03	6.74099e+00	3.77002e+00	2.77691e+01
-1.07002e+03	1.99664e+03	6.56305e+02	3.21506e+03	6.36037e+00	3.67413e+00	2.36563e+01
-1.41487e+03	2.00846e+03	6.35134e+02	3.14236e+03	6.14736e+00	3.61858e+00	1.99163e+01
-1.77870e+03	2.01989e+03	6.13962e+02	3.09946e+03	6.06208e+00	3.59379e+00	1.66093e+01
-2.16653e+03	2.03093e+03	5.92791e+02	3.07927e+03	5.97233e+00	3.56788e+00	1.36813e+01
-2.58356e+03	2.04158e+03	5.71620e+02	3.05795e+03	5.87705e+00	3.54057e+00	1.10956e+01
-3.03262e+03	2.05185e+03	5.50449e+02	3.03525e+03	5.77567e+00	3.51170e+00	8.83910e+00
-3.51691e+03	2.06172e+03	5.29278e+02	3.01102e+03	5.66754e+00	3.48111e+00	6.89787e+00
-4.04012e+03	2.07121e+03	5.08107e+02	2.98511e+03	5.55192e+00	3.44860e+00	5.25618e+00
-4.60647e+03	2.08032e+03	4.86936e+02	2.95733e+03	5.42795e+00	3.41393e+00	3.89590e+00
-5.22087e+03	2.08903e+03	4.65765e+02	2.92747e+03	5.29463e+00	3.37685e+00	2.79596e+00
-5.88901e+03	2.09736e+03	4.44593e+02	2.89529e+03	5.15081e+00	3.33704e+00	1.93213e+00
-6.61758e+03	2.10530e+03	4.23422e+02	2.86050e+03	4.99514e+00	3.29414e+00	1.27701e+00
-7.41445e+03	2.11286e+03	4.02251e+02	2.82277e+03	4.82602e+00	3.24773e+00	8.00616e-01
-8.28895e+03	2.12002e+03	3.81080e+02	2.78170e+03	4.64156e+00	3.19731e+00	4.71293e-01
-9.25227e+03	2.12680e+03	3.59909e+02	2.73684e+03	4.43949e+00	3.14227e+00	2.57194e-01
-1.03179e+04	2.13320e+03	3.38738e+02	2.68763e+03	4.21709e+00	3.08189e+00	1.28041e-01
-1.15021e+04	2.13920e+03	3.17567e+02	2.63339e+03	3.97103e+00	3.01528e+00	5.69695e-02
-1.28252e+04	2.14482e+03	2.96396e+02	2.57331e+03	3.69723e+00	2.94136e+00	2.20606e-02
-1.43121e+04	2.15005e+03	2.75225e+02	2.50638e+03	3.39063e+00	2.85877e+00	7.18078e-03
-1.59944e+04	2.15489e+03	2.54053e+02	2.43136e+03	3.04483e+00	2.76581e+00	1.87582e-03
-1.79121e+04	2.15934e+03	2.32882e+02	2.34669e+03	2.65171e+00	2.66033e+00	3.69349e-04
-2.01172e+04	2.16341e+03	2.11711e+02	2.25035e+03	2.20075e+00	2.53951e+00	5.02669e-05
-2.26780e+04	2.16709e+03	1.90540e+02	2.13977e+03	1.67809e+00	2.39967e+00	4.18424e-06
-2.56861e+04	2.17038e+03	1.69369e+02	2.01153e+03	1.06517e+00	2.23588e+00	1.78487e-07
-2.92670e+04	2.17329e+03	1.48198e+02	1.86109e+03	3.36582e-01	2.04135e+00	2.99901e-09
-3.35958e+04	2.17581e+03	1.27027e+02	1.68218e+03	-5.43190e-01	1.80664e+00	1.32572e-11
-3.89229e+04	2.17794e+03	1.05856e+02	1.46608e+03	-1.62485e+00	1.51825e+00	8.13098e-15
-4.56095e+04	2.17968e+03	8.46845e+01	1.20033e+03	-2.98163e+00	1.15667e+00	2.43009e-19
-5.41643e+04	2.18104e+03	6.35134e+01	8.66915e+02	-4.71660e+00	6.94465e-01	6.26810e-26
-6.51489e+04	2.18201e+03	4.23422e+01	4.40509e+02	-6.94358e+00	1.01326e-01	1.04717e-35
-7.77079e+04	2.18259e+03	2.11711e+01	-1.06871e+02	-9.48919e+00	-5.76584e-01	1.06341e-48
-6.55202e+04	NaN	0.00000e+00	-7.32607e+02	NaN	NaN	NaN
-6.55202e+04	NaN	0.00000e+00	NaN	NaN	NaN	1.00000e+04
NaN	NaN	0.00000e+00	NaN	NaN	NaN	1.00000e+04
NaN	NaN	0.00000e+00	NaN	NaN	NaN	1.00000e+04
NaN	NaN	0.00000e+00	NaN	NaN	NaN	1.00000e+04
NaN	NaN	0.00000e+00	NaN	NaN	NaN	1.00000e+04
NaN	NaN	0.00000e+00	NaN	NaN	NaN	1.00000e+04
NaN	NaN	0.00000e+00	NaN	NaN	NaN	1.00000e+04
NaN	NaN	0.00000e+00	NaN	NaN	NaN	1.00000e+04
NaN	NaN	0.00000e+00	NaN	NaN	NaN	1.00000e+04
NaN	NaN	0.00000e+00	NaN	NaN	NaN	1.00000e+04
