P (MPa)		T (K)		r (km)		rho (kg m-3)	VP (km s-1)	VS (km s-1)	QS/gamma	
0.00000e+00	9.40000e+01	2.57470e+03	9.32543e+02	3.87821e+00	1.96165e+00	1.72556e+05
1.41615e+00	1.08243e+02	2.57358e+03	9.32543e+02	3.88013e+00	1.96284e+00	3.27129e+04
2.83229e+00	1.24643e+02	2.57246e+03	9.32667e+02	3.88248e+00	1.96425e+00	7.71854e+03
4.24844e+00	1.43529e+02	2.57134e+03	9.32791e+02	3.88544e+00	1.96597e+00	2.20230e+03
5.66459e+00	1.65276e+02	2.57022e+03	9.32914e+02	3.88933e+00	1.96816e+00	7.41114e+02
7.08074e+00	1.90318e+02	2.56910e+03	9.33037e+02	3.89458e+00	1.97104e+00	2.87826e+02
8.49688e+00	2.19155e+02	2.56798e+03	9.33158e+02	3.90172e+00	1.97487e+00	1.26597e+02
9.91303e+00	2.52361e+02	2.56686e+03	9.33279e+02	3.91115e+00	1.97986e+00	6.20370e+01
1.13292e+01	2.52391e+02	2.56574e+03	9.33399e+02	3.91202e+00	1.98053e+00	6.20015e+01
1.27453e+01	2.52422e+02	2.56462e+03	9.33518e+02	3.91289e+00	1.98119e+00	6.19656e+01
1.41615e+01	2.52454e+02	2.56350e+03	9.33636e+02	3.91376e+00	1.98185e+00	6.19294e+01
1.55776e+01	2.52485e+02	2.56239e+03	9.33753e+02	3.91463e+00	1.98251e+00	6.18929e+01
1.69938e+01	2.52517e+02	2.56127e+03	9.33868e+02	3.91549e+00	1.98317e+00	6.18561e+01
1.84099e+01	2.52550e+02	2.56015e+03	9.33983e+02	3.91636e+00	1.98382e+00	6.18189e+01
1.98261e+01	2.52582e+02	2.55904e+03	9.34097e+02	3.91722e+00	1.98448e+00	6.17813e+01
2.12422e+01	2.52615e+02	2.55792e+03	9.34209e+02	3.91808e+00	1.98513e+00	6.17434e+01
2.26584e+01	2.52648e+02	2.55680e+03	9.34321e+02	3.91893e+00	1.98578e+00	6.17052e+01
2.40745e+01	2.52682e+02	2.55569e+03	9.34431e+02	3.91978e+00	1.98643e+00	6.16666e+01
2.54906e+01	2.52716e+02	2.55457e+03	9.34540e+02	3.92063e+00	1.98708e+00	6.16276e+01
2.69068e+01	2.52750e+02	2.55346e+03	9.34647e+02	3.92148e+00	1.98773e+00	6.15883e+01
2.83229e+01	2.52785e+02	2.55235e+03	9.34753e+02	3.92233e+00	1.98838e+00	6.15486e+01
2.97391e+01	2.52820e+02	2.55123e+03	9.34858e+02	3.92317e+00	1.98902e+00	6.15086e+01
3.11552e+01	2.52855e+02	2.55012e+03	9.34961e+02	3.92401e+00	1.98967e+00	6.14682e+01
3.25714e+01	2.52891e+02	2.54901e+03	9.35063e+02	3.92485e+00	1.99031e+00	6.14274e+01
3.39875e+01	2.52927e+02	2.54789e+03	9.35163e+02	3.92569e+00	1.99095e+00	6.13862e+01
3.54037e+01	2.52964e+02	2.54678e+03	9.35262e+02	3.92653e+00	1.99159e+00	6.13447e+01
3.68198e+01	2.53000e+02	2.54567e+03	9.35359e+02	3.92736e+00	1.99223e+00	6.13027e+01
3.82360e+01	2.53038e+02	2.54456e+03	9.35454e+02	3.92819e+00	1.99287e+00	6.12604e+01
3.96521e+01	2.53075e+02	2.54345e+03	9.35547e+02	3.92902e+00	1.99351e+00	6.12177e+01
4.10683e+01	2.53113e+02	2.54234e+03	9.35639e+02	3.92985e+00	1.99414e+00	6.11746e+01
4.24844e+01	2.53152e+02	2.54123e+03	9.35729e+02	3.93067e+00	1.99478e+00	6.11312e+01
4.39006e+01	2.53190e+02	2.54012e+03	9.35816e+02	3.93149e+00	1.99541e+00	6.10873e+01
4.53167e+01	2.53229e+02	2.53901e+03	9.35902e+02	3.93231e+00	1.99604e+00	6.10430e+01
4.67329e+01	2.53269e+02	2.53790e+03	9.35986e+02	3.93313e+00	1.99667e+00	6.09983e+01
4.81490e+01	2.53309e+02	2.53679e+03	9.36068e+02	3.93395e+00	1.99730e+00	6.09532e+01
4.95651e+01	2.53349e+02	2.53568e+03	9.36147e+02	3.93477e+00	1.99793e+00	6.09077e+01
5.09813e+01	2.53390e+02	2.53457e+03	9.36224e+02	3.93558e+00	1.99856e+00	6.08618e+01
5.23974e+01	2.53431e+02	2.53346e+03	9.36299e+02	3.93639e+00	1.99919e+00	6.08155e+01
5.38136e+01	2.53473e+02	2.53236e+03	9.36372e+02	3.93720e+00	1.99981e+00	6.07687e+01
5.52297e+01	2.53515e+02	2.53125e+03	9.36442e+02	3.93801e+00	2.00044e+00	6.07215e+01
5.66459e+01	2.53557e+02	2.53014e+03	9.36509e+02	3.93881e+00	2.00106e+00	6.06739e+01
5.80620e+01	2.53600e+02	2.52904e+03	9.36574e+02	3.93962e+00	2.00168e+00	6.06259e+01
5.94782e+01	2.53643e+02	2.52793e+03	9.36636e+02	3.94042e+00	2.00230e+00	6.05774e+01
6.08943e+01	2.53687e+02	2.52682e+03	9.36695e+02	3.94122e+00	2.00292e+00	6.05285e+01
6.23105e+01	2.53731e+02	2.52572e+03	9.36752e+02	3.94202e+00	2.00354e+00	6.04792e+01
6.37266e+01	2.53776e+02	2.52461e+03	9.36806e+02	3.94282e+00	2.00416e+00	6.04294e+01
6.51428e+01	2.53821e+02	2.52351e+03	9.36856e+02	3.94361e+00	2.00478e+00	6.03792e+01
6.65589e+01	2.53867e+02	2.52241e+03	9.36904e+02	3.94441e+00	2.00539e+00	6.03285e+01
6.79751e+01	2.53913e+02	2.52130e+03	9.36948e+02	3.94520e+00	2.00601e+00	6.02773e+01
6.93912e+01	2.53959e+02	2.52020e+03	9.36990e+02	3.94599e+00	2.00662e+00	6.02257e+01
7.08074e+01	2.54006e+02	2.51909e+03	9.37027e+02	3.94678e+00	2.00723e+00	6.01737e+01
7.22235e+01	2.54054e+02	2.51799e+03	9.37062e+02	3.94756e+00	2.00785e+00	6.01212e+01
7.36397e+01	2.54101e+02	2.51689e+03	9.37093e+02	3.94835e+00	2.00846e+00	6.00682e+01
7.50558e+01	2.54150e+02	2.51579e+03	9.37120e+02	3.94913e+00	2.00907e+00	6.00147e+01
7.64719e+01	2.54199e+02	2.51468e+03	9.37143e+02	3.94992e+00	2.00968e+00	5.99608e+01
7.78881e+01	2.54248e+02	2.51358e+03	9.37163e+02	3.95070e+00	2.01028e+00	5.99063e+01
7.93042e+01	2.54298e+02	2.51248e+03	9.37179e+02	3.95148e+00	2.01089e+00	5.98514e+01
8.07204e+01	2.54348e+02	2.51138e+03	9.37191e+02	3.95226e+00	2.01150e+00	5.97961e+01
8.21365e+01	2.54399e+02	2.51028e+03	9.37198e+02	3.95303e+00	2.01210e+00	5.97402e+01
8.35527e+01	2.54451e+02	2.50918e+03	9.37202e+02	3.95381e+00	2.01271e+00	5.96838e+01
8.49688e+01	2.54503e+02	2.50808e+03	9.37201e+02	3.95458e+00	2.01331e+00	5.96269e+01
8.63850e+01	2.54555e+02	2.50698e+03	9.37195e+02	3.95536e+00	2.01392e+00	5.95696e+01
8.78011e+01	2.54608e+02	2.50588e+03	9.37185e+02	3.95613e+00	2.01452e+00	5.95117e+01
8.92173e+01	2.54662e+02	2.50478e+03	9.37171e+02	3.95690e+00	2.01512e+00	5.94533e+01
9.06334e+01	2.54716e+02	2.50368e+03	9.37151e+02	3.95767e+00	2.01572e+00	5.93944e+01
9.20496e+01	2.54771e+02	2.50258e+03	9.37127e+02	3.95844e+00	2.01632e+00	5.93350e+01
9.34657e+01	2.54826e+02	2.50148e+03	9.37098e+02	3.95920e+00	2.01692e+00	5.92751e+01
9.48819e+01	2.54882e+02	2.50038e+03	9.37064e+02	3.95997e+00	2.01752e+00	5.92147e+01
9.62980e+01	2.54938e+02	2.49928e+03	9.37024e+02	3.96073e+00	2.01812e+00	5.91537e+01
9.77142e+01	2.54995e+02	2.49818e+03	9.36980e+02	3.96149e+00	2.01871e+00	5.90922e+01
9.91303e+01	2.55052e+02	2.49709e+03	9.36930e+02	3.96225e+00	2.01931e+00	5.90301e+01
1.00546e+02	2.55110e+02	2.49599e+03	9.36874e+02	3.96302e+00	2.01990e+00	5.89676e+01
1.01963e+02	2.55169e+02	2.49489e+03	9.36813e+02	3.96377e+00	2.02050e+00	5.89044e+01
1.03379e+02	2.55228e+02	2.49379e+03	9.36746e+02	3.96453e+00	2.02109e+00	5.88408e+01
1.04795e+02	2.55288e+02	2.49270e+03	9.36673e+02	3.96529e+00	2.02168e+00	5.87766e+01
1.06211e+02	2.55349e+02	2.49160e+03	9.36594e+02	3.96604e+00	2.02228e+00	5.87118e+01
1.07627e+02	2.55410e+02	2.49050e+03	9.36510e+02	3.96680e+00	2.02287e+00	5.86465e+01
1.09043e+02	2.55472e+02	2.48941e+03	9.36419e+02	3.96755e+00	2.02346e+00	5.85806e+01
1.10459e+02	2.55534e+02	2.48831e+03	9.36322e+02	3.96830e+00	2.02405e+00	5.85142e+01
1.11876e+02	2.55597e+02	2.48721e+03	9.36219e+02	3.96905e+00	2.02464e+00	5.84471e+01
1.13292e+02	2.55661e+02	2.48612e+03	9.36109e+02	3.96980e+00	2.02523e+00	5.83796e+01
1.14708e+02	2.55725e+02	2.48502e+03	9.35994e+02	3.97055e+00	2.02582e+00	5.83114e+01
1.16124e+02	2.55790e+02	2.48393e+03	9.35871e+02	3.97130e+00	2.02640e+00	5.82427e+01
1.17540e+02	2.55856e+02	2.48283e+03	9.35742e+02	3.97205e+00	2.02699e+00	5.81733e+01
1.18956e+02	2.55922e+02	2.48173e+03	9.35607e+02	3.97279e+00	2.02758e+00	5.81034e+01
1.20373e+02	2.55989e+02	2.48064e+03	9.35465e+02	3.97354e+00	2.02816e+00	5.80329e+01
1.21789e+02	2.56056e+02	2.47954e+03	9.35317e+02	3.97428e+00	2.02875e+00	5.79618e+01
1.23205e+02	2.56125e+02	2.47845e+03	9.35161e+02	3.97503e+00	2.02933e+00	5.78901e+01
1.24621e+02	2.56194e+02	2.47735e+03	9.35000e+02	3.97577e+00	2.02992e+00	5.78178e+01
1.26037e+02	2.56263e+02	2.47626e+03	9.34831e+02	3.97651e+00	2.03050e+00	5.77449e+01
1.27453e+02	2.56334e+02	2.47516e+03	9.34656e+02	3.97725e+00	2.03108e+00	5.76714e+01
1.28869e+02	2.56405e+02	2.47407e+03	9.34475e+02	3.97799e+00	2.03166e+00	5.75973e+01
1.30286e+02	2.56477e+02	2.47298e+03	9.34287e+02	3.97873e+00	2.03225e+00	5.75225e+01
1.31702e+02	2.56550e+02	2.47188e+03	9.34092e+02	3.97946e+00	2.03283e+00	5.74472e+01
1.33118e+02	2.56623e+02	2.47079e+03	9.33892e+02	3.98020e+00	2.03341e+00	5.73712e+01
1.34534e+02	2.56697e+02	2.46969e+03	9.33685e+02	3.98093e+00	2.03399e+00	5.72945e+01
1.35950e+02	2.56772e+02	2.46860e+03	9.33471e+02	3.98167e+00	2.03457e+00	5.72173e+01
1.37366e+02	2.56848e+02	2.46750e+03	9.33252e+02	3.98240e+00	2.03514e+00	5.71394e+01
1.38782e+02	2.59968e+02	2.46641e+03	9.33027e+02	3.98399e+00	2.03616e+00	5.40536e+01
1.40199e+02	2.60000e+02	2.46531e+03	9.32797e+02	3.98471e+00	2.03673e+00	5.40231e+01
1.43887e+02	2.60044e+02	2.46282e+03	1.06555e+03	1.60166e+00	0.00000e+00	0.00000e+00
1.47575e+02	2.60090e+02	2.46033e+03	1.06698e+03	1.60931e+00	0.00000e+00	0.00000e+00
1.51264e+02	2.60138e+02	2.45784e+03	1.06840e+03	1.61694e+00	0.00000e+00	0.00000e+00
1.54952e+02	2.60187e+02	2.45536e+03	1.06980e+03	1.62456e+00	0.00000e+00	0.00000e+00
1.58641e+02	2.60238e+02	2.45288e+03	1.07119e+03	1.63216e+00	0.00000e+00	0.00000e+00
1.62329e+02	2.60290e+02	2.45041e+03	1.07257e+03	1.63973e+00	0.00000e+00	0.00000e+00
1.66018e+02	2.60343e+02	2.44794e+03	1.07394e+03	1.64728e+00	0.00000e+00	0.00000e+00
1.69706e+02	2.60398e+02	2.44547e+03	1.07529e+03	1.65480e+00	0.00000e+00	0.00000e+00
1.73395e+02	2.60454e+02	2.44301e+03	1.07663e+03	1.66230e+00	0.00000e+00	0.00000e+00
1.77083e+02	2.60512e+02	2.44056e+03	1.07796e+03	1.66977e+00	0.00000e+00	0.00000e+00
1.80771e+02	2.60570e+02	2.43810e+03	1.07928e+03	1.67721e+00	0.00000e+00	0.00000e+00
1.84460e+02	2.60630e+02	2.43565e+03	1.08058e+03	1.68462e+00	0.00000e+00	0.00000e+00
1.88148e+02	2.60691e+02	2.43321e+03	1.08188e+03	1.69200e+00	0.00000e+00	0.00000e+00
1.91837e+02	2.60753e+02	2.43077e+03	1.08316e+03	1.69934e+00	0.00000e+00	0.00000e+00
1.95525e+02	2.60817e+02	2.42833e+03	1.08443e+03	1.70665e+00	0.00000e+00	0.00000e+00
1.99214e+02	2.60881e+02	2.42590e+03	1.08569e+03	1.71393e+00	0.00000e+00	0.00000e+00
2.02902e+02	2.60946e+02	2.42347e+03	1.08694e+03	1.72117e+00	0.00000e+00	0.00000e+00
2.06591e+02	2.61013e+02	2.42104e+03	1.08818e+03	1.72837e+00	0.00000e+00	0.00000e+00
2.10279e+02	2.61080e+02	2.41862e+03	1.08941e+03	1.73554e+00	0.00000e+00	0.00000e+00
2.13968e+02	2.61148e+02	2.41620e+03	1.09063e+03	1.74267e+00	0.00000e+00	0.00000e+00
2.17656e+02	2.61218e+02	2.41379e+03	1.09184e+03	1.74977e+00	0.00000e+00	0.00000e+00
2.21344e+02	2.61288e+02	2.41138e+03	1.09304e+03	1.75682e+00	0.00000e+00	0.00000e+00
2.25033e+02	2.61359e+02	2.40897e+03	1.09423e+03	1.76384e+00	0.00000e+00	0.00000e+00
2.28721e+02	2.61430e+02	2.40656e+03	1.09541e+03	1.77082e+00	0.00000e+00	0.00000e+00
2.32410e+02	2.61503e+02	2.40416e+03	1.09658e+03	1.77776e+00	0.00000e+00	0.00000e+00
2.36098e+02	2.61577e+02	2.40177e+03	1.09774e+03	1.78467e+00	0.00000e+00	0.00000e+00
2.39787e+02	2.61651e+02	2.39937e+03	1.09890e+03	1.79153e+00	0.00000e+00	0.00000e+00
2.43475e+02	2.61726e+02	2.39698e+03	1.10004e+03	1.79836e+00	0.00000e+00	0.00000e+00
2.47164e+02	2.61801e+02	2.39460e+03	1.10118e+03	1.80515e+00	0.00000e+00	0.00000e+00
2.50852e+02	2.61878e+02	2.39222e+03	1.10231e+03	1.81190e+00	0.00000e+00	0.00000e+00
2.54540e+02	2.61955e+02	2.38984e+03	1.10343e+03	1.81861e+00	0.00000e+00	0.00000e+00
2.58229e+02	2.62033e+02	2.38746e+03	1.10454e+03	1.82528e+00	0.00000e+00	0.00000e+00
2.61917e+02	2.62111e+02	2.38509e+03	1.10564e+03	1.83191e+00	0.00000e+00	0.00000e+00
2.65606e+02	2.62190e+02	2.38272e+03	1.10673e+03	1.83851e+00	0.00000e+00	0.00000e+00
2.69294e+02	2.62270e+02	2.38035e+03	1.10782e+03	1.84506e+00	0.00000e+00	0.00000e+00
2.72983e+02	2.62351e+02	2.37799e+03	1.10890e+03	1.85158e+00	0.00000e+00	0.00000e+00
2.76671e+02	2.62431e+02	2.37563e+03	1.10997e+03	1.85806e+00	0.00000e+00	0.00000e+00
2.80360e+02	2.62513e+02	2.37328e+03	1.11104e+03	1.86450e+00	0.00000e+00	0.00000e+00
2.84048e+02	2.62595e+02	2.37092e+03	1.11210e+03	1.87091e+00	0.00000e+00	0.00000e+00
2.87736e+02	2.62678e+02	2.36857e+03	1.11315e+03	1.87728e+00	0.00000e+00	0.00000e+00
2.91425e+02	2.62761e+02	2.36623e+03	1.11419e+03	1.88361e+00	0.00000e+00	0.00000e+00
2.95113e+02	2.62845e+02	2.36388e+03	1.11522e+03	1.88990e+00	0.00000e+00	0.00000e+00
2.98802e+02	2.62929e+02	2.36154e+03	1.11625e+03	1.89616e+00	0.00000e+00	0.00000e+00
3.02490e+02	2.63014e+02	2.35921e+03	1.11728e+03	1.90238e+00	0.00000e+00	0.00000e+00
3.06179e+02	2.63099e+02	2.35687e+03	1.11829e+03	1.90857e+00	0.00000e+00	0.00000e+00
3.09867e+02	2.63185e+02	2.35454e+03	1.11930e+03	1.91472e+00	0.00000e+00	0.00000e+00
3.13556e+02	2.63271e+02	2.35222e+03	1.12030e+03	1.92084e+00	0.00000e+00	0.00000e+00
3.17244e+02	2.63358e+02	2.34989e+03	1.12130e+03	1.92692e+00	0.00000e+00	0.00000e+00
3.20933e+02	2.63445e+02	2.34757e+03	1.12229e+03	1.93296e+00	0.00000e+00	0.00000e+00
3.24621e+02	2.63532e+02	2.34525e+03	1.12327e+03	1.93898e+00	0.00000e+00	0.00000e+00
3.28309e+02	2.63620e+02	2.34294e+03	1.12425e+03	1.94495e+00	0.00000e+00	0.00000e+00
3.31998e+02	2.63709e+02	2.34062e+03	1.12522e+03	1.95090e+00	0.00000e+00	0.00000e+00
3.35686e+02	2.63798e+02	2.33832e+03	1.12619e+03	1.95681e+00	0.00000e+00	0.00000e+00
3.39375e+02	2.63887e+02	2.33601e+03	1.12715e+03	1.96269e+00	0.00000e+00	0.00000e+00
3.43063e+02	2.63977e+02	2.33371e+03	1.12811e+03	1.96854e+00	0.00000e+00	0.00000e+00
3.46752e+02	2.64067e+02	2.33141e+03	1.12905e+03	1.97435e+00	0.00000e+00	0.00000e+00
3.50440e+02	2.64157e+02	2.32911e+03	1.13000e+03	1.98014e+00	0.00000e+00	0.00000e+00
3.54129e+02	2.64248e+02	2.32681e+03	1.13094e+03	1.98589e+00	0.00000e+00	0.00000e+00
3.57817e+02	2.64339e+02	2.32452e+03	1.13187e+03	1.99161e+00	0.00000e+00	0.00000e+00
3.61505e+02	2.64430e+02	2.32223e+03	1.13280e+03	1.99730e+00	0.00000e+00	0.00000e+00
3.65194e+02	2.64522e+02	2.31995e+03	1.13372e+03	2.00296e+00	0.00000e+00	0.00000e+00
3.68882e+02	2.64614e+02	2.31766e+03	1.13463e+03	2.00859e+00	0.00000e+00	0.00000e+00
3.72571e+02	2.64707e+02	2.31538e+03	1.13555e+03	2.01419e+00	0.00000e+00	0.00000e+00
3.76259e+02	2.64799e+02	2.31311e+03	1.13645e+03	2.01976e+00	0.00000e+00	0.00000e+00
3.79948e+02	2.64892e+02	2.31083e+03	1.13735e+03	2.02531e+00	0.00000e+00	0.00000e+00
3.83636e+02	2.64986e+02	2.30856e+03	1.13825e+03	2.03082e+00	0.00000e+00	0.00000e+00
3.87325e+02	2.65079e+02	2.30629e+03	1.13914e+03	2.03631e+00	0.00000e+00	0.00000e+00
3.91013e+02	2.65173e+02	2.30403e+03	1.14003e+03	2.04177e+00	0.00000e+00	0.00000e+00
3.94701e+02	2.65268e+02	2.30176e+03	1.14091e+03	2.04720e+00	0.00000e+00	0.00000e+00
3.98390e+02	2.65362e+02	2.29950e+03	1.14179e+03	2.05261e+00	0.00000e+00	0.00000e+00
4.02078e+02	2.65457e+02	2.29724e+03	1.14266e+03	2.05799e+00	0.00000e+00	0.00000e+00
4.05767e+02	2.65552e+02	2.29499e+03	1.14353e+03	2.06334e+00	0.00000e+00	0.00000e+00
4.09455e+02	2.65647e+02	2.29274e+03	1.14440e+03	2.06866e+00	0.00000e+00	0.00000e+00
4.13144e+02	2.65743e+02	2.29049e+03	1.14526e+03	2.07396e+00	0.00000e+00	0.00000e+00
4.16832e+02	2.65839e+02	2.28824e+03	1.14611e+03	2.07924e+00	0.00000e+00	0.00000e+00
4.20521e+02	2.65935e+02	2.28599e+03	1.14696e+03	2.08449e+00	0.00000e+00	0.00000e+00
4.24209e+02	2.66031e+02	2.28375e+03	1.14781e+03	2.08971e+00	0.00000e+00	0.00000e+00
4.27897e+02	2.66127e+02	2.28151e+03	1.14865e+03	2.09492e+00	0.00000e+00	0.00000e+00
4.31586e+02	2.66224e+02	2.27928e+03	1.14949e+03	2.10009e+00	0.00000e+00	0.00000e+00
4.35274e+02	2.66321e+02	2.27704e+03	1.15032e+03	2.10524e+00	0.00000e+00	0.00000e+00
4.38963e+02	2.66418e+02	2.27481e+03	1.15115e+03	2.11037e+00	0.00000e+00	0.00000e+00
4.42651e+02	2.66516e+02	2.27259e+03	1.15198e+03	2.11548e+00	0.00000e+00	0.00000e+00
4.46340e+02	2.66613e+02	2.27036e+03	1.15280e+03	2.12056e+00	0.00000e+00	0.00000e+00
4.50028e+02	2.66711e+02	2.26814e+03	1.15362e+03	2.12563e+00	0.00000e+00	0.00000e+00
4.53717e+02	2.66809e+02	2.26592e+03	1.15444e+03	2.13066e+00	0.00000e+00	0.00000e+00
4.57405e+02	2.66907e+02	2.26370e+03	1.15525e+03	2.13568e+00	0.00000e+00	0.00000e+00
4.61094e+02	2.67006e+02	2.26148e+03	1.15605e+03	2.14068e+00	0.00000e+00	0.00000e+00
4.64782e+02	2.67104e+02	2.25927e+03	1.15686e+03	2.14565e+00	0.00000e+00	0.00000e+00
4.68470e+02	2.67203e+02	2.25706e+03	1.15766e+03	2.15060e+00	0.00000e+00	0.00000e+00
4.72159e+02	2.67302e+02	2.25485e+03	1.15845e+03	2.15553e+00	0.00000e+00	0.00000e+00
4.75847e+02	2.67401e+02	2.25265e+03	1.15924e+03	2.16044e+00	0.00000e+00	0.00000e+00
4.79536e+02	2.67500e+02	2.25044e+03	1.16003e+03	2.16533e+00	0.00000e+00	0.00000e+00
4.83224e+02	2.67599e+02	2.24824e+03	1.16082e+03	2.17020e+00	0.00000e+00	0.00000e+00
4.86913e+02	2.67699e+02	2.24605e+03	1.16160e+03	2.17505e+00	0.00000e+00	0.00000e+00
4.90601e+02	2.67798e+02	2.24385e+03	1.16238e+03	2.17988e+00	0.00000e+00	0.00000e+00
4.94290e+02	2.67898e+02	2.24166e+03	1.16315e+03	2.18469e+00	0.00000e+00	0.00000e+00
4.97978e+02	2.67998e+02	2.23947e+03	1.16392e+03	2.18949e+00	0.00000e+00	0.00000e+00
5.01666e+02	2.68098e+02	2.23728e+03	1.16469e+03	2.19426e+00	0.00000e+00	0.00000e+00
5.05355e+02	2.68198e+02	2.23510e+03	1.16545e+03	2.19901e+00	0.00000e+00	0.00000e+00
5.09043e+02	2.68299e+02	2.23291e+03	1.16621e+03	2.20375e+00	0.00000e+00	0.00000e+00
5.12732e+02	2.68399e+02	2.23073e+03	1.16697e+03	2.20846e+00	0.00000e+00	0.00000e+00
5.16420e+02	2.68500e+02	2.22856e+03	1.16773e+03	2.21316e+00	0.00000e+00	0.00000e+00
5.20109e+02	2.68600e+02	2.22638e+03	1.16848e+03	2.21784e+00	0.00000e+00	0.00000e+00
5.23797e+02	2.68701e+02	2.22421e+03	1.16923e+03	2.22251e+00	0.00000e+00	0.00000e+00
5.27486e+02	2.68802e+02	2.22204e+03	1.16997e+03	2.22715e+00	0.00000e+00	0.00000e+00
5.31174e+02	2.68903e+02	2.21987e+03	1.17071e+03	2.23178e+00	0.00000e+00	0.00000e+00
5.34862e+02	2.69004e+02	2.21770e+03	1.17145e+03	2.23639e+00	0.00000e+00	0.00000e+00
5.38551e+02	2.69106e+02	2.21554e+03	1.17219e+03	2.24099e+00	0.00000e+00	0.00000e+00
5.42239e+02	2.69207e+02	2.21338e+03	1.17292e+03	2.24557e+00	0.00000e+00	0.00000e+00
5.45928e+02	2.69253e+02	2.21137e+03	1.26147e+03	4.23975e+00	2.21540e+00	1.23988e+02
5.49616e+02	2.69463e+02	2.20937e+03	1.26191e+03	4.24109e+00	2.21562e+00	1.23988e+02
5.53305e+02	2.69673e+02	2.20736e+03	1.26233e+03	4.24244e+00	2.21584e+00	1.23988e+02
5.56993e+02	2.69883e+02	2.20536e+03	1.26276e+03	4.24379e+00	2.21606e+00	1.23988e+02
5.60682e+02	2.70085e+02	2.20335e+03	1.26318e+03	4.24515e+00	2.21628e+00	1.23988e+02
5.64370e+02	2.70287e+02	2.20135e+03	1.26360e+03	4.24651e+00	2.21651e+00	1.23988e+02
5.68058e+02	2.70489e+02	2.19935e+03	1.26401e+03	4.24787e+00	2.21674e+00	1.23988e+02
5.71747e+02	2.70691e+02	2.19736e+03	1.26442e+03	4.24924e+00	2.21697e+00	1.23988e+02
5.75435e+02	2.70892e+02	2.19536e+03	1.26483e+03	4.25061e+00	2.21720e+00	1.23988e+02
5.79124e+02	2.71094e+02	2.19336e+03	1.26524e+03	4.25199e+00	2.21744e+00	1.23988e+02
5.82812e+02	2.71295e+02	2.19137e+03	1.26564e+03	4.25337e+00	2.21768e+00	1.23988e+02
5.86501e+02	2.71489e+02	2.18938e+03	1.26604e+03	4.25476e+00	2.21792e+00	1.23988e+02
5.90189e+02	2.71683e+02	2.18738e+03	1.26643e+03	4.25615e+00	2.21817e+00	1.23988e+02
5.93878e+02	2.71877e+02	2.18539e+03	1.26682e+03	4.25754e+00	2.21841e+00	1.23988e+02
5.97566e+02	2.72070e+02	2.18341e+03	1.26721e+03	4.25894e+00	2.21866e+00	1.23988e+02
6.01255e+02	2.72264e+02	2.18142e+03	1.26760e+03	4.26034e+00	2.21892e+00	1.23988e+02
6.04943e+02	2.72458e+02	2.17943e+03	1.26798e+03	4.26174e+00	2.21917e+00	1.23988e+02
6.08631e+02	2.72650e+02	2.17745e+03	1.26836e+03	4.26315e+00	2.21943e+00	1.23988e+02
6.12320e+02	2.72836e+02	2.17546e+03	1.26874e+03	4.26457e+00	2.21969e+00	1.23988e+02
6.16008e+02	2.73023e+02	2.17348e+03	1.26911e+03	4.26599e+00	2.21995e+00	1.23988e+02
6.19697e+02	2.73209e+02	2.17150e+03	1.26948e+03	4.26741e+00	2.22022e+00	1.23988e+02
6.23385e+02	2.73395e+02	2.16952e+03	1.26985e+03	4.26883e+00	2.22049e+00	1.23988e+02
6.27074e+02	2.73582e+02	2.16755e+03	1.27021e+03	4.27026e+00	2.22076e+00	1.23988e+02
6.30762e+02	2.73768e+02	2.16557e+03	1.27057e+03	4.27170e+00	2.22103e+00	1.23988e+02
6.34451e+02	2.74019e+02	2.16359e+03	1.27092e+03	4.27314e+00	2.22131e+00	1.23988e+02
6.38139e+02	2.74359e+02	2.16162e+03	1.27127e+03	4.27460e+00	2.22160e+00	1.23988e+02
6.41827e+02	2.74700e+02	2.15982e+03	1.39436e+03	4.35665e+00	2.22863e+00	1.37603e+02
6.45516e+02	2.75040e+02	2.15802e+03	1.39433e+03	4.35915e+00	2.23043e+00	1.36668e+02
6.49204e+02	2.75381e+02	2.15622e+03	1.39431e+03	4.36164e+00	2.23222e+00	1.35742e+02
6.52893e+02	2.75722e+02	2.15443e+03	1.39429e+03	4.36413e+00	2.23402e+00	1.34825e+02
6.56581e+02	2.76062e+02	2.15263e+03	1.39427e+03	4.36662e+00	2.23581e+00	1.33915e+02
6.60270e+02	2.76436e+02	2.15083e+03	1.39424e+03	4.36911e+00	2.23761e+00	1.32928e+02
6.63958e+02	2.76836e+02	2.14903e+03	1.39422e+03	4.37160e+00	2.23940e+00	1.31881e+02
6.67647e+02	2.77236e+02	2.14724e+03	1.39419e+03	4.37409e+00	2.24119e+00	1.30846e+02
6.71335e+02	2.77636e+02	2.14544e+03	1.39416e+03	4.37658e+00	2.24298e+00	1.29821e+02
6.75023e+02	2.78036e+02	2.14365e+03	1.39414e+03	4.37907e+00	2.24477e+00	1.28808e+02
6.78712e+02	2.78436e+02	2.14185e+03	1.39411e+03	4.38156e+00	2.24656e+00	1.27805e+02
6.82400e+02	2.78836e+02	2.14006e+03	1.39409e+03	4.38405e+00	2.24835e+00	1.26813e+02
6.86089e+02	2.79227e+02	2.13826e+03	1.39406e+03	4.38653e+00	2.25013e+00	1.25854e+02
6.89777e+02	2.79614e+02	2.13647e+03	1.39403e+03	4.38901e+00	2.25192e+00	1.24915e+02
6.93466e+02	2.80001e+02	2.13468e+03	1.39401e+03	4.39149e+00	2.25370e+00	1.23985e+02
6.97154e+02	2.80388e+02	2.13288e+03	1.39398e+03	4.39397e+00	2.25548e+00	1.23064e+02
7.00843e+02	2.80775e+02	2.13109e+03	1.39396e+03	4.39645e+00	2.25726e+00	1.22153e+02
7.04531e+02	2.81162e+02	2.12930e+03	1.39393e+03	4.39893e+00	2.25904e+00	1.21251e+02
7.08220e+02	2.81549e+02	2.12751e+03	1.39391e+03	4.40140e+00	2.26082e+00	1.20359e+02
7.11908e+02	2.81926e+02	2.12572e+03	1.39388e+03	4.40388e+00	2.26259e+00	1.19498e+02
7.15596e+02	2.82301e+02	2.12393e+03	1.39386e+03	4.40635e+00	2.26436e+00	1.18650e+02
7.19285e+02	2.82675e+02	2.12214e+03	1.39383e+03	4.40882e+00	2.26614e+00	1.17810e+02
7.22973e+02	2.83050e+02	2.12035e+03	1.39381e+03	4.41129e+00	2.26791e+00	1.16978e+02
7.26662e+02	2.83425e+02	2.11856e+03	1.39378e+03	4.41375e+00	2.26968e+00	1.16155e+02
7.30350e+02	2.83800e+02	2.11677e+03	1.39376e+03	4.41622e+00	2.27145e+00	1.15339e+02
7.34039e+02	2.84175e+02	2.11498e+03	1.39373e+03	4.41869e+00	2.27321e+00	1.14532e+02
7.37727e+02	2.84539e+02	2.11319e+03	1.39371e+03	4.42115e+00	2.27498e+00	1.13754e+02
7.41416e+02	2.84903e+02	2.11141e+03	1.39369e+03	4.42361e+00	2.27674e+00	1.12985e+02
7.45104e+02	2.85266e+02	2.10962e+03	1.39366e+03	4.42607e+00	2.27850e+00	1.12223e+02
7.48792e+02	2.85630e+02	2.10783e+03	1.39364e+03	4.42853e+00	2.28027e+00	1.11468e+02
7.52481e+02	2.85994e+02	2.10605e+03	1.39361e+03	4.43099e+00	2.28203e+00	1.10720e+02
7.56169e+02	2.86358e+02	2.10426e+03	1.39359e+03	4.43345e+00	2.28378e+00	1.09979e+02
7.59858e+02	2.86720e+02	2.10248e+03	1.39357e+03	4.43590e+00	2.28554e+00	1.09247e+02
7.63546e+02	2.87074e+02	2.10069e+03	3.52671e+03	4.57434e+00	2.60266e+00	1.96639e+13
8.78043e+02	3.26329e+02	2.07881e+03	3.52671e+03	4.57120e+00	2.59873e+00	5.99872e+11
9.89915e+02	3.65172e+02	2.05693e+03	3.52697e+03	7.99296e+00	4.54030e+00	3.95245e+10
1.09914e+03	4.03604e+02	2.03504e+03	3.52699e+03	7.98548e+00	4.53237e+00	4.46654e+09
1.20568e+03	4.41626e+02	2.01316e+03	3.52684e+03	7.97734e+00	4.52413e+00	7.47452e+08
1.30950e+03	4.79236e+02	1.99128e+03	3.52654e+03	7.96867e+00	4.51563e+00	1.67937e+08
1.41055e+03	5.16435e+02	1.96940e+03	3.52612e+03	7.95954e+00	4.50695e+00	4.73343e+07
1.50879e+03	5.53223e+02	1.94752e+03	3.52560e+03	7.95004e+00	4.49811e+00	1.59443e+07
1.60420e+03	5.89601e+02	1.92563e+03	3.52498e+03	7.94021e+00	4.48916e+00	6.19402e+06
1.69672e+03	6.25567e+02	1.90375e+03	3.52427e+03	7.93008e+00	4.48012e+00	2.70196e+06
1.78632e+03	6.61122e+02	1.88187e+03	3.52347e+03	7.91971e+00	4.47101e+00	1.29673e+06
1.87294e+03	6.96266e+02	1.85999e+03	3.52261e+03	7.90909e+00	4.46184e+00	6.73880e+05
1.95656e+03	7.30999e+02	1.83810e+03	3.52167e+03	7.89825e+00	4.45263e+00	3.74473e+05
2.03711e+03	7.65321e+02	1.81622e+03	3.52066e+03	7.88721e+00	4.44339e+00	2.20292e+05
2.11455e+03	7.99232e+02	1.79434e+03	3.51958e+03	7.87596e+00	4.43413e+00	1.36076e+05
2.18884e+03	8.32732e+02	1.77246e+03	3.51843e+03	7.86451e+00	4.42484e+00	8.76748e+04
2.25990e+03	8.65820e+02	1.75058e+03	3.51722e+03	7.85286e+00	4.41553e+00	5.85984e+04
2.32770e+03	8.98498e+02	1.72869e+03	3.51594e+03	7.84102e+00	4.40621e+00	4.04406e+04
2.39218e+03	9.30765e+02	1.70681e+03	3.51458e+03	7.82899e+00	4.39688e+00	2.87074e+04
2.45327e+03	9.62621e+02	1.68493e+03	3.51316e+03	7.81676e+00	4.38754e+00	2.08925e+04
2.51090e+03	9.94065e+02	1.66305e+03	3.51167e+03	7.80432e+00	4.37820e+00	1.55453e+04
2.56502e+03	1.02510e+03	1.64116e+03	3.51010e+03	7.79168e+00	4.36884e+00	1.17970e+04
2.61555e+03	1.05572e+03	1.61928e+03	3.50846e+03	7.77882e+00	4.35948e+00	9.11204e+03
2.66242e+03	1.08593e+03	1.59740e+03	3.50675e+03	7.76573e+00	4.35010e+00	7.15066e+03
2.70555e+03	1.11573e+03	1.57552e+03	3.50495e+03	7.75243e+00	4.34073e+00	5.69221e+03
2.74486e+03	1.14512e+03	1.55364e+03	3.50307e+03	7.73888e+00	4.33133e+00	4.59009e+03
2.78027e+03	1.17410e+03	1.53175e+03	3.50111e+03	7.72507e+00	4.32192e+00	3.74489e+03
2.81167e+03	1.20267e+03	1.50987e+03	3.49906e+03	7.71101e+00	4.31250e+00	3.08791e+03
2.83899e+03	1.23083e+03	1.48799e+03	3.49693e+03	7.69666e+00	4.30306e+00	2.57087e+03
2.86211e+03	1.25857e+03	1.46611e+03	3.49470e+03	7.68201e+00	4.29360e+00	2.15930e+03
2.88093e+03	1.28590e+03	1.44422e+03	3.49236e+03	7.66707e+00	4.28411e+00	1.82821e+03
2.89534e+03	1.31283e+03	1.42234e+03	3.48993e+03	7.65177e+00	4.27459e+00	1.55925e+03
2.90521e+03	1.33934e+03	1.40046e+03	3.48739e+03	7.63616e+00	4.26504e+00	1.33878e+03
2.91043e+03	1.36544e+03	1.37858e+03	3.48474e+03	7.62015e+00	4.25545e+00	1.15651e+03
2.91085e+03	1.39113e+03	1.35670e+03	3.48197e+03	7.60378e+00	4.24581e+00	1.00465e+03
2.90633e+03	1.41641e+03	1.33481e+03	3.47908e+03	7.58697e+00	4.23612e+00	8.77176e+02
2.89672e+03	1.44128e+03	1.31293e+03	3.47606e+03	7.56974e+00	4.22638e+00	7.69433e+02
2.88186e+03	1.46574e+03	1.29105e+03	3.47291e+03	7.55202e+00	4.21657e+00	6.77774e+02
2.86158e+03	1.48978e+03	1.26917e+03	3.46961e+03	7.53380e+00	4.20669e+00	5.99319e+02
2.83569e+03	1.51342e+03	1.24729e+03	3.46616e+03	7.51504e+00	4.19673e+00	5.31775e+02
2.80400e+03	1.53664e+03	1.22540e+03	3.46255e+03	7.41239e+00	4.13267e+00	4.73306e+02
2.76629e+03	1.55945e+03	1.20352e+03	3.42474e+03	7.27205e+00	4.04415e+00	4.22430e+02
2.72277e+03	1.58185e+03	1.18164e+03	3.37123e+03	7.25317e+00	4.03434e+00	3.78007e+02
2.67362e+03	1.60385e+03	1.15976e+03	3.36708e+03	7.23368e+00	4.02441e+00	3.39085e+02
2.61801e+03	1.62542e+03	1.13787e+03	3.36274e+03	7.21350e+00	4.01433e+00	3.04753e+02
2.55568e+03	1.64659e+03	1.11599e+03	3.35819e+03	7.19255e+00	4.00409e+00	2.74342e+02
2.48634e+03	1.66735e+03	1.09411e+03	3.35341e+03	7.17079e+00	3.99366e+00	2.47291e+02
2.40970e+03	1.68770e+03	1.07223e+03	3.34839e+03	7.14814e+00	3.98304e+00	2.23137e+02
2.32541e+03	1.70763e+03	1.05035e+03	3.34310e+03	7.12451e+00	3.97219e+00	2.01489e+02
2.23312e+03	1.72716e+03	1.02846e+03	3.33753e+03	7.09984e+00	3.96109e+00	1.82018e+02
2.13245e+03	1.74627e+03	1.00658e+03	3.33165e+03	7.07402e+00	3.94972e+00	1.64448e+02
2.02298e+03	1.76497e+03	9.84699e+02	3.32545e+03	7.04696e+00	3.93805e+00	1.48542e+02
1.90425e+03	1.78326e+03	9.62817e+02	3.31890e+03	7.01852e+00	3.92605e+00	1.34102e+02
1.77578e+03	1.80115e+03	9.40934e+02	3.31196e+03	6.95307e+00	3.89861e+00	1.20957e+02
1.63702e+03	1.81861e+03	9.19052e+02	3.29749e+03	6.92070e+00	3.88583e+00	1.08961e+02
1.48773e+03	1.83567e+03	8.97170e+02	3.28961e+03	6.88650e+00	3.87260e+00	9.80030e+01
1.32697e+03	1.85232e+03	8.75288e+02	3.28123e+03	6.85010e+00	3.85885e+00	8.79626e+01
1.15407e+03	1.86856e+03	8.53406e+02	3.27230e+03	6.78630e+00	3.81997e+00	7.87491e+01
9.68250e+02	1.88438e+03	8.31523e+02	3.24879e+03	6.72425e+00	3.79740e+00	7.02847e+01
7.69550e+02	1.89979e+03	8.09641e+02	3.23539e+03	6.67843e+00	3.78159e+00	6.25241e+01
5.56494e+02	1.91480e+03	7.87759e+02	3.22439e+03	6.62881e+00	3.76492e+00	5.53918e+01
3.27896e+02	1.92939e+03	7.65877e+02	3.21252e+03	6.57472e+00	3.74725e+00	4.88346e+01
8.26596e+01	1.94357e+03	7.43995e+02	3.19964e+03	6.51519e+00	3.72842e+00	4.28121e+01
-1.80423e+02	1.95734e+03	7.22112e+02	3.18560e+03	6.60915e+00	3.73966e+00	3.72903e+01
-4.62683e+02	1.97070e+03	7.00230e+02	3.19398e+03	6.74948e+00	3.75895e+00	3.22404e+01
-7.67865e+02	1.98365e+03	6.78348e+02	3.20821e+03	6.77022e+00	3.77714e+00	2.76120e+01
-1.09875e+03	1.99618e+03	6.56466e+02	3.22008e+03	6.37678e+00	3.67803e+00	2.33840e+01
-1.45766e+03	2.00831e+03	6.34584e+02	3.14493e+03	6.13884e+00	3.61634e+00	1.95490e+01
-1.83699e+03	2.02002e+03	6.12701e+02	3.09736e+03	6.05013e+00	3.59058e+00	1.61756e+01
-2.24180e+03	2.03133e+03	5.90819e+02	3.07634e+03	5.95667e+00	3.56364e+00	1.32079e+01
-2.67816e+03	2.04222e+03	5.68937e+02	3.05413e+03	5.85723e+00	3.53518e+00	1.06032e+01
-3.14926e+03	2.05270e+03	5.47055e+02	3.03042e+03	5.75117e+00	3.50502e+00	8.34690e+00
-3.65871e+03	2.06277e+03	5.25173e+02	3.00506e+03	5.63775e+00	3.47299e+00	6.42316e+00
-4.21068e+03	2.07243e+03	5.03290e+02	2.97786e+03	5.51612e+00	3.43885e+00	4.81397e+00
-4.81000e+03	2.08168e+03	4.81408e+02	2.94861e+03	5.38532e+00	3.40233e+00	3.49837e+00
-5.46231e+03	2.09052e+03	4.59526e+02	2.91708e+03	5.24420e+00	3.36315e+00	2.45197e+00
-6.17418e+03	2.09894e+03	4.37644e+02	2.88299e+03	5.09142e+00	3.32093e+00	1.64676e+00
-6.95340e+03	2.10696e+03	4.15762e+02	2.84600e+03	4.92541e+00	3.27527e+00	1.05135e+00
-7.80919e+03	2.11456e+03	3.93880e+02	2.80574e+03	4.74430e+00	3.22566e+00	6.31814e-01
-8.75260e+03	2.12176e+03	3.71997e+02	2.76173e+03	4.54585e+00	3.17151e+00	3.53021e-01
-9.79698e+03	2.12854e+03	3.50115e+02	2.71343e+03	4.32735e+00	3.11210e+00	1.80560e-01
-1.09586e+04	2.13491e+03	3.28233e+02	2.66018e+03	4.08552e+00	3.04655e+00	8.28731e-02
-1.22574e+04	2.14087e+03	3.06351e+02	2.60116e+03	3.81630e+00	2.97378e+00	3.32655e-02
-1.37182e+04	2.14642e+03	2.84469e+02	2.53538e+03	3.51465e+00	2.89245e+00	1.12897e-02
-1.53725e+04	2.15156e+03	2.62586e+02	2.46161e+03	3.17423e+00	2.80087e+00	3.09667e-03
-1.72602e+04	2.15628e+03	2.40704e+02	2.37827e+03	2.78691e+00	2.69688e+00	6.45728e-04
-1.94332e+04	2.16060e+03	2.18822e+02	2.28338e+03	2.34220e+00	2.57768e+00	9.40463e-05
-2.19600e+04	2.16451e+03	1.96940e+02	2.17435e+03	1.82619e+00	2.43958e+00	8.48515e-06
-2.49329e+04	2.16800e+03	1.75058e+02	2.04777e+03	1.22022e+00	2.27760e+00	3.98415e-07
-2.84784e+04	2.17108e+03	1.53175e+02	1.89904e+03	4.98628e-01	2.08490e+00	7.50416e-09
-3.27746e+04	2.17375e+03	1.31293e+02	1.72186e+03	-3.74702e-01	1.85188e+00	3.79365e-11
-3.80783e+04	2.17601e+03	1.09411e+02	1.50736e+03	-1.45176e+00	1.56468e+00	2.70752e-14
-4.47655e+04	2.17786e+03	8.75288e+01	1.24274e+03	-2.80876e+00	1.20303e+00	9.40971e-19
-5.33809e+04	2.17930e+03	6.56466e+01	9.09286e+02	-4.55609e+00	7.37518e-01	2.62757e-25
-6.45880e+04	2.18033e+03	4.37644e+01	4.79848e+02	-6.82822e+00	1.32347e-01	3.38403e-35
-7.78953e+04	2.18095e+03	2.18822e+01	-7.86265e+01	-9.52551e+00	-5.85956e-01	6.05313e-49
-6.91733e+04	NaN	0.00000e+00	-7.41645e+02	NaN	NaN	NaN
-6.91733e+04	NaN	0.00000e+00	NaN	NaN	NaN	1.00000e+04
NaN	NaN	0.00000e+00	NaN	NaN	NaN	1.00000e+04
NaN	NaN	0.00000e+00	NaN	NaN	NaN	1.00000e+04
NaN	NaN	0.00000e+00	NaN	NaN	NaN	1.00000e+04
NaN	NaN	0.00000e+00	NaN	NaN	NaN	1.00000e+04
NaN	NaN	0.00000e+00	NaN	NaN	NaN	1.00000e+04
NaN	NaN	0.00000e+00	NaN	NaN	NaN	1.00000e+04
NaN	NaN	0.00000e+00	NaN	NaN	NaN	1.00000e+04
NaN	NaN	0.00000e+00	NaN	NaN	NaN	1.00000e+04
NaN	NaN	0.00000e+00	NaN	NaN	NaN	1.00000e+04
