P (MPa)		T (K)		r (km)		rho (kg m-3)	VP (km s-1)	VS (km s-1)	QS/gamma	
0.00000e+00	9.40000e+01	2.57470e+03	9.32490e+02	3.87821e+00	1.96165e+00	1.72556e+05
9.50508e-01	1.05116e+02	2.57395e+03	9.32490e+02	3.87960e+00	1.96250e+00	4.53415e+04
1.90102e+00	1.17547e+02	2.57319e+03	9.32563e+02	3.88123e+00	1.96347e+00	1.37227e+04
2.85152e+00	1.31447e+02	2.57244e+03	9.32635e+02	3.88319e+00	1.96461e+00	4.71278e+03
3.80203e+00	1.46992e+02	2.57169e+03	9.32705e+02	3.88560e+00	1.96598e+00	1.81217e+03
4.75254e+00	1.64374e+02	2.57094e+03	9.32775e+02	3.88863e+00	1.96766e+00	7.70928e+02
5.70305e+00	1.83812e+02	2.57019e+03	9.32845e+02	3.89250e+00	1.96977e+00	3.58990e+02
6.65356e+00	2.05549e+02	2.56943e+03	9.32913e+02	3.89747e+00	1.97243e+00	1.81239e+02
7.60407e+00	2.29857e+02	2.56868e+03	9.32980e+02	3.90380e+00	1.97578e+00	9.83588e+01
8.55457e+00	2.57038e+02	2.56793e+03	9.33047e+02	3.91159e+00	1.97988e+00	5.69434e+01
9.50508e+00	2.57070e+02	2.56718e+03	9.33112e+02	3.91219e+00	1.98033e+00	5.69113e+01
1.04556e+01	2.57102e+02	2.56643e+03	9.33177e+02	3.91278e+00	1.98077e+00	5.68788e+01
1.14061e+01	2.57134e+02	2.56568e+03	9.33240e+02	3.91337e+00	1.98122e+00	5.68460e+01
1.23566e+01	2.57166e+02	2.56493e+03	9.33303e+02	3.91396e+00	1.98167e+00	5.68129e+01
1.33071e+01	2.57199e+02	2.56418e+03	9.33364e+02	3.91455e+00	1.98211e+00	5.67795e+01
1.42576e+01	2.57232e+02	2.56343e+03	9.33424e+02	3.91513e+00	1.98256e+00	5.67458e+01
1.52081e+01	2.57265e+02	2.56268e+03	9.33483e+02	3.91572e+00	1.98300e+00	5.67117e+01
1.61586e+01	2.57299e+02	2.56193e+03	9.33541e+02	3.91630e+00	1.98345e+00	5.66773e+01
1.71091e+01	2.57333e+02	2.56118e+03	9.33598e+02	3.91689e+00	1.98389e+00	5.66426e+01
1.80597e+01	2.57368e+02	2.56043e+03	9.33653e+02	3.91747e+00	1.98433e+00	5.66076e+01
1.90102e+01	2.57403e+02	2.55968e+03	9.33707e+02	3.91805e+00	1.98477e+00	5.65722e+01
1.99607e+01	2.57438e+02	2.55893e+03	9.33760e+02	3.91863e+00	1.98522e+00	5.65365e+01
2.09112e+01	2.57474e+02	2.55818e+03	9.33811e+02	3.91921e+00	1.98566e+00	5.65004e+01
2.18617e+01	2.57509e+02	2.55743e+03	9.33861e+02	3.91979e+00	1.98610e+00	5.64640e+01
2.28122e+01	2.57546e+02	2.55668e+03	9.33909e+02	3.92037e+00	1.98654e+00	5.64273e+01
2.37627e+01	2.57583e+02	2.55593e+03	9.33956e+02	3.92095e+00	1.98698e+00	5.63902e+01
2.47132e+01	2.57620e+02	2.55518e+03	9.34001e+02	3.92152e+00	1.98741e+00	5.63528e+01
2.56637e+01	2.57657e+02	2.55443e+03	9.34044e+02	3.92210e+00	1.98785e+00	5.63150e+01
2.66142e+01	2.57695e+02	2.55369e+03	9.34086e+02	3.92267e+00	1.98829e+00	5.62769e+01
2.75647e+01	2.57733e+02	2.55294e+03	9.34126e+02	3.92324e+00	1.98873e+00	5.62384e+01
2.85152e+01	2.57772e+02	2.55219e+03	9.34165e+02	3.92381e+00	1.98916e+00	5.61995e+01
2.94658e+01	2.57811e+02	2.55144e+03	9.34201e+02	3.92439e+00	1.98960e+00	5.61603e+01
3.04163e+01	2.57850e+02	2.55069e+03	9.34235e+02	3.92496e+00	1.99003e+00	5.61207e+01
3.13668e+01	2.57890e+02	2.54995e+03	9.34268e+02	3.92552e+00	1.99047e+00	5.60807e+01
3.23173e+01	2.57931e+02	2.54920e+03	9.34299e+02	3.92609e+00	1.99090e+00	5.60403e+01
3.32678e+01	2.57971e+02	2.54845e+03	9.34327e+02	3.92666e+00	1.99134e+00	5.59996e+01
3.42183e+01	2.58012e+02	2.54770e+03	9.34353e+02	3.92723e+00	1.99177e+00	5.59585e+01
3.51688e+01	2.58054e+02	2.54696e+03	9.34377e+02	3.92779e+00	1.99220e+00	5.59170e+01
3.61193e+01	2.58096e+02	2.54621e+03	9.34399e+02	3.92836e+00	1.99263e+00	5.58751e+01
3.70698e+01	2.58138e+02	2.54546e+03	9.34419e+02	3.92892e+00	1.99306e+00	5.58329e+01
3.80203e+01	2.58181e+02	2.54472e+03	9.34436e+02	3.92948e+00	1.99350e+00	5.57902e+01
3.89708e+01	2.58225e+02	2.54397e+03	9.34450e+02	3.93005e+00	1.99393e+00	5.57471e+01
3.99213e+01	2.58268e+02	2.54322e+03	9.34462e+02	3.93061e+00	1.99436e+00	5.57037e+01
4.08719e+01	2.58313e+02	2.54248e+03	9.34471e+02	3.93117e+00	1.99478e+00	5.56598e+01
4.18224e+01	2.58357e+02	2.54173e+03	9.34478e+02	3.93173e+00	1.99521e+00	5.56156e+01
4.27729e+01	2.58403e+02	2.54099e+03	9.34482e+02	3.93229e+00	1.99564e+00	5.55709e+01
4.37234e+01	2.58448e+02	2.54024e+03	9.34482e+02	3.93284e+00	1.99607e+00	5.55258e+01
4.46739e+01	2.58494e+02	2.53949e+03	9.34480e+02	3.93340e+00	1.99650e+00	5.54803e+01
4.56244e+01	2.58541e+02	2.53875e+03	9.34475e+02	3.93396e+00	1.99692e+00	5.54343e+01
4.65749e+01	2.58588e+02	2.53800e+03	9.34467e+02	3.93451e+00	1.99735e+00	5.53880e+01
4.75254e+01	2.58636e+02	2.53726e+03	9.34455e+02	3.93507e+00	1.99778e+00	5.53412e+01
4.84759e+01	2.58684e+02	2.53651e+03	9.34440e+02	3.93562e+00	1.99820e+00	5.52940e+01
4.94264e+01	2.58732e+02	2.53577e+03	9.34422e+02	3.93617e+00	1.99863e+00	5.52464e+01
5.03769e+01	2.58781e+02	2.53502e+03	9.34400e+02	3.93673e+00	1.99905e+00	5.51983e+01
5.13274e+01	2.58831e+02	2.53428e+03	9.34375e+02	3.93728e+00	1.99948e+00	5.51498e+01
5.22780e+01	2.58881e+02	2.53353e+03	9.34345e+02	3.93783e+00	1.99990e+00	5.51008e+01
5.32285e+01	2.58932e+02	2.53279e+03	9.34312e+02	3.93838e+00	2.00032e+00	5.50514e+01
5.41790e+01	2.58983e+02	2.53204e+03	9.34275e+02	3.93893e+00	2.00075e+00	5.50015e+01
5.51295e+01	2.59034e+02	2.53130e+03	9.34234e+02	3.93948e+00	2.00117e+00	5.49512e+01
5.60800e+01	2.59087e+02	2.53055e+03	9.34189e+02	3.94003e+00	2.00159e+00	5.49004e+01
5.70305e+01	2.59139e+02	2.52981e+03	9.34140e+02	3.94057e+00	2.00201e+00	5.48492e+01
5.79810e+01	2.59193e+02	2.52906e+03	9.34086e+02	3.94112e+00	2.00243e+00	5.47975e+01
5.89315e+01	2.59247e+02	2.52832e+03	9.34028e+02	3.94167e+00	2.00285e+00	5.47454e+01
5.98820e+01	2.59301e+02	2.52757e+03	9.33965e+02	3.94221e+00	2.00327e+00	5.46927e+01
6.08325e+01	2.59356e+02	2.52683e+03	9.33898e+02	3.94276e+00	2.00369e+00	5.46396e+01
6.17830e+01	2.59412e+02	2.52609e+03	9.33826e+02	3.94330e+00	2.00411e+00	5.45860e+01
6.27335e+01	2.59468e+02	2.52534e+03	9.33749e+02	3.94384e+00	2.00453e+00	5.45319e+01
6.36840e+01	2.59524e+02	2.52460e+03	9.33667e+02	3.94439e+00	2.00495e+00	5.44774e+01
6.46346e+01	2.59582e+02	2.52385e+03	9.33579e+02	3.94493e+00	2.00537e+00	5.44223e+01
6.55851e+01	2.59640e+02	2.52311e+03	9.33487e+02	3.94547e+00	2.00579e+00	5.43668e+01
6.65356e+01	2.59698e+02	2.52237e+03	9.33389e+02	3.94601e+00	2.00620e+00	5.43108e+01
6.74861e+01	2.59757e+02	2.52162e+03	9.33286e+02	3.94655e+00	2.00662e+00	5.42542e+01
6.84366e+01	2.59817e+02	2.52088e+03	9.33178e+02	3.94709e+00	2.00704e+00	5.41972e+01
6.93871e+01	2.59877e+02	2.52014e+03	9.33063e+02	3.94763e+00	2.00745e+00	5.41397e+01
7.03376e+01	2.59938e+02	2.51939e+03	9.32943e+02	3.94817e+00	2.00787e+00	5.40816e+01
7.12881e+01	2.60000e+02	2.51865e+03	9.32817e+02	3.94871e+00	2.00829e+00	5.40230e+01
7.22386e+01	2.60062e+02	2.51790e+03	9.32686e+02	3.94924e+00	2.00870e+00	5.39640e+01
7.31891e+01	2.60125e+02	2.51716e+03	9.32548e+02	3.94978e+00	2.00912e+00	5.39043e+01
7.41396e+01	2.60189e+02	2.51642e+03	9.32404e+02	3.95032e+00	2.00953e+00	5.38442e+01
7.50901e+01	2.60253e+02	2.51567e+03	9.32254e+02	3.95085e+00	2.00994e+00	5.37835e+01
7.60407e+01	2.60318e+02	2.51493e+03	9.32098e+02	3.95139e+00	2.01036e+00	5.37223e+01
7.69912e+01	2.60384e+02	2.51419e+03	9.31935e+02	3.95192e+00	2.01077e+00	5.36606e+01
7.79417e+01	2.60450e+02	2.51344e+03	9.31767e+02	3.95245e+00	2.01119e+00	5.35983e+01
7.88922e+01	2.60517e+02	2.51270e+03	9.31592e+02	3.95299e+00	2.01160e+00	5.35355e+01
7.98427e+01	2.60585e+02	2.51196e+03	9.31410e+02	3.95352e+00	2.01201e+00	5.34722e+01
8.07932e+01	2.60653e+02	2.51121e+03	9.31222e+02	3.95405e+00	2.01242e+00	5.34082e+01
8.17437e+01	2.60722e+02	2.51047e+03	9.31028e+02	3.95458e+00	2.01283e+00	5.33438e+01
8.26942e+01	2.60792e+02	2.50973e+03	9.30827e+02	3.95512e+00	2.01325e+00	5.32787e+01
8.36447e+01	2.60862e+02	2.50898e+03	9.30620e+02	3.95565e+00	2.01366e+00	5.32132e+01
8.45952e+01	2.60934e+02	2.50824e+03	9.30407e+02	3.95618e+00	2.01407e+00	5.31470e+01
8.55457e+01	2.61006e+02	2.50749e+03	9.30188e+02	3.95671e+00	2.01448e+00	5.30803e+01
8.64962e+01	2.61079e+02	2.50675e+03	9.29962e+02	3.95724e+00	2.01489e+00	5.30130e+01
8.74468e+01	2.61152e+02	2.50601e+03	9.29730e+02	3.95776e+00	2.01530e+00	5.29451e+01
8.83973e+01	2.61226e+02	2.50526e+03	9.29492e+02	3.95829e+00	2.01571e+00	5.28766e+01
8.93478e+01	2.61301e+02	2.50452e+03	9.29248e+02	3.95882e+00	2.01612e+00	5.28076e+01
9.02983e+01	2.61377e+02	2.50377e+03	9.28998e+02	3.95935e+00	2.01653e+00	5.27379e+01
9.12488e+01	2.61454e+02	2.50303e+03	9.28743e+02	3.95988e+00	2.01694e+00	5.26677e+01
9.21993e+01	2.61531e+02	2.50229e+03	9.28482e+02	3.96040e+00	2.01734e+00	5.25969e+01
9.31498e+01	2.64965e+02	2.50154e+03	9.28216e+02	3.96187e+00	2.01823e+00	4.95904e+01
9.41003e+01	2.65000e+02	2.50080e+03	9.27945e+02	3.96239e+00	2.01863e+00	4.95608e+01
9.78912e+01	2.65034e+02	2.49816e+03	1.04587e+03	1.53351e+00	0.00000e+00	0.00000e+00
1.01682e+02	2.65070e+02	2.49553e+03	1.04748e+03	1.54105e+00	0.00000e+00	0.00000e+00
1.05473e+02	2.65108e+02	2.49291e+03	1.04907e+03	1.54860e+00	0.00000e+00	0.00000e+00
1.09264e+02	2.65148e+02	2.49029e+03	1.05064e+03	1.55617e+00	0.00000e+00	0.00000e+00
1.13055e+02	2.65191e+02	2.48768e+03	1.05220e+03	1.56376e+00	0.00000e+00	0.00000e+00
1.16846e+02	2.65235e+02	2.48507e+03	1.05374e+03	1.57136e+00	0.00000e+00	0.00000e+00
1.20637e+02	2.65282e+02	2.48246e+03	1.05527e+03	1.57896e+00	0.00000e+00	0.00000e+00
1.24427e+02	2.65331e+02	2.47986e+03	1.05678e+03	1.58657e+00	0.00000e+00	0.00000e+00
1.28218e+02	2.65381e+02	2.47727e+03	1.05828e+03	1.59418e+00	0.00000e+00	0.00000e+00
1.32009e+02	2.65433e+02	2.47468e+03	1.05976e+03	1.60179e+00	0.00000e+00	0.00000e+00
1.35800e+02	2.65487e+02	2.47209e+03	1.06123e+03	1.60939e+00	0.00000e+00	0.00000e+00
1.39591e+02	2.65543e+02	2.46951e+03	1.06269e+03	1.61699e+00	0.00000e+00	0.00000e+00
1.43382e+02	2.65600e+02	2.46694e+03	1.06413e+03	1.62458e+00	0.00000e+00	0.00000e+00
1.47173e+02	2.65659e+02	2.46437e+03	1.06556e+03	1.63216e+00	0.00000e+00	0.00000e+00
1.50964e+02	2.65719e+02	2.46180e+03	1.06698e+03	1.63972e+00	0.00000e+00	0.00000e+00
1.54755e+02	2.65781e+02	2.45924e+03	1.06838e+03	1.64727e+00	0.00000e+00	0.00000e+00
1.58545e+02	2.65844e+02	2.45668e+03	1.06977e+03	1.65481e+00	0.00000e+00	0.00000e+00
1.62336e+02	2.65909e+02	2.45413e+03	1.07115e+03	1.66232e+00	0.00000e+00	0.00000e+00
1.66127e+02	2.65975e+02	2.45158e+03	1.07252e+03	1.66981e+00	0.00000e+00	0.00000e+00
1.69918e+02	2.66042e+02	2.44903e+03	1.07387e+03	1.67728e+00	0.00000e+00	0.00000e+00
1.73709e+02	2.66110e+02	2.44649e+03	1.07521e+03	1.68472e+00	0.00000e+00	0.00000e+00
1.77500e+02	2.66180e+02	2.44395e+03	1.07654e+03	1.69214e+00	0.00000e+00	0.00000e+00
1.81291e+02	2.66251e+02	2.44142e+03	1.07786e+03	1.69953e+00	0.00000e+00	0.00000e+00
1.85082e+02	2.66323e+02	2.43889e+03	1.07916e+03	1.70690e+00	0.00000e+00	0.00000e+00
1.88873e+02	2.66396e+02	2.43637e+03	1.08046e+03	1.71423e+00	0.00000e+00	0.00000e+00
1.92663e+02	2.66470e+02	2.43385e+03	1.08174e+03	1.72154e+00	0.00000e+00	0.00000e+00
1.96454e+02	2.66545e+02	2.43133e+03	1.08302e+03	1.72881e+00	0.00000e+00	0.00000e+00
2.00245e+02	2.66622e+02	2.42882e+03	1.08428e+03	1.73605e+00	0.00000e+00	0.00000e+00
2.04036e+02	2.66699e+02	2.42631e+03	1.08553e+03	1.74325e+00	0.00000e+00	0.00000e+00
2.07827e+02	2.66777e+02	2.42381e+03	1.08678e+03	1.75043e+00	0.00000e+00	0.00000e+00
2.11618e+02	2.66856e+02	2.42131e+03	1.08801e+03	1.75757e+00	0.00000e+00	0.00000e+00
2.15409e+02	2.66936e+02	2.41881e+03	1.08923e+03	1.76467e+00	0.00000e+00	0.00000e+00
2.19200e+02	2.67016e+02	2.41632e+03	1.09044e+03	1.77174e+00	0.00000e+00	0.00000e+00
2.22991e+02	2.67098e+02	2.41383e+03	1.09164e+03	1.77877e+00	0.00000e+00	0.00000e+00
2.26781e+02	2.67180e+02	2.41135e+03	1.09284e+03	1.78577e+00	0.00000e+00	0.00000e+00
2.30572e+02	2.67264e+02	2.40887e+03	1.09402e+03	1.79273e+00	0.00000e+00	0.00000e+00
2.34363e+02	2.67347e+02	2.40639e+03	1.09520e+03	1.79966e+00	0.00000e+00	0.00000e+00
2.38154e+02	2.67432e+02	2.40391e+03	1.09636e+03	1.80654e+00	0.00000e+00	0.00000e+00
2.41945e+02	2.67517e+02	2.40144e+03	1.09752e+03	1.81339e+00	0.00000e+00	0.00000e+00
2.45736e+02	2.67603e+02	2.39898e+03	1.09867e+03	1.82020e+00	0.00000e+00	0.00000e+00
2.49527e+02	2.67690e+02	2.39651e+03	1.09981e+03	1.82698e+00	0.00000e+00	0.00000e+00
2.53318e+02	2.67777e+02	2.39406e+03	1.10094e+03	1.83371e+00	0.00000e+00	0.00000e+00
2.57109e+02	2.67865e+02	2.39160e+03	1.10206e+03	1.84041e+00	0.00000e+00	0.00000e+00
2.60899e+02	2.67954e+02	2.38915e+03	1.10318e+03	1.84708e+00	0.00000e+00	0.00000e+00
2.64690e+02	2.68043e+02	2.38670e+03	1.10429e+03	1.85370e+00	0.00000e+00	0.00000e+00
2.68481e+02	2.68132e+02	2.38425e+03	1.10538e+03	1.86029e+00	0.00000e+00	0.00000e+00
2.72272e+02	2.68223e+02	2.38181e+03	1.10648e+03	1.86684e+00	0.00000e+00	0.00000e+00
2.76063e+02	2.68313e+02	2.37937e+03	1.10756e+03	1.87335e+00	0.00000e+00	0.00000e+00
2.79854e+02	2.68405e+02	2.37694e+03	1.10864e+03	1.87982e+00	0.00000e+00	0.00000e+00
2.83645e+02	2.68496e+02	2.37451e+03	1.10971e+03	1.88626e+00	0.00000e+00	0.00000e+00
2.87436e+02	2.68589e+02	2.37208e+03	1.11077e+03	1.89266e+00	0.00000e+00	0.00000e+00
2.91226e+02	2.68681e+02	2.36966e+03	1.11182e+03	1.89903e+00	0.00000e+00	0.00000e+00
2.95017e+02	2.68775e+02	2.36724e+03	1.11287e+03	1.90535e+00	0.00000e+00	0.00000e+00
2.98808e+02	2.68868e+02	2.36482e+03	1.11391e+03	1.91165e+00	0.00000e+00	0.00000e+00
3.02599e+02	2.68962e+02	2.36240e+03	1.11494e+03	1.91790e+00	0.00000e+00	0.00000e+00
3.06390e+02	2.69057e+02	2.35999e+03	1.11597e+03	1.92412e+00	0.00000e+00	0.00000e+00
3.10181e+02	2.69152e+02	2.35758e+03	1.11699e+03	1.93031e+00	0.00000e+00	0.00000e+00
3.13972e+02	2.69247e+02	2.35518e+03	1.11801e+03	1.93646e+00	0.00000e+00	0.00000e+00
3.17763e+02	2.69343e+02	2.35278e+03	1.11901e+03	1.94257e+00	0.00000e+00	0.00000e+00
3.21554e+02	2.69439e+02	2.35038e+03	1.12002e+03	1.94865e+00	0.00000e+00	0.00000e+00
3.25344e+02	2.69535e+02	2.34798e+03	1.12101e+03	1.95470e+00	0.00000e+00	0.00000e+00
3.29135e+02	2.69632e+02	2.34559e+03	1.12200e+03	1.96071e+00	0.00000e+00	0.00000e+00
3.32926e+02	2.69729e+02	2.34320e+03	1.12298e+03	1.96669e+00	0.00000e+00	0.00000e+00
3.36717e+02	2.69826e+02	2.34082e+03	1.12396e+03	1.97264e+00	0.00000e+00	0.00000e+00
3.40508e+02	2.69924e+02	2.33843e+03	1.12493e+03	1.97855e+00	0.00000e+00	0.00000e+00
3.44299e+02	2.70022e+02	2.33606e+03	1.12590e+03	1.98443e+00	0.00000e+00	0.00000e+00
3.48090e+02	2.70121e+02	2.33368e+03	1.12686e+03	1.99028e+00	0.00000e+00	0.00000e+00
3.51881e+02	2.70219e+02	2.33131e+03	1.12781e+03	1.99609e+00	0.00000e+00	0.00000e+00
3.55672e+02	2.70318e+02	2.32894e+03	1.12876e+03	2.00188e+00	0.00000e+00	0.00000e+00
3.59462e+02	2.70418e+02	2.32657e+03	1.12970e+03	2.00763e+00	0.00000e+00	0.00000e+00
3.63253e+02	2.70517e+02	2.32420e+03	1.13064e+03	2.01335e+00	0.00000e+00	0.00000e+00
3.67044e+02	2.70617e+02	2.32184e+03	1.13157e+03	2.01904e+00	0.00000e+00	0.00000e+00
3.70835e+02	2.70717e+02	2.31949e+03	1.13250e+03	2.02470e+00	0.00000e+00	0.00000e+00
3.74626e+02	2.70817e+02	2.31713e+03	1.13342e+03	2.03034e+00	0.00000e+00	0.00000e+00
3.78417e+02	2.70918e+02	2.31478e+03	1.13434e+03	2.03594e+00	0.00000e+00	0.00000e+00
3.82208e+02	2.71018e+02	2.31243e+03	1.13525e+03	2.04151e+00	0.00000e+00	0.00000e+00
3.85999e+02	2.71119e+02	2.31008e+03	1.13616e+03	2.04705e+00	0.00000e+00	0.00000e+00
3.89790e+02	2.71221e+02	2.30774e+03	1.13706e+03	2.05257e+00	0.00000e+00	0.00000e+00
3.93580e+02	2.71322e+02	2.30540e+03	1.13796e+03	2.05805e+00	0.00000e+00	0.00000e+00
3.97371e+02	2.71424e+02	2.30306e+03	1.13885e+03	2.06351e+00	0.00000e+00	0.00000e+00
4.01162e+02	2.71525e+02	2.30073e+03	1.13974e+03	2.06894e+00	0.00000e+00	0.00000e+00
4.04953e+02	2.71627e+02	2.29840e+03	1.14062e+03	2.07435e+00	0.00000e+00	0.00000e+00
4.08744e+02	2.71730e+02	2.29607e+03	1.14150e+03	2.07972e+00	0.00000e+00	0.00000e+00
4.12535e+02	2.71832e+02	2.29374e+03	1.14237e+03	2.08507e+00	0.00000e+00	0.00000e+00
4.16326e+02	2.71935e+02	2.29142e+03	1.14324e+03	2.09040e+00	0.00000e+00	0.00000e+00
4.20117e+02	2.72037e+02	2.28910e+03	1.14411e+03	2.09569e+00	0.00000e+00	0.00000e+00
4.23908e+02	2.72140e+02	2.28678e+03	1.14497e+03	2.10097e+00	0.00000e+00	0.00000e+00
4.27698e+02	2.72243e+02	2.28447e+03	1.14583e+03	2.10621e+00	0.00000e+00	0.00000e+00
4.31489e+02	2.72346e+02	2.28215e+03	1.14668e+03	2.11144e+00	0.00000e+00	0.00000e+00
4.35280e+02	2.72450e+02	2.27984e+03	1.14753e+03	2.11663e+00	0.00000e+00	0.00000e+00
4.39071e+02	2.72553e+02	2.27754e+03	1.14837e+03	2.12181e+00	0.00000e+00	0.00000e+00
4.42862e+02	2.72657e+02	2.27524e+03	1.14921e+03	2.12696e+00	0.00000e+00	0.00000e+00
4.46653e+02	2.72761e+02	2.27293e+03	1.15005e+03	2.13208e+00	0.00000e+00	0.00000e+00
4.50444e+02	2.72864e+02	2.27064e+03	1.15088e+03	2.13718e+00	0.00000e+00	0.00000e+00
4.54235e+02	2.72969e+02	2.26834e+03	1.15171e+03	2.14226e+00	0.00000e+00	0.00000e+00
4.58026e+02	2.73073e+02	2.26605e+03	1.15253e+03	2.14732e+00	0.00000e+00	0.00000e+00
4.61816e+02	2.73177e+02	2.26376e+03	1.15335e+03	2.15235e+00	0.00000e+00	0.00000e+00
4.65607e+02	2.73281e+02	2.26147e+03	1.15417e+03	2.15736e+00	0.00000e+00	0.00000e+00
4.69398e+02	2.73386e+02	2.25919e+03	1.15498e+03	2.16235e+00	0.00000e+00	0.00000e+00
4.73189e+02	2.73490e+02	2.25691e+03	1.15579e+03	2.16731e+00	0.00000e+00	0.00000e+00
4.76980e+02	2.73595e+02	2.25463e+03	1.15660e+03	2.17226e+00	0.00000e+00	0.00000e+00
4.80771e+02	2.73700e+02	2.25235e+03	1.15740e+03	2.17718e+00	0.00000e+00	0.00000e+00
4.84562e+02	2.73805e+02	2.25008e+03	1.15819e+03	2.18209e+00	0.00000e+00	0.00000e+00
4.88353e+02	2.73910e+02	2.24781e+03	1.15899e+03	2.18697e+00	0.00000e+00	0.00000e+00
4.92144e+02	2.74015e+02	2.24554e+03	1.15978e+03	2.19183e+00	0.00000e+00	0.00000e+00
4.95934e+02	2.74120e+02	2.24327e+03	1.16057e+03	2.19667e+00	0.00000e+00	0.00000e+00
4.99725e+02	2.74225e+02	2.24101e+03	1.16135e+03	2.20149e+00	0.00000e+00	0.00000e+00
5.03516e+02	2.74330e+02	2.23875e+03	1.16213e+03	2.20630e+00	0.00000e+00	0.00000e+00
5.07307e+02	2.74436e+02	2.23649e+03	1.16291e+03	2.21108e+00	0.00000e+00	0.00000e+00
5.11098e+02	2.74541e+02	2.23424e+03	1.16368e+03	2.21584e+00	0.00000e+00	0.00000e+00
5.14889e+02	2.74647e+02	2.23199e+03	1.16445e+03	2.22059e+00	0.00000e+00	0.00000e+00
5.18680e+02	2.74752e+02	2.22974e+03	1.16522e+03	2.22531e+00	0.00000e+00	0.00000e+00
5.22471e+02	2.74858e+02	2.22749e+03	1.16598e+03	2.23002e+00	0.00000e+00	0.00000e+00
5.26262e+02	2.74963e+02	2.22524e+03	1.16674e+03	2.23471e+00	0.00000e+00	0.00000e+00
5.30052e+02	2.75069e+02	2.22300e+03	1.16750e+03	2.23938e+00	0.00000e+00	0.00000e+00
5.33843e+02	2.75175e+02	2.22076e+03	1.16826e+03	2.24403e+00	0.00000e+00	0.00000e+00
5.37634e+02	2.75281e+02	2.21853e+03	1.16901e+03	2.24867e+00	0.00000e+00	0.00000e+00
5.41425e+02	2.75387e+02	2.21629e+03	1.16976e+03	2.25328e+00	0.00000e+00	0.00000e+00
5.45216e+02	2.75493e+02	2.21406e+03	1.17050e+03	2.25788e+00	0.00000e+00	0.00000e+00
5.49007e+02	2.75598e+02	2.21183e+03	1.17124e+03	2.26247e+00	0.00000e+00	0.00000e+00
5.52798e+02	2.75704e+02	2.20960e+03	1.17198e+03	2.26703e+00	0.00000e+00	0.00000e+00
5.56589e+02	2.75810e+02	2.20738e+03	1.17272e+03	2.27158e+00	0.00000e+00	0.00000e+00
5.60380e+02	2.75917e+02	2.20516e+03	1.17345e+03	2.27612e+00	0.00000e+00	0.00000e+00
5.64170e+02	2.76023e+02	2.20294e+03	1.17418e+03	2.28063e+00	0.00000e+00	0.00000e+00
5.67961e+02	2.76129e+02	2.20072e+03	1.17491e+03	2.28513e+00	0.00000e+00	0.00000e+00
5.71752e+02	2.76235e+02	2.19851e+03	1.17563e+03	2.28962e+00	0.00000e+00	0.00000e+00
5.75543e+02	2.76341e+02	2.19630e+03	1.17636e+03	2.29409e+00	0.00000e+00	0.00000e+00
5.79334e+02	2.76447e+02	2.19409e+03	1.17707e+03	2.29854e+00	0.00000e+00	0.00000e+00
5.83125e+02	2.76553e+02	2.19188e+03	1.17779e+03	2.30298e+00	0.00000e+00	0.00000e+00
5.86916e+02	2.76660e+02	2.18967e+03	1.17850e+03	2.30740e+00	0.00000e+00	0.00000e+00
5.90707e+02	2.76766e+02	2.18747e+03	1.17921e+03	2.31181e+00	0.00000e+00	0.00000e+00
5.94498e+02	2.76872e+02	2.18527e+03	1.17992e+03	2.31620e+00	0.00000e+00	0.00000e+00
5.98288e+02	2.76978e+02	2.18308e+03	1.18063e+03	2.32058e+00	0.00000e+00	0.00000e+00
6.02079e+02	2.77085e+02	2.18088e+03	1.18133e+03	2.32495e+00	0.00000e+00	0.00000e+00
6.05870e+02	2.77191e+02	2.17869e+03	1.18203e+03	2.32930e+00	0.00000e+00	0.00000e+00
6.09661e+02	2.77297e+02	2.17650e+03	1.18273e+03	2.33363e+00	0.00000e+00	0.00000e+00
6.13452e+02	2.77403e+02	2.17431e+03	1.18342e+03	2.33795e+00	0.00000e+00	0.00000e+00
6.17243e+02	2.77510e+02	2.17213e+03	1.18412e+03	2.34226e+00	0.00000e+00	0.00000e+00
6.21034e+02	2.77616e+02	2.16995e+03	1.18481e+03	2.34656e+00	0.00000e+00	0.00000e+00
6.24825e+02	2.77722e+02	2.16777e+03	1.18549e+03	2.35084e+00	0.00000e+00	0.00000e+00
6.28616e+02	2.77828e+02	2.16559e+03	1.18618e+03	2.35510e+00	0.00000e+00	0.00000e+00
6.32406e+02	2.77934e+02	2.16342e+03	1.18686e+03	2.35936e+00	0.00000e+00	0.00000e+00
6.36197e+02	2.78041e+02	2.16124e+03	1.18754e+03	2.36360e+00	0.00000e+00	0.00000e+00
6.39988e+02	2.78147e+02	2.15907e+03	1.18822e+03	2.36782e+00	0.00000e+00	0.00000e+00
6.43779e+02	2.78253e+02	2.15691e+03	1.18889e+03	2.37204e+00	0.00000e+00	0.00000e+00
6.47570e+02	2.78359e+02	2.15474e+03	1.18956e+03	2.37624e+00	0.00000e+00	0.00000e+00
6.51361e+02	2.78465e+02	2.15258e+03	1.19023e+03	2.38043e+00	0.00000e+00	0.00000e+00
6.55152e+02	2.78572e+02	2.15042e+03	1.19090e+03	2.38460e+00	0.00000e+00	0.00000e+00
6.58943e+02	2.78678e+02	2.14826e+03	1.19157e+03	2.38877e+00	0.00000e+00	0.00000e+00
6.62734e+02	2.78784e+02	2.14610e+03	1.19223e+03	2.39292e+00	0.00000e+00	0.00000e+00
6.66524e+02	2.78890e+02	2.14395e+03	1.19289e+03	2.39706e+00	0.00000e+00	0.00000e+00
6.70315e+02	2.78996e+02	2.14180e+03	1.19355e+03	2.40119e+00	0.00000e+00	0.00000e+00
6.74106e+02	2.79102e+02	2.13965e+03	1.19421e+03	2.40530e+00	0.00000e+00	0.00000e+00
6.77897e+02	2.79208e+02	2.13750e+03	1.19486e+03	2.40941e+00	0.00000e+00	0.00000e+00
6.81688e+02	2.79314e+02	2.13536e+03	1.19551e+03	2.41350e+00	0.00000e+00	0.00000e+00
6.85479e+02	2.79420e+02	2.13322e+03	1.19616e+03	2.41758e+00	0.00000e+00	0.00000e+00
6.89270e+02	2.79561e+02	2.13138e+03	1.39404e+03	4.38867e+00	2.25167e+00	1.25043e+02
6.93061e+02	2.79959e+02	2.12954e+03	1.39401e+03	4.39122e+00	2.25350e+00	1.24086e+02
6.96852e+02	2.80356e+02	2.12771e+03	1.39399e+03	4.39377e+00	2.25533e+00	1.23139e+02
7.00642e+02	2.80754e+02	2.12587e+03	1.39396e+03	4.39632e+00	2.25716e+00	1.22202e+02
7.04433e+02	2.81152e+02	2.12404e+03	1.39393e+03	4.39886e+00	2.25899e+00	1.21275e+02
7.08224e+02	2.81549e+02	2.12221e+03	1.39391e+03	4.40141e+00	2.26082e+00	1.20357e+02
7.12015e+02	2.81937e+02	2.12037e+03	1.39388e+03	4.40395e+00	2.26264e+00	1.19473e+02
7.15806e+02	2.82322e+02	2.11854e+03	1.39386e+03	4.40649e+00	2.26446e+00	1.18602e+02
7.19597e+02	2.82707e+02	2.11671e+03	1.39383e+03	4.40903e+00	2.26629e+00	1.17739e+02
7.23388e+02	2.83092e+02	2.11487e+03	1.39381e+03	4.41156e+00	2.26811e+00	1.16886e+02
7.27179e+02	2.83478e+02	2.11304e+03	1.39378e+03	4.41410e+00	2.26992e+00	1.16040e+02
7.30970e+02	2.83863e+02	2.11121e+03	1.39376e+03	4.41664e+00	2.27174e+00	1.15203e+02
7.34760e+02	2.84246e+02	2.10938e+03	1.39373e+03	4.41917e+00	2.27356e+00	1.14378e+02
7.38551e+02	2.84620e+02	2.10755e+03	1.39371e+03	4.42170e+00	2.27537e+00	1.13582e+02
7.42342e+02	2.84994e+02	2.10572e+03	1.39368e+03	4.42423e+00	2.27718e+00	1.12793e+02
7.46133e+02	2.85368e+02	2.10389e+03	3.52635e+03	4.57377e+00	2.60262e+00	2.26340e+13
8.64796e+02	3.25820e+02	2.08127e+03	3.52635e+03	4.57059e+00	2.59860e+00	6.07713e+11
9.80657e+02	3.65835e+02	2.05865e+03	3.52664e+03	7.99175e+00	4.53985e+00	3.70771e+10
1.09369e+03	4.05413e+02	2.03602e+03	3.52668e+03	7.98408e+00	4.53169e+00	3.99524e+09
1.20386e+03	4.44553e+02	2.01340e+03	3.52653e+03	7.97572e+00	4.52320e+00	6.48941e+08
1.31111e+03	4.83256e+02	1.99078e+03	3.52624e+03	7.96679e+00	4.51444e+00	1.43110e+08
1.41541e+03	5.21522e+02	1.96816e+03	3.52581e+03	7.95738e+00	4.50549e+00	3.98786e+07
1.51671e+03	5.59350e+02	1.94553e+03	3.52527e+03	7.94758e+00	4.49638e+00	1.33439e+07
1.61497e+03	5.96741e+02	1.92291e+03	3.52463e+03	7.93745e+00	4.48715e+00	5.16604e+06
1.71013e+03	6.33695e+02	1.90029e+03	3.52390e+03	7.92702e+00	4.47784e+00	2.25070e+06
1.80217e+03	6.70211e+02	1.87767e+03	3.52308e+03	7.91632e+00	4.46846e+00	1.08041e+06
1.89102e+03	7.06290e+02	1.85504e+03	3.52218e+03	7.90537e+00	4.45902e+00	5.62154e+05
1.97664e+03	7.41932e+02	1.83242e+03	3.52121e+03	7.89418e+00	4.44954e+00	3.12987e+05
2.05897e+03	7.77136e+02	1.80980e+03	3.52016e+03	7.88278e+00	4.44002e+00	1.84558e+05
2.13796e+03	8.11903e+02	1.78718e+03	3.51904e+03	7.87116e+00	4.43048e+00	1.14306e+05
2.21355e+03	8.46233e+02	1.76455e+03	3.51784e+03	7.85933e+00	4.42092e+00	7.38562e+04
2.28569e+03	8.80126e+02	1.74193e+03	3.51657e+03	7.84729e+00	4.41134e+00	4.95062e+04
2.35431e+03	9.13581e+02	1.71931e+03	3.51523e+03	7.83504e+00	4.40175e+00	3.42660e+04
2.41934e+03	9.46598e+02	1.69669e+03	3.51382e+03	7.82258e+00	4.39215e+00	2.43951e+04
2.48072e+03	9.79179e+02	1.67406e+03	3.51233e+03	7.80991e+00	4.38254e+00	1.78048e+04
2.53838e+03	1.01132e+03	1.65144e+03	3.51076e+03	7.79703e+00	4.37292e+00	1.32846e+04
2.59224e+03	1.04303e+03	1.62882e+03	3.50911e+03	7.78392e+00	4.36329e+00	1.01085e+04
2.64221e+03	1.07430e+03	1.60620e+03	3.50739e+03	7.77056e+00	4.35366e+00	7.82789e+03
2.68822e+03	1.10513e+03	1.58357e+03	3.50558e+03	7.75697e+00	4.34401e+00	6.15799e+03
2.73018e+03	1.13552e+03	1.56095e+03	3.50368e+03	7.74311e+00	4.33435e+00	4.91342e+03
2.76799e+03	1.16548e+03	1.53833e+03	3.50170e+03	7.72901e+00	4.32468e+00	3.97079e+03
2.80156e+03	1.19500e+03	1.51571e+03	3.49962e+03	7.71461e+00	4.31499e+00	3.24630e+03
2.83078e+03	1.22408e+03	1.49308e+03	3.49745e+03	7.69992e+00	4.30527e+00	2.68193e+03
2.85554e+03	1.25272e+03	1.47046e+03	3.49518e+03	7.68492e+00	4.29554e+00	2.23684e+03
2.87572e+03	1.28093e+03	1.44784e+03	3.49281e+03	7.66959e+00	4.28578e+00	1.88180e+03
2.89120e+03	1.30870e+03	1.42522e+03	3.49032e+03	7.65391e+00	4.27599e+00	1.59562e+03
2.90185e+03	1.33603e+03	1.40259e+03	3.48772e+03	7.63787e+00	4.26617e+00	1.36268e+03
2.90754e+03	1.36293e+03	1.37997e+03	3.48501e+03	7.62143e+00	4.25629e+00	1.17136e+03
2.90810e+03	1.38939e+03	1.35735e+03	3.48217e+03	7.60459e+00	4.24638e+00	1.01290e+03
2.90338e+03	1.41541e+03	1.33473e+03	3.47920e+03	7.58728e+00	4.23641e+00	8.80625e+02
2.89322e+03	1.44099e+03	1.31210e+03	3.47608e+03	7.56952e+00	4.22638e+00	7.69386e+02
2.87744e+03	1.46614e+03	1.28948e+03	3.47283e+03	7.55124e+00	4.21627e+00	6.75194e+02
2.85584e+03	1.49085e+03	1.26686e+03	3.46942e+03	7.53242e+00	4.20609e+00	5.94918e+02
2.82822e+03	1.51512e+03	1.24424e+03	3.46585e+03	7.51302e+00	4.19582e+00	5.26081e+02
2.79437e+03	1.53895e+03	1.22161e+03	3.46211e+03	7.38256e+00	4.11385e+00	4.66712e+02
2.75403e+03	1.56235e+03	1.19899e+03	3.41305e+03	7.26885e+00	4.04265e+00	4.15228e+02
2.70759e+03	1.58531e+03	1.17637e+03	3.37047e+03	7.24924e+00	4.03251e+00	3.70441e+02
2.65492e+03	1.60783e+03	1.15375e+03	3.36614e+03	7.22896e+00	4.02224e+00	3.31297e+02
2.59526e+03	1.62991e+03	1.13112e+03	3.36161e+03	7.20792e+00	4.01181e+00	2.96863e+02
2.52833e+03	1.65156e+03	1.10850e+03	3.35685e+03	7.18606e+00	4.00119e+00	2.66436e+02
2.45379e+03	1.67277e+03	1.08588e+03	3.35183e+03	7.16328e+00	3.99037e+00	2.39434e+02
2.37130e+03	1.69354e+03	1.06326e+03	3.34655e+03	7.13951e+00	3.97933e+00	2.15375e+02
2.28048e+03	1.71388e+03	1.04063e+03	3.34097e+03	7.11470e+00	3.96804e+00	1.93853e+02
2.18092e+03	1.73378e+03	1.01801e+03	3.33509e+03	7.08870e+00	3.95648e+00	1.74532e+02
2.07218e+03	1.75324e+03	9.95389e+02	3.32887e+03	7.06144e+00	3.94461e+00	1.57127e+02
1.95378e+03	1.77226e+03	9.72766e+02	3.32229e+03	7.03278e+00	3.93239e+00	1.41397e+02
1.82520e+03	1.79085e+03	9.50144e+02	3.31531e+03	6.98623e+00	3.91283e+00	1.27139e+02
1.68587e+03	1.80900e+03	9.27522e+02	3.30462e+03	6.93473e+00	3.89173e+00	1.14180e+02
1.53531e+03	1.82671e+03	9.04899e+02	3.29288e+03	6.90012e+00	3.87826e+00	1.02379e+02
1.37290e+03	1.84398e+03	8.82277e+02	3.28442e+03	6.86335e+00	3.86426e+00	9.16120e+01
1.19774e+03	1.86082e+03	8.59654e+02	3.27539e+03	6.81546e+00	3.83138e+00	8.17644e+01
1.00900e+03	1.87722e+03	8.37032e+02	3.25439e+03	6.73676e+00	3.80226e+00	7.27462e+01
8.06503e+02	1.89318e+03	8.14409e+02	3.23821e+03	6.69022e+00	3.78612e+00	6.44983e+01
5.89011e+02	1.90871e+03	7.91787e+02	3.22703e+03	6.63984e+00	3.76910e+00	5.69445e+01
3.55094e+02	1.92379e+03	7.69164e+02	3.21496e+03	6.58479e+00	3.75104e+00	5.00195e+01
1.03558e+02	1.93844e+03	7.46542e+02	3.20183e+03	6.52415e+00	3.73177e+00	4.36772e+01
-1.66917e+02	1.95266e+03	7.23919e+02	3.18749e+03	6.59642e+00	3.74052e+00	3.78788e+01
-4.57790e+02	1.96643e+03	7.01297e+02	3.19390e+03	6.77234e+00	3.75933e+00	3.25921e+01
-7.72867e+02	1.97977e+03	6.78674e+02	3.20816e+03	6.82924e+00	3.78553e+00	2.77642e+01
-1.11535e+03	1.99267e+03	6.56052e+02	3.22599e+03	6.52198e+00	3.71366e+00	2.33692e+01
-1.48849e+03	2.00514e+03	6.33429e+02	3.17081e+03	6.13580e+00	3.61611e+00	1.93926e+01
-1.88646e+03	2.01716e+03	6.10807e+02	3.09639e+03	6.04300e+00	3.58920e+00	1.58934e+01
-2.30878e+03	2.02875e+03	5.88184e+02	3.07439e+03	5.94570e+00	3.56119e+00	1.28567e+01
-2.76522e+03	2.03990e+03	5.65562e+02	3.05126e+03	5.84193e+00	3.53152e+00	1.02093e+01
-3.25938e+03	2.05062e+03	5.42939e+02	3.02650e+03	5.73096e+00	3.50002e+00	7.93434e+00
-3.79536e+03	2.06089e+03	5.20317e+02	2.99995e+03	5.61195e+00	3.46646e+00	6.01357e+00
-4.37791e+03	2.07073e+03	4.97694e+02	2.97139e+03	5.48395e+00	3.43059e+00	4.42602e+00
-5.01256e+03	2.08014e+03	4.75072e+02	2.94059e+03	5.34584e+00	3.39210e+00	3.14720e+00
-5.70580e+03	2.08910e+03	4.52450e+02	2.90727e+03	5.19629e+00	3.35065e+00	2.14858e+00
-6.46530e+03	2.09763e+03	4.29827e+02	2.87112e+03	5.03376e+00	3.30582e+00	1.39755e+00
-7.30015e+03	2.10572e+03	4.07205e+02	2.83174e+03	4.85640e+00	3.25712e+00	8.57915e-01
-8.22128e+03	2.11337e+03	3.84582e+02	2.78869e+03	4.66200e+00	3.20397e+00	4.91164e-01
-9.24185e+03	2.12059e+03	3.61960e+02	2.74142e+03	4.44789e+00	3.14564e+00	2.58339e-01
-1.03779e+04	2.12737e+03	3.39337e+02	2.68927e+03	4.21081e+00	3.08128e+00	1.22458e-01
-1.16493e+04	2.13371e+03	3.16715e+02	2.63145e+03	3.94675e+00	3.00982e+00	5.10273e-02
-1.30807e+04	2.13961e+03	2.94092e+02	2.56697e+03	3.65072e+00	2.92992e+00	1.80886e-02
-1.47033e+04	2.14508e+03	2.71470e+02	2.49459e+03	3.31639e+00	2.83990e+00	5.22133e-03
-1.65568e+04	2.15011e+03	2.48847e+02	2.41278e+03	2.93569e+00	2.73762e+00	1.15628e-03
-1.86931e+04	2.15470e+03	2.26225e+02	2.31953e+03	2.49813e+00	2.62028e+00	1.80857e-04
-2.11808e+04	2.15885e+03	2.03602e+02	2.21228e+03	1.98981e+00	2.48417e+00	1.77660e-05
-2.41125e+04	2.16257e+03	1.80980e+02	2.08760e+03	1.39195e+00	2.32431e+00	9.23554e-07
-2.76161e+04	2.16585e+03	1.58357e+02	1.94089e+03	6.78655e-01	2.13379e+00	1.96462e-08
-3.18725e+04	2.16869e+03	1.35735e+02	1.76577e+03	-1.86775e-01	1.90284e+00	1.14699e-10
-3.71450e+04	2.17110e+03	1.13112e+02	1.55321e+03	-1.25766e+00	1.61726e+00	9.64736e-14
-4.38249e+04	2.17307e+03	9.04899e+01	1.29013e+03	-2.61331e+00	1.25594e+00	3.96095e-18
-5.24955e+04	2.17460e+03	6.78674e+01	9.57009e+02	-4.37191e+00	7.87415e-01	1.21700e-24
-6.39304e+04	2.17569e+03	4.52450e+01	5.24805e+02	-6.69027e+00	1.69922e-01	1.20611e-34
-7.80399e+04	2.17635e+03	2.26225e+01	-4.50297e+01	-9.55016e+00	-5.91681e-01	3.30240e-49
-7.31973e+04	NaN	0.00000e+00	-7.48016e+02	NaN	NaN	NaN
-7.31973e+04	NaN	0.00000e+00	NaN	NaN	NaN	1.00000e+04
NaN	NaN	0.00000e+00	NaN	NaN	NaN	1.00000e+04
NaN	NaN	0.00000e+00	NaN	NaN	NaN	1.00000e+04
NaN	NaN	0.00000e+00	NaN	NaN	NaN	1.00000e+04
NaN	NaN	0.00000e+00	NaN	NaN	NaN	1.00000e+04
NaN	NaN	0.00000e+00	NaN	NaN	NaN	1.00000e+04
NaN	NaN	0.00000e+00	NaN	NaN	NaN	1.00000e+04
NaN	NaN	0.00000e+00	NaN	NaN	NaN	1.00000e+04
NaN	NaN	0.00000e+00	NaN	NaN	NaN	1.00000e+04
NaN	NaN	0.00000e+00	NaN	NaN	NaN	1.00000e+04
