P (MPa)		T (K)		r (km)		rho (kg m-3)	VP (km s-1)	VS (km s-1)	QS/gamma	
0.00000e+00	9.40000e+01	2.57470e+03	9.32589e+02	3.87821e+00	1.96165e+00	1.72556e+05
1.83114e+00	1.10472e+02	2.57325e+03	9.32589e+02	3.88057e+00	1.96313e+00	2.62128e+04
3.66228e+00	1.29831e+02	2.57180e+03	9.32761e+02	3.88352e+00	1.96491e+00	5.27388e+03
5.49342e+00	1.52583e+02	2.57035e+03	9.32931e+02	3.88738e+00	1.96714e+00	1.34767e+03
7.32456e+00	1.79321e+02	2.56890e+03	9.33101e+02	3.89268e+00	1.97011e+00	4.22074e+02
9.15570e+00	2.10745e+02	2.56746e+03	9.33270e+02	3.90016e+00	1.97418e+00	1.57172e+02
1.09868e+01	2.47675e+02	2.56601e+03	9.33438e+02	3.91053e+00	1.97972e+00	6.78156e+01
1.28180e+01	2.47705e+02	2.56456e+03	9.33606e+02	3.91166e+00	1.98057e+00	6.77758e+01
1.46491e+01	2.47736e+02	2.56312e+03	9.33772e+02	3.91278e+00	1.98143e+00	6.77356e+01
1.64803e+01	2.47767e+02	2.56167e+03	9.33938e+02	3.91389e+00	1.98228e+00	6.76951e+01
1.83114e+01	2.47798e+02	2.56023e+03	9.34103e+02	3.91501e+00	1.98312e+00	6.76542e+01
2.01425e+01	2.47830e+02	2.55879e+03	9.34266e+02	3.91612e+00	1.98397e+00	6.76129e+01
2.19737e+01	2.47861e+02	2.55734e+03	9.34429e+02	3.91722e+00	1.98481e+00	6.75713e+01
2.38048e+01	2.47894e+02	2.55590e+03	9.34590e+02	3.91832e+00	1.98565e+00	6.75293e+01
2.56360e+01	2.47926e+02	2.55446e+03	9.34750e+02	3.91942e+00	1.98649e+00	6.74869e+01
2.74671e+01	2.47959e+02	2.55302e+03	9.34909e+02	3.92051e+00	1.98733e+00	6.74441e+01
2.92983e+01	2.47992e+02	2.55158e+03	9.35066e+02	3.92160e+00	1.98816e+00	6.74009e+01
3.11294e+01	2.48025e+02	2.55014e+03	9.35223e+02	3.92268e+00	1.98899e+00	6.73574e+01
3.29605e+01	2.48059e+02	2.54870e+03	9.35378e+02	3.92376e+00	1.98982e+00	6.73134e+01
3.47917e+01	2.48093e+02	2.54726e+03	9.35531e+02	3.92484e+00	1.99065e+00	6.72691e+01
3.66228e+01	2.48128e+02	2.54583e+03	9.35683e+02	3.92592e+00	1.99147e+00	6.72244e+01
3.84540e+01	2.48163e+02	2.54439e+03	9.35833e+02	3.92699e+00	1.99229e+00	6.71792e+01
4.02851e+01	2.48198e+02	2.54295e+03	9.35982e+02	3.92805e+00	1.99311e+00	6.71337e+01
4.21162e+01	2.48233e+02	2.54152e+03	9.36129e+02	3.92912e+00	1.99393e+00	6.70878e+01
4.39474e+01	2.48269e+02	2.54008e+03	9.36275e+02	3.93018e+00	1.99475e+00	6.70414e+01
4.57785e+01	2.48305e+02	2.53865e+03	9.36418e+02	3.93123e+00	1.99556e+00	6.69946e+01
4.76097e+01	2.48342e+02	2.53722e+03	9.36560e+02	3.93229e+00	1.99638e+00	6.69474e+01
4.94408e+01	2.48379e+02	2.53578e+03	9.36700e+02	3.93334e+00	1.99719e+00	6.68998e+01
5.12719e+01	2.48416e+02	2.53435e+03	9.36838e+02	3.93438e+00	1.99800e+00	6.68518e+01
5.31031e+01	2.48454e+02	2.53292e+03	9.36974e+02	3.93543e+00	1.99880e+00	6.68033e+01
5.49342e+01	2.48492e+02	2.53149e+03	9.37108e+02	3.93647e+00	1.99961e+00	6.67544e+01
5.67654e+01	2.48530e+02	2.53006e+03	9.37240e+02	3.93750e+00	2.00041e+00	6.67051e+01
5.85965e+01	2.48569e+02	2.52863e+03	9.37369e+02	3.93854e+00	2.00121e+00	6.66554e+01
6.04276e+01	2.48608e+02	2.52720e+03	9.37497e+02	3.93957e+00	2.00201e+00	6.66052e+01
6.22588e+01	2.48648e+02	2.52577e+03	9.37621e+02	3.94060e+00	2.00281e+00	6.65545e+01
6.40899e+01	2.48688e+02	2.52435e+03	9.37744e+02	3.94162e+00	2.00361e+00	6.65034e+01
6.59211e+01	2.48728e+02	2.52292e+03	9.37864e+02	3.94264e+00	2.00440e+00	6.64519e+01
6.77522e+01	2.48769e+02	2.52149e+03	9.37981e+02	3.94366e+00	2.00519e+00	6.63999e+01
6.95833e+01	2.48810e+02	2.52007e+03	9.38096e+02	3.94468e+00	2.00598e+00	6.63474e+01
7.14145e+01	2.48852e+02	2.51864e+03	9.38208e+02	3.94569e+00	2.00677e+00	6.62945e+01
7.32456e+01	2.48894e+02	2.51722e+03	9.38318e+02	3.94670e+00	2.00756e+00	6.62411e+01
7.50768e+01	2.48936e+02	2.51579e+03	9.38424e+02	3.94771e+00	2.00835e+00	6.61873e+01
7.69079e+01	2.48979e+02	2.51437e+03	9.38528e+02	3.94872e+00	2.00913e+00	6.61330e+01
7.87390e+01	2.49022e+02	2.51295e+03	9.38628e+02	3.94972e+00	2.00991e+00	6.60782e+01
8.05702e+01	2.49066e+02	2.51153e+03	9.38726e+02	3.95072e+00	2.01070e+00	6.60229e+01
8.24013e+01	2.49110e+02	2.51010e+03	9.38820e+02	3.95172e+00	2.01148e+00	6.59671e+01
8.42325e+01	2.49155e+02	2.50868e+03	9.38911e+02	3.95272e+00	2.01225e+00	6.59109e+01
8.60636e+01	2.49200e+02	2.50726e+03	9.38999e+02	3.95371e+00	2.01303e+00	6.58541e+01
8.78948e+01	2.49245e+02	2.50584e+03	9.39083e+02	3.95470e+00	2.01381e+00	6.57969e+01
8.97259e+01	2.49291e+02	2.50442e+03	9.39164e+02	3.95569e+00	2.01458e+00	6.57392e+01
9.15570e+01	2.49337e+02	2.50301e+03	9.39241e+02	3.95668e+00	2.01535e+00	6.56809e+01
9.33882e+01	2.49384e+02	2.50159e+03	9.39314e+02	3.95766e+00	2.01612e+00	6.56222e+01
9.52193e+01	2.49432e+02	2.50017e+03	9.39384e+02	3.95864e+00	2.01689e+00	6.55630e+01
9.70505e+01	2.49479e+02	2.49875e+03	9.39450e+02	3.95962e+00	2.01766e+00	6.55032e+01
9.88816e+01	2.49528e+02	2.49734e+03	9.39511e+02	3.96060e+00	2.01843e+00	6.54430e+01
1.00713e+02	2.49576e+02	2.49592e+03	9.39569e+02	3.96157e+00	2.01919e+00	6.53822e+01
1.02544e+02	2.49625e+02	2.49451e+03	9.39623e+02	3.96255e+00	2.01996e+00	6.53209e+01
1.04375e+02	2.49675e+02	2.49309e+03	9.39672e+02	3.96352e+00	2.02072e+00	6.52590e+01
1.06206e+02	2.49725e+02	2.49168e+03	9.39717e+02	3.96449e+00	2.02148e+00	6.51966e+01
1.08037e+02	2.49776e+02	2.49026e+03	9.39757e+02	3.96545e+00	2.02224e+00	6.51337e+01
1.09868e+02	2.49827e+02	2.48885e+03	9.39793e+02	3.96642e+00	2.02300e+00	6.50703e+01
1.11700e+02	2.49879e+02	2.48744e+03	9.39824e+02	3.96738e+00	2.02376e+00	6.50063e+01
1.13531e+02	2.49931e+02	2.48603e+03	9.39851e+02	3.96834e+00	2.02452e+00	6.49418e+01
1.15362e+02	2.49984e+02	2.48462e+03	9.39872e+02	3.96930e+00	2.02527e+00	6.48767e+01
1.17193e+02	2.50037e+02	2.48321e+03	9.39888e+02	3.97026e+00	2.02603e+00	6.48111e+01
1.19024e+02	2.50091e+02	2.48179e+03	9.39900e+02	3.97121e+00	2.02678e+00	6.47449e+01
1.20855e+02	2.50145e+02	2.48038e+03	9.39906e+02	3.97216e+00	2.02753e+00	6.46781e+01
1.22686e+02	2.50200e+02	2.47898e+03	9.39907e+02	3.97312e+00	2.02828e+00	6.46108e+01
1.24518e+02	2.50255e+02	2.47757e+03	9.39902e+02	3.97407e+00	2.02903e+00	6.45429e+01
1.26349e+02	2.50311e+02	2.47616e+03	9.39892e+02	3.97501e+00	2.02978e+00	6.44744e+01
1.28180e+02	2.50368e+02	2.47475e+03	9.39877e+02	3.97596e+00	2.03053e+00	6.44054e+01
1.30011e+02	2.50425e+02	2.47334e+03	9.39855e+02	3.97690e+00	2.03128e+00	6.43358e+01
1.31842e+02	2.50483e+02	2.47193e+03	9.39828e+02	3.97785e+00	2.03202e+00	6.42655e+01
1.33673e+02	2.50541e+02	2.47053e+03	9.39795e+02	3.97879e+00	2.03277e+00	6.41947e+01
1.35504e+02	2.50600e+02	2.46912e+03	9.39756e+02	3.97973e+00	2.03351e+00	6.41234e+01
1.37336e+02	2.50659e+02	2.46772e+03	9.39710e+02	3.98066e+00	2.03425e+00	6.40514e+01
1.39167e+02	2.50719e+02	2.46631e+03	9.39659e+02	3.98160e+00	2.03499e+00	6.39788e+01
1.40998e+02	2.50780e+02	2.46490e+03	9.39601e+02	3.98253e+00	2.03573e+00	6.39056e+01
1.42829e+02	2.50841e+02	2.46350e+03	9.39537e+02	3.98347e+00	2.03647e+00	6.38318e+01
1.44660e+02	2.50903e+02	2.46210e+03	9.39466e+02	3.98440e+00	2.03721e+00	6.37574e+01
1.46491e+02	2.50965e+02	2.46069e+03	9.39389e+02	3.98533e+00	2.03795e+00	6.36823e+01
1.48322e+02	2.51028e+02	2.45929e+03	9.39305e+02	3.98626e+00	2.03868e+00	6.36067e+01
1.50154e+02	2.51092e+02	2.45788e+03	9.39215e+02	3.98718e+00	2.03942e+00	6.35304e+01
1.51985e+02	2.51156e+02	2.45648e+03	9.39118e+02	3.98811e+00	2.04015e+00	6.34535e+01
1.53816e+02	2.51221e+02	2.45508e+03	9.39014e+02	3.98903e+00	2.04089e+00	6.33759e+01
1.55647e+02	2.51287e+02	2.45368e+03	9.38903e+02	3.98995e+00	2.04162e+00	6.32977e+01
1.57478e+02	2.51353e+02	2.45228e+03	9.38785e+02	3.99087e+00	2.04235e+00	6.32189e+01
1.59309e+02	2.51420e+02	2.45087e+03	9.38660e+02	3.99179e+00	2.04308e+00	6.31394e+01
1.61140e+02	2.51487e+02	2.44947e+03	9.38529e+02	3.99271e+00	2.04381e+00	6.30593e+01
1.62972e+02	2.51556e+02	2.44807e+03	9.38390e+02	3.99363e+00	2.04454e+00	6.29786e+01
1.64803e+02	2.51625e+02	2.44667e+03	9.38245e+02	3.99454e+00	2.04527e+00	6.28971e+01
1.66634e+02	2.51694e+02	2.44527e+03	9.38093e+02	3.99546e+00	2.04599e+00	6.28150e+01
1.68465e+02	2.51765e+02	2.44387e+03	9.37933e+02	3.99637e+00	2.04672e+00	6.27323e+01
1.70296e+02	2.51836e+02	2.44247e+03	9.37767e+02	3.99728e+00	2.04745e+00	6.26489e+01
1.72127e+02	2.51907e+02	2.44107e+03	9.37595e+02	3.99819e+00	2.04817e+00	6.25648e+01
1.73958e+02	2.51980e+02	2.43967e+03	9.37415e+02	3.99910e+00	2.04889e+00	6.24800e+01
1.75790e+02	2.52053e+02	2.43827e+03	9.37229e+02	4.00000e+00	2.04962e+00	6.23945e+01
1.77621e+02	2.52127e+02	2.43687e+03	9.37036e+02	4.00091e+00	2.05034e+00	6.23084e+01
1.79452e+02	2.52201e+02	2.43547e+03	9.36837e+02	4.00181e+00	2.05106e+00	6.22215e+01
1.81283e+02	2.55000e+02	2.43408e+03	9.36632e+02	4.00348e+00	2.05217e+00	5.90867e+01
1.84880e+02	2.55045e+02	2.43170e+03	1.08205e+03	1.66421e+00	0.00000e+00	0.00000e+00
1.88477e+02	2.55092e+02	2.42932e+03	1.08334e+03	1.67160e+00	0.00000e+00	0.00000e+00
1.92074e+02	2.55140e+02	2.42695e+03	1.08462e+03	1.67895e+00	0.00000e+00	0.00000e+00
1.95672e+02	2.55189e+02	2.42459e+03	1.08589e+03	1.68626e+00	0.00000e+00	0.00000e+00
1.99269e+02	2.55239e+02	2.42222e+03	1.08715e+03	1.69354e+00	0.00000e+00	0.00000e+00
2.02866e+02	2.55290e+02	2.41987e+03	1.08840e+03	1.70077e+00	0.00000e+00	0.00000e+00
2.06463e+02	2.55342e+02	2.41751e+03	1.08964e+03	1.70797e+00	0.00000e+00	0.00000e+00
2.10060e+02	2.55395e+02	2.41516e+03	1.09087e+03	1.71512e+00	0.00000e+00	0.00000e+00
2.13657e+02	2.55450e+02	2.41281e+03	1.09208e+03	1.72224e+00	0.00000e+00	0.00000e+00
2.17254e+02	2.55505e+02	2.41047e+03	1.09329e+03	1.72931e+00	0.00000e+00	0.00000e+00
2.20852e+02	2.55561e+02	2.40812e+03	1.09449e+03	1.73635e+00	0.00000e+00	0.00000e+00
2.24449e+02	2.55618e+02	2.40579e+03	1.09568e+03	1.74334e+00	0.00000e+00	0.00000e+00
2.28046e+02	2.55676e+02	2.40345e+03	1.09686e+03	1.75030e+00	0.00000e+00	0.00000e+00
2.31643e+02	2.55735e+02	2.40112e+03	1.09802e+03	1.75721e+00	0.00000e+00	0.00000e+00
2.35240e+02	2.55795e+02	2.39880e+03	1.09919e+03	1.76408e+00	0.00000e+00	0.00000e+00
2.38837e+02	2.55856e+02	2.39647e+03	1.10034e+03	1.77091e+00	0.00000e+00	0.00000e+00
2.42434e+02	2.55917e+02	2.39415e+03	1.10148e+03	1.77771e+00	0.00000e+00	0.00000e+00
2.46032e+02	2.55979e+02	2.39183e+03	1.10261e+03	1.78446e+00	0.00000e+00	0.00000e+00
2.49629e+02	2.56043e+02	2.38952e+03	1.10374e+03	1.79117e+00	0.00000e+00	0.00000e+00
2.53226e+02	2.56106e+02	2.38721e+03	1.10486e+03	1.79784e+00	0.00000e+00	0.00000e+00
2.56823e+02	2.56171e+02	2.38490e+03	1.10596e+03	1.80447e+00	0.00000e+00	0.00000e+00
2.60420e+02	2.56237e+02	2.38260e+03	1.10706e+03	1.81106e+00	0.00000e+00	0.00000e+00
2.64017e+02	2.56303e+02	2.38030e+03	1.10816e+03	1.81761e+00	0.00000e+00	0.00000e+00
2.67615e+02	2.56370e+02	2.37800e+03	1.10924e+03	1.82412e+00	0.00000e+00	0.00000e+00
2.71212e+02	2.56437e+02	2.37571e+03	1.11032e+03	1.83060e+00	0.00000e+00	0.00000e+00
2.74809e+02	2.56506e+02	2.37342e+03	1.11139e+03	1.83703e+00	0.00000e+00	0.00000e+00
2.78406e+02	2.56575e+02	2.37113e+03	1.11245e+03	1.84343e+00	0.00000e+00	0.00000e+00
2.82003e+02	2.56644e+02	2.36884e+03	1.11351e+03	1.84978e+00	0.00000e+00	0.00000e+00
2.85600e+02	2.56715e+02	2.36656e+03	1.11455e+03	1.85611e+00	0.00000e+00	0.00000e+00
2.89197e+02	2.56786e+02	2.36428e+03	1.11559e+03	1.86239e+00	0.00000e+00	0.00000e+00
2.92795e+02	2.56857e+02	2.36201e+03	1.11663e+03	1.86864e+00	0.00000e+00	0.00000e+00
2.96392e+02	2.56929e+02	2.35973e+03	1.11765e+03	1.87485e+00	0.00000e+00	0.00000e+00
2.99989e+02	2.57002e+02	2.35746e+03	1.11867e+03	1.88102e+00	0.00000e+00	0.00000e+00
3.03586e+02	2.57076e+02	2.35520e+03	1.11969e+03	1.88716e+00	0.00000e+00	0.00000e+00
3.07183e+02	2.57150e+02	2.35293e+03	1.12069e+03	1.89326e+00	0.00000e+00	0.00000e+00
3.10780e+02	2.57225e+02	2.35067e+03	1.12169e+03	1.89933e+00	0.00000e+00	0.00000e+00
3.14377e+02	2.57300e+02	2.34842e+03	1.12269e+03	1.90537e+00	0.00000e+00	0.00000e+00
3.17975e+02	2.57376e+02	2.34616e+03	1.12368e+03	1.91137e+00	0.00000e+00	0.00000e+00
3.21572e+02	2.57452e+02	2.34391e+03	1.12466e+03	1.91733e+00	0.00000e+00	0.00000e+00
3.25169e+02	2.57529e+02	2.34166e+03	1.12563e+03	1.92327e+00	0.00000e+00	0.00000e+00
3.28766e+02	2.57606e+02	2.33942e+03	1.12660e+03	1.92917e+00	0.00000e+00	0.00000e+00
3.32363e+02	2.57684e+02	2.33717e+03	1.12757e+03	1.93504e+00	0.00000e+00	0.00000e+00
3.35960e+02	2.57763e+02	2.33493e+03	1.12852e+03	1.94087e+00	0.00000e+00	0.00000e+00
3.39557e+02	2.57842e+02	2.33270e+03	1.12948e+03	1.94668e+00	0.00000e+00	0.00000e+00
3.43155e+02	2.57921e+02	2.33046e+03	1.13042e+03	1.95245e+00	0.00000e+00	0.00000e+00
3.46752e+02	2.58001e+02	2.32823e+03	1.13136e+03	1.95820e+00	0.00000e+00	0.00000e+00
3.50349e+02	2.58082e+02	2.32600e+03	1.13230e+03	1.96391e+00	0.00000e+00	0.00000e+00
3.53946e+02	2.58163e+02	2.32377e+03	1.13323e+03	1.96959e+00	0.00000e+00	0.00000e+00
3.57543e+02	2.58244e+02	2.32155e+03	1.13415e+03	1.97525e+00	0.00000e+00	0.00000e+00
3.61140e+02	2.58326e+02	2.31933e+03	1.13507e+03	1.98087e+00	0.00000e+00	0.00000e+00
3.64738e+02	2.58409e+02	2.31711e+03	1.13599e+03	1.98647e+00	0.00000e+00	0.00000e+00
3.68335e+02	2.58492e+02	2.31490e+03	1.13690e+03	1.99203e+00	0.00000e+00	0.00000e+00
3.71932e+02	2.58575e+02	2.31268e+03	1.13780e+03	1.99757e+00	0.00000e+00	0.00000e+00
3.75529e+02	2.58659e+02	2.31048e+03	1.13870e+03	2.00309e+00	0.00000e+00	0.00000e+00
3.79126e+02	2.58743e+02	2.30827e+03	1.13959e+03	2.00857e+00	0.00000e+00	0.00000e+00
3.82723e+02	2.58828e+02	2.30606e+03	1.14048e+03	2.01403e+00	0.00000e+00	0.00000e+00
3.86320e+02	2.58904e+02	2.30404e+03	1.23960e+03	4.18571e+00	2.20879e+00	1.23988e+02
3.89918e+02	2.59166e+02	2.30201e+03	1.24016e+03	4.18684e+00	2.20888e+00	1.23988e+02
3.93515e+02	2.59429e+02	2.29999e+03	1.24072e+03	4.18797e+00	2.20897e+00	1.23988e+02
3.97112e+02	2.59691e+02	2.29796e+03	1.24127e+03	4.18911e+00	2.20907e+00	1.23988e+02
4.00709e+02	2.59953e+02	2.29594e+03	1.24183e+03	4.19025e+00	2.20917e+00	1.23988e+02
4.04306e+02	2.60216e+02	2.29392e+03	1.24238e+03	4.19140e+00	2.20927e+00	1.23988e+02
4.07903e+02	2.60470e+02	2.29191e+03	1.24292e+03	4.19255e+00	2.20937e+00	1.23988e+02
4.11500e+02	2.60721e+02	2.28989e+03	1.24347e+03	4.19370e+00	2.20948e+00	1.23988e+02
4.15098e+02	2.60973e+02	2.28787e+03	1.24401e+03	4.19486e+00	2.20959e+00	1.23988e+02
4.18695e+02	2.61225e+02	2.28586e+03	1.24454e+03	4.19602e+00	2.20970e+00	1.23988e+02
4.22292e+02	2.61476e+02	2.28385e+03	1.24508e+03	4.19719e+00	2.20982e+00	1.23988e+02
4.25889e+02	2.61728e+02	2.28184e+03	1.24561e+03	4.19836e+00	2.20993e+00	1.23988e+02
4.29486e+02	2.61980e+02	2.27983e+03	1.24613e+03	4.19953e+00	2.21005e+00	1.23988e+02
4.33083e+02	2.62224e+02	2.27782e+03	1.24666e+03	4.20071e+00	2.21018e+00	1.23988e+02
4.36681e+02	2.62465e+02	2.27581e+03	1.24718e+03	4.20189e+00	2.21030e+00	1.23988e+02
4.40278e+02	2.62706e+02	2.27381e+03	1.24770e+03	4.20308e+00	2.21043e+00	1.23988e+02
4.43875e+02	2.62948e+02	2.27180e+03	1.24821e+03	4.20427e+00	2.21056e+00	1.23988e+02
4.47472e+02	2.63189e+02	2.26980e+03	1.24872e+03	4.20546e+00	2.21070e+00	1.23988e+02
4.51069e+02	2.63431e+02	2.26780e+03	1.24923e+03	4.20666e+00	2.21083e+00	1.23988e+02
4.54666e+02	2.63672e+02	2.26580e+03	1.24974e+03	4.20787e+00	2.21097e+00	1.23988e+02
4.58263e+02	2.63907e+02	2.26380e+03	1.25024e+03	4.20907e+00	2.21111e+00	1.23988e+02
4.61861e+02	2.64138e+02	2.26181e+03	1.25074e+03	4.21028e+00	2.21126e+00	1.23988e+02
4.65458e+02	2.64370e+02	2.25981e+03	1.25123e+03	4.21150e+00	2.21140e+00	1.23988e+02
4.69055e+02	2.64602e+02	2.25782e+03	1.25172e+03	4.21272e+00	2.21155e+00	1.23988e+02
4.72652e+02	2.64833e+02	2.25583e+03	1.25221e+03	4.21394e+00	2.21171e+00	1.23988e+02
4.76249e+02	2.65065e+02	2.25384e+03	1.25270e+03	4.21517e+00	2.21186e+00	1.23988e+02
4.79846e+02	2.65297e+02	2.25185e+03	1.25318e+03	4.21640e+00	2.21202e+00	1.23988e+02
4.83443e+02	2.65522e+02	2.24986e+03	1.25366e+03	4.21763e+00	2.21218e+00	1.23988e+02
4.87041e+02	2.65744e+02	2.24787e+03	1.25414e+03	4.21887e+00	2.21235e+00	1.23988e+02
4.90638e+02	2.65967e+02	2.24589e+03	1.25461e+03	4.22012e+00	2.21251e+00	1.23988e+02
4.94235e+02	2.66189e+02	2.24390e+03	1.25508e+03	4.22136e+00	2.21268e+00	1.23988e+02
4.97832e+02	2.66411e+02	2.24192e+03	1.25555e+03	4.22262e+00	2.21285e+00	1.23988e+02
5.01429e+02	2.66634e+02	2.23994e+03	1.25601e+03	4.22387e+00	2.21303e+00	1.23988e+02
5.05026e+02	2.66856e+02	2.23796e+03	1.25647e+03	4.22513e+00	2.21320e+00	1.23988e+02
5.08623e+02	2.67073e+02	2.23598e+03	1.25693e+03	4.22640e+00	2.21338e+00	1.23988e+02
5.12221e+02	2.67286e+02	2.23400e+03	1.25738e+03	4.22766e+00	2.21357e+00	1.23988e+02
5.15818e+02	2.67500e+02	2.23203e+03	1.25783e+03	4.22894e+00	2.21375e+00	1.23988e+02
5.19415e+02	2.67713e+02	2.23005e+03	1.25828e+03	4.23021e+00	2.21394e+00	1.23988e+02
5.23012e+02	2.67927e+02	2.22808e+03	1.25872e+03	4.23149e+00	2.21413e+00	1.23988e+02
5.26609e+02	2.68140e+02	2.22611e+03	1.25916e+03	4.23278e+00	2.21432e+00	1.23988e+02
5.30206e+02	2.68354e+02	2.22414e+03	1.25960e+03	4.23407e+00	2.21452e+00	1.23988e+02
5.33804e+02	2.68562e+02	2.22217e+03	1.26003e+03	4.23536e+00	2.21472e+00	1.23988e+02
5.37401e+02	2.68767e+02	2.22020e+03	1.26046e+03	4.23666e+00	2.21492e+00	1.23988e+02
5.40998e+02	2.68972e+02	2.21823e+03	1.26089e+03	4.23796e+00	2.21512e+00	1.23988e+02
5.44595e+02	2.69177e+02	2.21627e+03	1.26132e+03	4.23926e+00	2.21533e+00	1.23988e+02
5.48192e+02	2.69382e+02	2.21431e+03	1.26174e+03	4.24057e+00	2.21554e+00	1.23988e+02
5.51789e+02	2.69587e+02	2.21234e+03	1.26216e+03	4.24188e+00	2.21575e+00	1.23988e+02
5.55386e+02	2.69792e+02	2.21038e+03	1.26257e+03	4.24320e+00	2.21596e+00	1.23988e+02
5.58984e+02	2.69992e+02	2.20842e+03	1.26299e+03	4.24452e+00	2.21618e+00	1.23988e+02
5.62581e+02	2.70189e+02	2.20646e+03	1.26339e+03	4.24585e+00	2.21640e+00	1.23988e+02
5.66178e+02	2.70386e+02	2.20451e+03	1.26380e+03	4.24718e+00	2.21662e+00	1.23988e+02
5.69775e+02	2.70583e+02	2.20255e+03	1.26420e+03	4.24851e+00	2.21684e+00	1.23988e+02
5.73372e+02	2.70779e+02	2.20060e+03	1.26460e+03	4.24984e+00	2.21707e+00	1.23988e+02
5.76969e+02	2.70976e+02	2.19864e+03	1.26500e+03	4.25119e+00	2.21730e+00	1.23988e+02
5.80566e+02	2.71173e+02	2.19669e+03	1.26539e+03	4.25253e+00	2.21753e+00	1.23988e+02
5.84164e+02	2.71366e+02	2.19474e+03	1.26578e+03	4.25388e+00	2.21777e+00	1.23988e+02
5.87761e+02	2.71555e+02	2.19279e+03	1.26617e+03	4.25523e+00	2.21800e+00	1.23988e+02
5.91358e+02	2.71744e+02	2.19084e+03	1.26656e+03	4.25659e+00	2.21824e+00	1.23988e+02
5.94955e+02	2.71933e+02	2.18890e+03	1.26694e+03	4.25795e+00	2.21849e+00	1.23988e+02
5.98552e+02	2.72122e+02	2.18695e+03	1.26732e+03	4.25931e+00	2.21873e+00	1.23988e+02
6.02149e+02	2.72311e+02	2.18501e+03	1.26769e+03	4.26068e+00	2.21898e+00	1.23988e+02
6.05747e+02	2.72501e+02	2.18306e+03	1.26806e+03	4.26205e+00	2.21923e+00	1.23988e+02
6.09344e+02	2.72686e+02	2.18112e+03	1.26843e+03	4.26343e+00	2.21948e+00	1.23988e+02
6.12941e+02	2.72868e+02	2.17918e+03	1.26880e+03	4.26481e+00	2.21973e+00	1.23988e+02
6.16538e+02	2.73049e+02	2.17724e+03	1.26916e+03	4.26619e+00	2.21999e+00	1.23988e+02
6.20135e+02	2.73231e+02	2.17531e+03	1.26952e+03	4.26758e+00	2.22025e+00	1.23988e+02
6.23732e+02	2.73413e+02	2.17337e+03	1.26988e+03	4.26897e+00	2.22051e+00	1.23988e+02
6.27329e+02	2.73595e+02	2.17143e+03	1.27023e+03	4.27036e+00	2.22078e+00	1.23988e+02
6.30927e+02	2.73776e+02	2.16950e+03	1.27059e+03	4.27176e+00	2.22104e+00	1.23988e+02
6.34524e+02	2.74025e+02	2.16757e+03	1.27093e+03	4.27317e+00	2.22131e+00	1.23988e+02
6.38121e+02	2.74358e+02	2.16564e+03	1.27127e+03	4.27459e+00	2.22159e+00	1.23988e+02
6.41718e+02	2.74690e+02	2.16387e+03	1.39436e+03	4.35658e+00	2.22858e+00	1.37631e+02
6.45315e+02	2.75022e+02	2.16211e+03	1.39433e+03	4.35901e+00	2.23033e+00	1.36719e+02
6.48912e+02	2.75354e+02	2.16036e+03	1.39431e+03	4.36144e+00	2.23208e+00	1.35815e+02
6.52509e+02	2.75686e+02	2.15860e+03	1.39429e+03	4.36387e+00	2.23383e+00	1.34920e+02
6.56107e+02	2.76018e+02	2.15684e+03	1.39427e+03	4.36630e+00	2.23558e+00	1.34032e+02
6.59704e+02	2.76374e+02	2.15508e+03	1.39425e+03	4.36873e+00	2.23733e+00	1.33090e+02
6.63301e+02	2.76765e+02	2.15332e+03	1.39422e+03	4.37116e+00	2.23908e+00	1.32067e+02
6.66898e+02	2.77155e+02	2.15156e+03	1.39420e+03	4.37359e+00	2.24083e+00	1.31055e+02
6.70495e+02	2.77545e+02	2.14981e+03	1.39417e+03	4.37602e+00	2.24258e+00	1.30054e+02
6.74092e+02	2.77935e+02	2.14805e+03	1.39414e+03	4.37844e+00	2.24432e+00	1.29063e+02
6.77689e+02	2.78325e+02	2.14629e+03	1.39412e+03	4.38087e+00	2.24607e+00	1.28082e+02
6.81287e+02	2.78716e+02	2.14454e+03	1.39409e+03	4.38329e+00	2.24781e+00	1.27112e+02
6.84884e+02	2.79101e+02	2.14278e+03	1.39407e+03	4.38572e+00	2.24955e+00	1.26163e+02
6.88481e+02	2.79478e+02	2.14102e+03	1.39404e+03	4.38814e+00	2.25129e+00	1.25244e+02
6.92078e+02	2.79856e+02	2.13927e+03	1.39402e+03	4.39056e+00	2.25303e+00	1.24333e+02
6.95675e+02	2.80233e+02	2.13751e+03	1.39399e+03	4.39298e+00	2.25477e+00	1.23432e+02
6.99272e+02	2.80610e+02	2.13576e+03	1.39397e+03	4.39539e+00	2.25650e+00	1.22540e+02
7.02870e+02	2.80988e+02	2.13401e+03	1.39394e+03	4.39781e+00	2.25824e+00	1.21656e+02
7.06467e+02	2.81365e+02	2.13225e+03	1.39392e+03	4.40023e+00	2.25997e+00	1.20782e+02
7.10064e+02	2.81738e+02	2.13050e+03	1.39389e+03	4.40264e+00	2.26170e+00	1.19925e+02
7.13661e+02	2.82104e+02	2.12875e+03	1.39387e+03	4.40505e+00	2.26343e+00	1.19093e+02
7.17258e+02	2.82469e+02	2.12699e+03	1.39385e+03	4.40746e+00	2.26516e+00	1.18270e+02
7.20855e+02	2.82835e+02	2.12524e+03	1.39382e+03	4.40987e+00	2.26689e+00	1.17455e+02
7.24452e+02	2.83201e+02	2.12349e+03	1.39380e+03	4.41228e+00	2.26862e+00	1.16647e+02
7.28050e+02	2.83566e+02	2.12174e+03	1.39377e+03	4.41468e+00	2.27034e+00	1.15847e+02
7.31647e+02	2.83932e+02	2.11999e+03	1.39375e+03	4.41709e+00	2.27207e+00	1.15055e+02
7.35244e+02	2.84294e+02	2.11824e+03	1.39373e+03	4.41949e+00	2.27379e+00	1.14276e+02
7.38841e+02	2.84649e+02	2.11649e+03	1.39370e+03	4.42189e+00	2.27551e+00	1.13521e+02
7.42438e+02	2.85003e+02	2.11474e+03	1.39368e+03	4.42429e+00	2.27723e+00	1.12773e+02
7.46035e+02	2.85358e+02	2.11299e+03	1.39366e+03	4.42669e+00	2.27895e+00	1.12032e+02
7.49632e+02	2.85713e+02	2.11124e+03	1.39363e+03	4.42909e+00	2.28067e+00	1.11297e+02
7.53230e+02	2.86068e+02	2.10950e+03	1.39361e+03	4.43149e+00	2.28238e+00	1.10569e+02
7.56827e+02	2.86423e+02	2.10775e+03	1.39359e+03	4.43388e+00	2.28410e+00	1.09848e+02
7.60424e+02	2.86775e+02	2.10600e+03	1.39356e+03	4.43628e+00	2.28581e+00	1.09138e+02
7.64021e+02	2.87120e+02	2.10425e+03	1.39354e+03	4.43867e+00	2.28752e+00	1.08449e+02
7.67618e+02	2.87464e+02	2.10251e+03	1.39352e+03	4.44106e+00	2.28923e+00	1.07766e+02
7.71215e+02	2.87809e+02	2.10076e+03	1.39350e+03	4.44345e+00	2.29094e+00	1.07089e+02
7.74813e+02	2.88154e+02	2.09902e+03	1.39347e+03	4.44584e+00	2.29265e+00	1.06418e+02
7.78410e+02	2.88499e+02	2.09727e+03	3.52702e+03	4.57483e+00	2.60270e+00	1.75202e+13
8.88995e+02	3.26632e+02	2.07609e+03	3.52702e+03	4.57173e+00	2.59886e+00	5.99370e+11
9.97119e+02	3.64378e+02	2.05490e+03	3.52725e+03	7.99403e+00	4.54072e+00	4.23472e+10
1.10276e+03	4.01737e+02	2.03372e+03	3.52726e+03	7.98673e+00	4.53302e+00	4.99869e+09
1.20588e+03	4.38708e+02	2.01253e+03	3.52710e+03	7.97880e+00	4.52501e+00	8.59825e+08
1.30645e+03	4.75293e+02	1.99135e+03	3.52680e+03	7.97036e+00	4.51676e+00	1.96553e+08
1.40443e+03	5.11490e+02	1.97017e+03	3.52639e+03	7.96148e+00	4.50832e+00	5.59920e+07
1.49979e+03	5.47300e+02	1.94898e+03	3.52587e+03	7.95225e+00	4.49974e+00	1.89778e+07
1.59249e+03	5.82723e+02	1.92780e+03	3.52527e+03	7.94270e+00	4.49104e+00	7.39608e+06
1.68249e+03	6.17759e+02	1.90661e+03	3.52458e+03	7.93287e+00	4.48226e+00	3.23005e+06
1.76975e+03	6.52408e+02	1.88543e+03	3.52381e+03	7.92280e+00	4.47340e+00	1.54979e+06
1.85424e+03	6.86670e+02	1.86424e+03	3.52297e+03	7.91250e+00	4.46450e+00	8.04418e+05
1.93592e+03	7.20544e+02	1.84306e+03	3.52207e+03	7.90198e+00	4.45554e+00	4.46183e+05
2.01473e+03	7.54032e+02	1.82187e+03	3.52109e+03	7.89126e+00	4.44656e+00	2.61877e+05
2.09065e+03	7.87132e+02	1.80069e+03	3.52005e+03	7.88036e+00	4.43755e+00	1.61349e+05
2.16363e+03	8.19845e+02	1.77950e+03	3.51895e+03	7.86926e+00	4.42851e+00	1.03674e+05
2.23361e+03	8.52171e+02	1.75832e+03	3.51778e+03	7.85799e+00	4.41947e+00	6.90970e+04
2.30054e+03	8.84110e+02	1.73714e+03	3.51655e+03	7.84653e+00	4.41040e+00	4.75506e+04
2.36439e+03	9.15661e+02	1.71595e+03	3.51526e+03	7.83488e+00	4.40133e+00	3.36592e+04
2.42509e+03	9.46826e+02	1.69477e+03	3.51390e+03	7.82305e+00	4.39224e+00	2.44284e+04
2.48258e+03	9.77603e+02	1.67358e+03	3.51247e+03	7.81103e+00	4.38315e+00	1.81270e+04
2.53681e+03	1.00799e+03	1.65240e+03	3.51098e+03	7.79883e+00	4.37405e+00	1.37203e+04
2.58771e+03	1.03800e+03	1.63121e+03	3.50941e+03	7.78642e+00	4.36495e+00	1.05709e+04
2.63523e+03	1.06761e+03	1.61003e+03	3.50778e+03	7.77382e+00	4.35583e+00	8.27550e+03
2.67928e+03	1.09684e+03	1.58884e+03	3.50608e+03	7.76099e+00	4.34671e+00	6.57253e+03
2.71981e+03	1.12568e+03	1.56766e+03	3.50430e+03	7.74795e+00	4.33758e+00	5.28846e+03
2.75673e+03	1.15414e+03	1.54647e+03	3.50244e+03	7.73469e+00	4.32844e+00	4.30582e+03
2.78997e+03	1.18221e+03	1.52529e+03	3.50050e+03	7.72118e+00	4.31928e+00	3.54362e+03
2.81944e+03	1.20989e+03	1.50410e+03	3.49848e+03	7.70742e+00	4.31011e+00	2.94500e+03
2.84505e+03	1.23718e+03	1.48292e+03	3.49638e+03	7.69339e+00	4.30092e+00	2.46944e+03
2.86672e+03	1.26408e+03	1.46174e+03	3.49419e+03	7.67909e+00	4.29171e+00	2.08762e+03
2.88434e+03	1.29060e+03	1.44055e+03	3.49190e+03	7.66450e+00	4.28248e+00	1.77804e+03
2.89781e+03	1.31674e+03	1.41937e+03	3.48952e+03	7.64959e+00	4.27322e+00	1.52475e+03
2.90702e+03	1.34248e+03	1.39818e+03	3.48703e+03	7.63436e+00	4.26393e+00	1.31573e+03
2.91186e+03	1.36784e+03	1.37700e+03	3.48444e+03	7.61879e+00	4.25460e+00	1.14189e+03
2.91220e+03	1.39281e+03	1.35581e+03	3.48175e+03	7.60285e+00	4.24523e+00	9.96227e+02
2.90792e+03	1.41739e+03	1.33463e+03	3.47893e+03	7.58651e+00	4.23580e+00	8.73326e+02
2.89886e+03	1.44159e+03	1.31344e+03	3.47600e+03	7.56978e+00	4.22634e+00	7.68950e+02
2.88490e+03	1.46540e+03	1.29226e+03	3.47294e+03	7.55259e+00	4.21680e+00	6.79762e+02
2.86587e+03	1.48882e+03	1.27107e+03	3.46974e+03	7.53494e+00	4.20720e+00	6.03109e+02
2.84161e+03	1.51185e+03	1.24989e+03	3.46641e+03	7.51679e+00	4.19753e+00	5.36867e+02
2.81194e+03	1.53450e+03	1.22871e+03	3.46292e+03	7.43990e+00	4.15007e+00	4.79323e+02
2.77668e+03	1.55676e+03	1.20752e+03	3.43553e+03	7.27491e+00	4.04552e+00	4.29089e+02
2.73589e+03	1.57863e+03	1.18634e+03	3.37190e+03	7.25670e+00	4.03601e+00	3.85073e+02
2.68999e+03	1.60012e+03	1.16515e+03	3.36792e+03	7.23796e+00	4.02640e+00	3.46412e+02
2.63810e+03	1.62122e+03	1.14397e+03	3.36376e+03	7.21857e+00	4.01665e+00	3.12224e+02
2.58000e+03	1.64193e+03	1.12278e+03	3.35941e+03	7.19847e+00	4.00675e+00	2.81866e+02
2.51543e+03	1.66226e+03	1.10160e+03	3.35485e+03	7.17764e+00	3.99669e+00	2.54803e+02
2.44411e+03	1.68219e+03	1.08041e+03	3.35006e+03	7.15599e+00	3.98645e+00	2.30588e+02
2.36577e+03	1.70174e+03	1.05923e+03	3.34503e+03	7.13347e+00	3.97600e+00	2.08844e+02
2.28008e+03	1.72091e+03	1.03804e+03	3.33974e+03	7.11001e+00	3.96534e+00	1.89252e+02
2.18671e+03	1.73968e+03	1.01686e+03	3.33418e+03	7.08550e+00	3.95444e+00	1.71542e+02
2.08530e+03	1.75807e+03	9.95675e+02	3.32833e+03	7.05987e+00	3.94326e+00	1.55485e+02
1.97544e+03	1.77607e+03	9.74490e+02	3.32215e+03	7.03303e+00	3.93179e+00	1.40886e+02
1.85671e+03	1.79369e+03	9.53306e+02	3.31563e+03	6.99920e+00	3.91759e+00	1.27575e+02
1.72865e+03	1.81092e+03	9.32121e+02	3.30761e+03	6.93937e+00	3.89277e+00	1.15410e+02
1.59081e+03	1.82776e+03	9.10937e+02	3.29430e+03	6.90733e+00	3.88021e+00	1.04270e+02
1.44287e+03	1.84421e+03	8.89752e+02	3.28649e+03	6.87349e+00	3.86722e+00	9.40561e+01
1.28399e+03	1.86028e+03	8.68568e+02	3.27820e+03	6.83345e+00	3.84516e+00	8.46667e+01
1.11354e+03	1.87595e+03	8.47383e+02	3.26406e+03	6.75884e+00	3.80925e+00	7.60235e+01
9.31096e+02	1.89125e+03	8.26198e+02	3.24354e+03	6.71250e+00	3.79281e+00	6.80673e+01
7.36299e+02	1.90615e+03	8.05014e+02	3.23275e+03	6.66733e+00	3.77731e+00	6.07476e+01
5.27747e+02	1.92067e+03	7.83829e+02	3.22193e+03	6.61855e+00	3.76099e+00	5.39983e+01
3.04479e+02	1.93480e+03	7.62645e+02	3.21027e+03	6.56539e+00	3.74371e+00	4.77764e+01
6.54865e+01	1.94854e+03	7.41460e+02	3.19764e+03	6.50707e+00	3.72532e+00	4.20462e+01
-1.90338e+02	1.96190e+03	7.20276e+02	3.18390e+03	6.62106e+00	3.73857e+00	3.67776e+01
-4.64212e+02	1.97487e+03	6.99091e+02	3.19391e+03	6.72519e+00	3.75831e+00	3.19453e+01
-7.59794e+02	1.98745e+03	6.77906e+02	3.20809e+03	6.65595e+00	3.74885e+00	2.75009e+01
-1.07951e+03	1.99965e+03	6.56722e+02	3.19965e+03	6.23822e+00	3.64402e+00	2.34275e+01
-1.42328e+03	2.01145e+03	6.35537e+02	3.12028e+03	6.14263e+00	3.61677e+00	1.97375e+01
-1.78513e+03	2.02287e+03	6.14353e+02	3.09850e+03	6.05776e+00	3.59209e+00	1.64788e+01
-2.17343e+03	2.03391e+03	5.93168e+02	3.07841e+03	5.96792e+00	3.56616e+00	1.35744e+01
-2.59097e+03	2.04455e+03	5.71984e+02	3.05707e+03	5.87254e+00	3.53883e+00	1.10092e+01
-3.04058e+03	2.05481e+03	5.50799e+02	3.03434e+03	5.77105e+00	3.50994e+00	8.77041e+00
-3.52546e+03	2.06468e+03	5.29614e+02	3.01009e+03	5.66281e+00	3.47932e+00	6.84425e+00
-4.04930e+03	2.07417e+03	5.08430e+02	2.98415e+03	5.54707e+00	3.44677e+00	5.21523e+00
-4.61632e+03	2.08327e+03	4.87245e+02	2.95634e+03	5.42297e+00	3.41207e+00	3.86540e+00
-5.23143e+03	2.09198e+03	4.66061e+02	2.92645e+03	5.28951e+00	3.37495e+00	2.77392e+00
-5.90034e+03	2.10030e+03	4.44876e+02	2.89423e+03	5.14554e+00	3.33510e+00	1.91674e+00
-6.62973e+03	2.10824e+03	4.23692e+02	2.85940e+03	4.98971e+00	3.29216e+00	1.26672e+00
-7.42748e+03	2.11579e+03	4.02507e+02	2.82163e+03	4.82042e+00	3.24571e+00	7.94058e-01
-8.30294e+03	2.12295e+03	3.81322e+02	2.78052e+03	4.63577e+00	3.19524e+00	4.67358e-01
-9.26728e+03	2.12972e+03	3.60138e+02	2.73562e+03	4.43350e+00	3.14015e+00	2.54997e-01
-1.03340e+04	2.13611e+03	3.38953e+02	2.68635e+03	4.21088e+00	3.07971e+00	1.26918e-01
-1.15194e+04	2.14211e+03	3.17769e+02	2.63206e+03	3.96458e+00	3.01303e+00	5.64550e-02
-1.28438e+04	2.14773e+03	2.96584e+02	2.57192e+03	3.69053e+00	2.93904e+00	2.18546e-02
-1.43321e+04	2.15295e+03	2.75399e+02	2.50493e+03	3.38364e+00	2.85638e+00	7.11121e-03
-1.60159e+04	2.15779e+03	2.54215e+02	2.42984e+03	3.03754e+00	2.76334e+00	1.85692e-03
-1.79352e+04	2.16224e+03	2.33030e+02	2.34509e+03	2.64409e+00	2.65777e+00	3.65472e-04
-2.01421e+04	2.16631e+03	2.11846e+02	2.24867e+03	2.19277e+00	2.53686e+00	4.97178e-05
-2.27048e+04	2.16999e+03	1.90661e+02	2.13800e+03	1.66974e+00	2.39692e+00	4.13694e-06
-2.57149e+04	2.17328e+03	1.69477e+02	2.00968e+03	1.05642e+00	2.23302e+00	1.76429e-07
-2.92977e+04	2.17618e+03	1.48292e+02	1.85913e+03	3.27438e-01	2.03839e+00	2.96487e-09
-3.36284e+04	2.17870e+03	1.27107e+02	1.68013e+03	-5.52705e-01	1.80358e+00	1.31194e-11
-3.89568e+04	2.18083e+03	1.05923e+02	1.46394e+03	-1.63463e+00	1.51512e+00	8.06984e-15
-4.56434e+04	2.18257e+03	8.47383e+01	1.19812e+03	-2.99143e+00	1.15354e+00	2.42933e-19
-5.41951e+04	2.18392e+03	6.35537e+01	8.64701e+02	-4.72576e+00	6.91500e-01	6.37871e-26
-6.51678e+04	2.18489e+03	4.23692e+01	4.38452e+02	-6.95032e+00	9.90037e-02	1.11622e-35
-7.76866e+04	2.18547e+03	2.11846e+01	-1.08335e+02	-9.48780e+00	-5.76738e-01	1.29809e-48
-6.53138e+04	NaN	0.00000e+00	-7.32068e+02	NaN	NaN	NaN
-6.53138e+04	NaN	0.00000e+00	NaN	NaN	NaN	1.00000e+04
NaN	NaN	0.00000e+00	NaN	NaN	NaN	1.00000e+04
NaN	NaN	0.00000e+00	NaN	NaN	NaN	1.00000e+04
NaN	NaN	0.00000e+00	NaN	NaN	NaN	1.00000e+04
NaN	NaN	0.00000e+00	NaN	NaN	NaN	1.00000e+04
NaN	NaN	0.00000e+00	NaN	NaN	NaN	1.00000e+04
NaN	NaN	0.00000e+00	NaN	NaN	NaN	1.00000e+04
NaN	NaN	0.00000e+00	NaN	NaN	NaN	1.00000e+04
NaN	NaN	0.00000e+00	NaN	NaN	NaN	1.00000e+04
NaN	NaN	0.00000e+00	NaN	NaN	NaN	1.00000e+04
